0 0.45703125 0.446875 0.0453125 0.09765625
0 0.3734375 0.39609375 0.046875 0.08359375
0 0.3296875 0.3625 0.03671875 0.0734375
0 0.3046875 0.32890625 0.0375 0.0734375
0 0.27734375 0.2796875 0.02734375 0.06328125
0 0.24140625 0.2953125 0.02890625 0.06015625
0 0.29453125 0.26015625 0.0296875 0.04453125
0 0.1921875 0.3171875 0.0328125 0.05859375
0 0.1515625 0.3421875 0.02890625 0.05625
0 0.08125 0.425 0.03515625 0.0734375
0 0.0828125 0.36796875 0.02578125 0.05625
0 0.16484375 0.37265625 0.03359375 0.06953125
0 0.19609375 0.39453125 0.0453125 0.08046875