0 0.21015625 0.23125 0.0203125 0.03828125
0 0.35390625 0.30703125 0.0234375 0.05
0 0.396875 0.28828125 0.0296875 0.05859375
0 0.49453125 0.30234375 0.03203125 0.06015625
0 0.46171875 0.23046875 0.021875 0.046875
0 0.4921875 0.2328125 0.02265625 0.0515625
0 0.4953125 0.2015625 0.02265625 0.0375
0 0.4796875 0.18125 0.0203125 0.0421875
0 0.453125 0.18359375 0.01796875 0.046875
0 0.36875 0.19375 0.01953125 0.046875
0 0.3953125 0.1859375 0.01875 0.040625
0 0.40703125 0.221875 0.0203125 0.04296875
0 0.41171875 0.19140625 0.0203125 0.0359375
0 0.58125 0.1390625 0.0203125 0.03828125
0 0.6109375 0.27734375 0.0328125 0.06328125
0 0.7171875 0.1875 0.02265625 0.03984375
0 0.76640625 0.22109375 0.025 0.05625
0 0.86328125 0.0734375 0.0203125 0.0375