0 0.8328125 0.36484375 0.04921875 0.08203125
0 0.68828125 0.234375 0.0203125 0.05546875
0 0.67578125 0.19453125 0.015625 0.0453125
0 0.65 0.19609375 0.015625 0.0390625
0 0.58515625 0.15390625 0.01875 0.028125
0 0.584375 0.17578125 0.01015625 0.0203125
0 0.58515625 0.20546875 0.01796875 0.04296875
0 0.55703125 0.203125 0.0171875 0.04453125
0 0.43828125 0.18828125 0.02421875 0.02734375
0 0.409375 0.17578125 0.01640625 0.04375
0 0.453125 0.171875 0.01171875 0.03671875
0 0.4703125 0.15859375 0.01484375 0.02890625
0 0.496875 0.15 0.025 0.02890625
0 0.546875 0.15859375 0.01640625 0.03125
0 0.528125 0.19296875 0.0125 0.0484375
0 0.51953125 0.15234375 0.0109375 0.034375
0 0.51171875 0.1453125 0.0109375 0.02578125
0 0.5359375 0.1296875 0.0171875 0.02265625
0 0.4859375 0.11796875 0.009375 0.03046875
0 0.475 0.1328125 0.015625 0.0234375
0 0.46875 0.12109375 0.0171875 0.0234375
0 0.45234375 0.12109375 0.01328125 0.02734375
0 0.45078125 0.1390625 0.0109375 0.0328125
0 0.42578125 0.13125 0.0140625 0.03203125
0 0.4078125 0.14609375 0.015625 0.03671875
0 0.41328125 0.1046875 0.01328125 0.03671875
0 0.39921875 0.11484375 0.0125 0.0328125
0 0.38125 0.10390625 0.01171875 0.0296875
0 0.3734375 0.096875 0.01328125 0.03125
0 0.36796875 0.14609375 0.01328125 0.03828125
0 0.34609375 0.11171875 0.0125 0.0203125
0 0.34765625 0.13515625 0.01328125 0.02734375
0 0.3328125 0.13828125 0.015625 0.0328125
0 0.30078125 0.12578125 0.01953125 0.0453125
0 0.31640625 0.12421875 0.0140625 0.04296875
0 0.49375 0.29453125 0.0203125 0.05859375
0 0.40390625 0.303125 0.03046875 0.065625
0 0.41796875 0.27421875 0.02421875 0.0546875
0 0.38828125 0.25390625 0.02265625 0.05390625
0 0.41796875 0.22734375 0.0171875 0.04765625
0 0.36015625 0.209375 0.02109375 0.046875
0 0.33046875 0.2125 0.01875 0.0359375
0 0.3140625 0.26171875 0.02890625 0.0421875
0 0.3109375 0.32421875 0.03203125 0.0625
0 0.2609375 0.35703125 0.03125 0.0671875
0 0.17421875 0.3546875 0.0265625 0.08046875
0 0.11015625 0.409375 0.03984375 0.08046875
0 0.08984375 0.3234375 0.02578125 0.0515625
0 0.15546875 0.3 0.025 0.04453125
0 0.23984375 0.2734375 0.0328125 0.05859375
0 0.2859375 0.2234375 0.02109375 0.02890625
0 0.33125 0.1796875 0.0125 0.034375
0 0.3078125 0.1703125 0.02265625 0.0421875
0 0.28984375 0.203125 0.015625 0.040625
0 0.25859375 0.17421875 0.01328125 0.04453125
0 0.2859375 0.16953125 0.015625 0.04140625
0 0.253125 0.1203125 0.01796875 0.02578125
0 0.25234375 0.14609375 0.01171875 0.021875
0 0.2203125 0.12890625 0.0140625 0.02734375
0 0.209375 0.153125 0.01875 0.04453125
0 0.22421875 0.16796875 0.015625 0.03203125
0 0.21171875 0.19609375 0.01953125 0.0421875
0 0.18671875 0.1828125 0.01875 0.04921875
0 0.17421875 0.171875 0.0203125 0.0390625
0 0.1640625 0.14921875 0.015625 0.04453125
0 0.1203125 0.15 0.0125 0.04296875
0 0.13359375 0.1734375 0.01796875 0.03046875
0 0.14609375 0.1921875 0.02265625 0.04296875
0 0.1625 0.2125 0.0171875 0.03828125
0 0.05546875 0.16484375 0.01796875 0.05
0 0.0828125 0.16171875 0.015625 0.03203125
0 0.09609375 0.178125 0.01640625 0.02421875
0 0.04765625 0.20546875 0.02578125 0.03046875
0 0.06796875 0.225 0.01640625 0.0359375
0 0.0890625 0.24375 0.02578125 0.04609375
0 0.1125 0.196875 0.02265625 0.046875
0 0.1234375 0.2234375 0.0265625 0.0484375
0 0.1265625 0.26484375 0.0234375 0.05703125
0 0.06015625 0.28125 0.03125 0.04765625
0 0.1984375 0.26015625 0.02734375 0.05390625
0 0.496875 0.20859375 0.01640625 0.04609375
0 0.1328125 0.153125 0.01328125 0.0296875