0 0.75625 0.31484375 0.03984375 0.07265625
0 0.321875 0.20546875 0.02109375 0.04921875
0 0.36171875 0.19921875 0.0203125 0.04140625
0 0.38125 0.184375 0.01796875 0.040625
0 0.4078125 0.17734375 0.01484375 0.03828125
0 0.87734375 0.26875 0.02890625 0.04921875
0 0.8828125 0.240625 0.02578125 0.04609375
0 0.925 0.2640625 0.03359375 0.0359375
0 0.91953125 0.1875 0.021875 0.0453125
0 0.86328125 0.09765625 0.03203125 0.034375
0 0.884375 0.15703125 0.02265625 0.0265625
0 0.8546875 0.153125 0.015625 0.03515625
0 0.82734375 0.159375 0.015625 0.02265625
0 0.79609375 0.1359375 0.01875 0.03671875
0 0.80234375 0.20625 0.02578125 0.0375
0 0.8625 0.215625 0.01953125 0.04140625
0 0.83203125 0.17734375 0.0140625 0.0296875
0 0.7734375 0.1859375 0.02421875 0.03125
0 0.7390625 0.175 0.01953125 0.025
0 0.72421875 0.19140625 0.0171875 0.04140625
0 0.71640625 0.2328125 0.0296875 0.04296875
0 0.65703125 0.23828125 0.0234375 0.04921875
0 0.63671875 0.20546875 0.01796875 0.0453125
0 0.57109375 0.23515625 0.0203125 0.0640625
0 0.6609375 0.19140625 0.01796875 0.05390625
0 0.71484375 0.159375 0.01015625 0.0390625
0 0.6953125 0.18671875 0.021875 0.0328125
0 0.60078125 0.1484375 0.01953125 0.034375
0 0.53828125 0.1296875 0.01328125 0.02578125
0 0.56796875 0.140625 0.01875 0.0265625
0 0.50078125 0.12265625 0.02421875 0.0234375
0 0.43828125 0.1609375 0.009375 0.0296875
0 0.47109375 0.2078125 0.01640625 0.04140625
0 0.5015625 0.19375 0.03125 0.03359375
0 0.55703125 0.1828125 0.0265625 0.04140625
0 0.66484375 0.12578125 0.01875 0.0296875
0 0.640625 0.121875 0.01328125 0.02890625
0 0.609375 0.10859375 0.01328125 0.0359375