0 0.1421875 0.490625 0.05625 0.10390625
0 0.4515625 0.234375 0.025 0.04453125
0 0.41953125 0.21640625 0.025 0.03828125
0 0.39296875 0.2140625 0.01953125 0.04296875
0 0.38046875 0.18359375 0.0203125 0.04296875
0 0.40703125 0.15703125 0.01875 0.03515625
0 0.4703125 0.15390625 0.01796875 0.0359375
0 0.5171875 0.1953125 0.025 0.0515625
0 0.55234375 0.18828125 0.0234375 0.046875
0 0.57734375 0.1265625 0.01796875 0.0328125
0 0.5953125 0.22578125 0.028125 0.05
0 0.62421875 0.25390625 0.0328125 0.05546875
0 0.7078125 0.321875 0.05 0.115625
0 0.92890625 0.24765625 0.028125 0.059375
0 0.8875 0.1796875 0.01953125 0.05078125
0 0.84453125 0.2515625 0.025 0.04453125
0 0.80546875 0.2125 0.025 0.04921875