0 0.45703125 0.47734375 0.0296875 0.07578125
0 0.87265625 0.60703125 0.04140625 0.05703125
0 0.92421875 0.49296875 0.03203125 0.06640625
0 0.93515625 0.40859375 0.02421875 0.07109375
0 0.79453125 0.49765625 0.0328125 0.06171875
0 0.78671875 0.35078125 0.01953125 0.06953125
0 0.753125 0.29453125 0.01484375 0.05390625
0 0.82265625 0.26875 0.021875 0.04296875
0 0.8765625 0.21640625 0.01640625 0.05703125
0 0.81796875 0.18671875 0.02265625 0.053125
0 0.84296875 0.14921875 0.02109375 0.0328125
0 0.7765625 0.1515625 0.0171875 0.028125
0 0.740625 0.12265625 0.01171875 0.03515625
0 0.70625 0.16796875 0.02109375 0.02890625
0 0.7109375 0.20703125 0.02421875 0.02421875
0 0.68515625 0.2421875 0.01796875 0.03515625
0 0.63984375 0.2234375 0.01484375 0.04296875
0 0.54375 0.28515625 0.02734375 0.04375
0 0.44765625 0.303125 0.01796875 0.04765625
0 0.30625 0.3546875 0.02109375 0.06875
0 0.2078125 0.3734375 0.03203125 0.0421875
0 0.06171875 0.3796875 0.02578125 0.03671875
0 0.11953125 0.30546875 0.021875 0.04296875
0 0.1359375 0.2765625 0.0171875 0.04921875
0 0.175 0.2390625 0.015625 0.04375
0 0.215625 0.20703125 0.01640625 0.0609375
0 0.26640625 0.209375 0.01875 0.03359375
0 0.28984375 0.2125 0.0171875 0.02734375
0 0.278125 0.275 0.01953125 0.0375
0 0.38046875 0.240625 0.0234375 0.0375
0 0.41796875 0.2125 0.015625 0.06796875
0 0.34140625 0.1546875 0.0171875 0.04375
0 0.3859375 0.13671875 0.01796875 0.02578125
0 0.48515625 0.17578125 0.01484375 0.05390625
0 0.5171875 0.22578125 0.0296875 0.03828125
0 0.61640625 0.175 0.021875 0.04765625
0 0.5734375 0.16796875 0.0125 0.0515625
0 0.5328125 0.17578125 0.01953125 0.03125
0 0.5296875 0.13359375 0.009375 0.03828125
0 0.51328125 0.1140625 0.0125 0.04453125
0 0.48515625 0.10703125 0.0125 0.0484375
0 0.453125 0.078125 0.01640625 0.04453125
0 0.50859375 0.0703125 0.0125 0.03828125
0 0.56015625 0.090625 0.01015625 0.04375
0 0.603125 0.0921875 0.01796875 0.02734375
0 0.63359375 0.08203125 0.0140625 0.03984375