0 0.48125 0.2640625 0.02578125 0.05078125
0 0.41328125 0.26796875 0.0265625 0.0484375
0 0.37890625 0.28515625 0.025 0.07109375
0 0.325 0.31875 0.03515625 0.05390625
0 0.26015625 0.35703125 0.02890625 0.0703125
0 0.171875 0.34609375 0.03125 0.0578125
0 0.09921875 0.32109375 0.021875 0.0578125
0 0.15546875 0.2953125 0.028125 0.05078125
0 0.21484375 0.26875 0.02734375 0.059375
0 0.1890625 0.24453125 0.021875 0.0421875
0 0.159375 0.2203125 0.0171875 0.05625
0 0.11953125 0.2375 0.01640625 0.05
0 0.128125 0.29765625 0.01953125 0.0546875
0 0.0734375 0.2765625 0.0234375 0.04375
0 0.07421875 0.2390625 0.01640625 0.04375
0 0.1109375 0.20625 0.021875 0.034375
0 0.065625 0.2078125 0.0234375 0.03828125
0 0.06328125 0.178125 0.01640625 0.03359375
0 0.0921875 0.17421875 0.02265625 0.02890625
0 0.1109375 0.17265625 0.01328125 0.0359375
0 0.0921875 0.1609375 0.0125 0.03359375
0 0.1203125 0.1453125 0.015625 0.03125
0 0.12890625 0.1578125 0.01796875 0.034375
0 0.13515625 0.178125 0.02109375 0.03359375
0 0.1453125 0.1859375 0.01796875 0.03046875
0 0.1609375 0.1453125 0.01953125 0.03125
0 0.17421875 0.1625 0.02265625 0.02734375
0 0.18671875 0.17578125 0.02265625 0.03828125
0 0.21171875 0.19609375 0.02265625 0.0390625
0 0.23515625 0.1796875 0.01796875 0.0375
0 0.21484375 0.15546875 0.01328125 0.02890625
0 0.21796875 0.13359375 0.01328125 0.0265625
0 0.23359375 0.140625 0.01171875 0.03671875
0 0.246875 0.12421875 0.0140625 0.02890625
0 0.2609375 0.16953125 0.01640625 0.0421875
0 0.2734375 0.13515625 0.015625 0.03515625
0 0.29375 0.15859375 0.0203125 0.0328125
0 0.29921875 0.2 0.01640625 0.0375
0 0.27734375 0.22265625 0.021875 0.0421875
0 0.334375 0.21015625 0.01640625 0.0421875
0 0.34140625 0.2546875 0.01640625 0.046875
0 0.3640625 0.24140625 0.01796875 0.0515625
0 0.40625 0.22421875 0.015625 0.04296875
0 0.29296875 0.12109375 0.0140625 0.0265625
0 0.303125 0.11953125 0.0109375 0.0171875
0 0.3125 0.1203125 0.0125 0.034375
0 0.34453125 0.1015625 0.02109375 0.02421875
0 0.3453125 0.146875 0.01328125 0.03359375
0 0.36484375 0.13828125 0.0140625 0.02890625
0 0.36796875 0.09375 0.01328125 0.01875
0 0.38671875 0.10078125 0.01328125 0.0203125
0 0.4109375 0.10546875 0.01171875 0.0203125
0 0.4015625 0.11171875 0.01171875 0.01953125
0 0.37734375 0.14140625 0.01328125 0.03515625
0 0.39765625 0.13359375 0.0203125 0.0296875
0 0.3953125 0.1640625 0.02109375 0.046875
0 0.44453125 0.1828125 0.02265625 0.03828125
0 0.43984375 0.1578125 0.0203125 0.03125
0 0.434375 0.13984375 0.0109375 0.03515625
0 0.45234375 0.121875 0.02109375 0.025
0 0.4625 0.13671875 0.01484375 0.0515625
0 0.48984375 0.11015625 0.00859375 0.0234375
0 0.47265625 0.1203125 0.009375 0.01875
0 0.475 0.14609375 0.0140625 0.0390625
0 0.48671875 0.14609375 0.01484375 0.0203125
0 0.50078125 0.12890625 0.01171875 0.02265625
0 0.53125 0.13046875 0.0171875 0.0265625
0 0.52265625 0.15234375 0.01640625 0.02578125
0 0.51171875 0.2296875 0.01796875 0.046875
0 0.525 0.175 0.02421875 0.0375
0 0.5453125 0.16875 0.02421875 0.04140625
0 0.5546875 0.14765625 0.0203125 0.0234375
0 0.5890625 0.15625 0.021875 0.03125
0 0.5765625 0.18046875 0.015625 0.0265625
0 0.5890625 0.19765625 0.01953125 0.03203125
0 0.5546875 0.20859375 0.01953125 0.03515625
0 0.646875 0.2 0.02421875 0.034375
0 0.68203125 0.2 0.02421875 0.0375
0 0.68046875 0.2328125 0.0265625 0.04375
0 0.78828125 0.34296875 0.03203125 0.0953125