0 0.98046875 0.42734375 0.03046875 0.06015625
0 0.14765625 0.528125 0.03046875 0.06875
0 0.06953125 0.48046875 0.0296875 0.0671875
0 0.1375 0.4453125 0.0265625 0.05703125
0 0.26953125 0.5203125 0.040625 0.08359375
0 0.31875 0.459375 0.03359375 0.0640625
0 0.37578125 0.4390625 0.034375 0.06484375
0 0.44453125 0.41953125 0.034375 0.06796875
0 0.4859375 0.4046875 0.02890625 0.05859375
0 0.446875 0.37109375 0.02421875 0.04375
0 0.37421875 0.384375 0.03203125 0.0484375
0 0.39140625 0.3390625 0.02734375 0.04296875
0 0.34765625 0.30859375 0.02421875 0.0421875
0 0.33359375 0.34296875 0.021875 0.05390625
0 0.3171875 0.378125 0.02890625 0.06015625
0 0.24140625 0.4078125 0.02578125 0.05859375
0 0.29140625 0.36328125 0.02421875 0.05546875
0 0.190625 0.4171875 0.025 0.065625
0 0.1671875 0.38671875 0.02265625 0.0484375
0 0.06015625 0.40859375 0.02265625 0.053125
0 0.10234375 0.3703125 0.021875 0.05390625
0 0.053125 0.36171875 0.01953125 0.04921875
0 0.1015625 0.321875 0.01796875 0.0375
0 0.13046875 0.31953125 0.0265625 0.04453125
0 0.16484375 0.31015625 0.02109375 0.03984375
0 0.2171875 0.28984375 0.02109375 0.0453125
0 0.2609375 0.29921875 0.0234375 0.04921875
0 0.3015625 0.31640625 0.02734375 0.05
0 0.31015625 0.275 0.01640625 0.03125
0 0.27890625 0.25703125 0.01953125 0.04140625
0 0.23828125 0.2296875 0.01796875 0.03828125
0 0.1984375 0.23203125 0.01640625 0.04140625
0 0.16796875 0.2546875 0.01875 0.0421875
0 0.134375 0.25859375 0.0171875 0.03671875
0 0.103125 0.26171875 0.015625 0.04296875
0 0.1234375 0.29453125 0.01171875 0.03046875
0 0.12109375 0.26640625 0.0125 0.02890625
0 0.0828125 0.3 0.01875 0.04765625
0 0.04375 0.2875 0.01640625 0.0296875
0 0.296875 0.23671875 0.01484375 0.03359375
0 0.3109375 0.23671875 0.01796875 0.0375
0 0.325 0.22421875 0.01640625 0.028125
0 0.34140625 0.2546875 0.015625 0.0359375
0 0.3796875 0.22890625 0.0125 0.02578125
0 0.37421875 0.20859375 0.0125 0.025
0 0.34765625 0.23515625 0.0140625 0.03125
0 0.41484375 0.2328125 0.0171875 0.028125
0 0.43515625 0.23203125 0.01875 0.03203125
0 0.4640625 0.2625 0.01796875 0.040625
0 0.44765625 0.2625 0.0140625 0.0390625
0 0.42421875 0.2953125 0.015625 0.034375
0 0.46640625 0.32421875 0.021875 0.046875
0 0.484375 0.275 0.01484375 0.034375
0 0.5296875 0.2515625 0.0140625 0.03203125
0 0.515625 0.24140625 0.0125 0.02421875
0 0.51875 0.31484375 0.01328125 0.0390625
0 0.5375 0.34921875 0.021875 0.03984375
0 0.54765625 0.315625 0.0140625 0.03515625
0 0.559375 0.29453125 0.01484375 0.02890625
0 0.57734375 0.309375 0.01640625 0.03515625
0 0.60546875 0.2671875 0.01640625 0.03359375
0 0.58671875 0.2890625 0.0171875 0.03046875
0 0.58046875 0.35078125 0.02265625 0.04453125
0 0.61328125 0.3546875 0.0234375 0.034375
0 0.6328125 0.3015625 0.01953125 0.03828125
0 0.65234375 0.36953125 0.02734375 0.04375
0 0.7078125 0.315625 0.021875 0.0390625
0 0.75703125 0.346875 0.01953125 0.03984375
0 0.73046875 0.35390625 0.0203125 0.0484375
0 0.7046875 0.3734375 0.02421875 0.05078125