0 0.05625 0.24375 0.02578125 0.04921875
0 0.35390625 0.30390625 0.0453125 0.07578125
0 0.540625 0.2265625 0.0296875 0.053125
0 0.58359375 0.22578125 0.02578125 0.040625
0 0.6265625 0.203125 0.0296875 0.053125
0 0.43359375 0.1921875 0.0234375 0.046875
0 0.434375 0.16171875 0.02890625 0.03125
0 0.371875 0.0828125 0.0265625 0.0515625
0 0.36796875 0.2234375 0.03359375 0.0578125
0 0.321875 0.17578125 0.02890625 0.04921875
0 0.30390625 0.2234375 0.00390625 0.00078125
0 0.30078125 0.22265625 0.009375 0.00078125
0 0.31328125 0.2265625 0.03046875 0.04921875