0 0.93828125 0.3640625 0.03203125 0.05234375
0 0.31875 0.3390625 0.025 0.053125
0 0.40078125 0.3390625 0.03359375 0.05703125
0 0.4578125 0.31015625 0.03046875 0.053125
0 0.51796875 0.30859375 0.0234375 0.05859375
0 0.43359375 0.25625 0.02265625 0.05
0 0.38828125 0.2546875 0.02890625 0.0453125
0 0.3359375 0.275 0.01875 0.03359375
0 0.25859375 0.28671875 0.0234375 0.0609375
0 0.209375 0.290625 0.02578125 0.053125
0 0.07578125 0.2828125 0.02734375 0.0546875
0 0.128125 0.23125 0.0203125 0.04375
0 0.175 0.22109375 0.03203125 0.040625
0 0.25078125 0.234375 0.02109375 0.0375
0 0.2640625 0.19765625 0.0171875 0.0453125
0 0.29609375 0.221875 0.02265625 0.04296875
0 0.3 0.17890625 0.0203125 0.040625
0 0.3375 0.2109375 0.02734375 0.0390625
0 0.3734375 0.2109375 0.0234375 0.0359375
0 0.3484375 0.17421875 0.01640625 0.034375
0 0.3109375 0.15078125 0.02109375 0.0453125
0 0.3 0.09921875 0.01484375 0.03125
0 0.28359375 0.1421875 0.0203125 0.02734375
0 0.265625 0.12578125 0.01953125 0.04296875
0 0.24375 0.121875 0.01484375 0.02890625
0 0.2171875 0.11796875 0.01328125 0.03359375
0 0.22890625 0.13203125 0.01328125 0.03046875
0 0.23046875 0.16015625 0.0171875 0.03359375
0 0.2515625 0.1484375 0.01640625 0.03359375
0 0.20234375 0.18203125 0.02109375 0.04375
0 0.1796875 0.1625 0.01640625 0.0265625
0 0.19921875 0.146875 0.0109375 0.01953125
0 0.1859375 0.1296875 0.0109375 0.02578125
0 0.16328125 0.1375 0.01328125 0.0265625
0 0.14296875 0.15625 0.01640625 0.04140625
0 0.12734375 0.12421875 0.015625 0.028125
0 0.125 0.14921875 0.01171875 0.02421875
0 0.125 0.17109375 0.0109375 0.025
0 0.10390625 0.19609375 0.01953125 0.03515625
0 0.10859375 0.15859375 0.01015625 0.0359375
0 0.1 0.13046875 0.01015625 0.02265625
0 0.065625 0.1578125 0.01796875 0.025
0 0.06640625 0.1765625 0.015625 0.01796875
0 0.07109375 0.19921875 0.01875 0.028125
0 0.34453125 0.1125 0.01171875 0.02265625
0 0.35703125 0.1109375 0.0125 0.02890625
0 0.378125 0.11875 0.01640625 0.028125
0 0.4015625 0.10390625 0.02265625 0.0234375
0 0.40546875 0.121875 0.009375 0.02890625
0 0.384375 0.15 0.01875 0.0375
0 0.43671875 0.1125 0.01328125 0.021875
0 0.4640625 0.140625 0.0125 0.0328125
0 0.44609375 0.1484375 0.01796875 0.01640625
0 0.425 0.16171875 0.015625 0.0359375
0 0.4546875 0.19375 0.015625 0.03046875
0 0.49453125 0.14921875 0.009375 0.02421875
0 0.48046875 0.1640625 0.01015625 0.02890625
0 0.5109375 0.1390625 0.01796875 0.02109375
0 0.52421875 0.14375 0.01171875 0.02421875
0 0.5140625 0.16484375 0.01484375 0.01953125
0 0.5046875 0.19609375 0.01640625 0.02734375
0 0.5234375 0.22578125 0.028125 0.04453125
0 0.5484375 0.1921875 0.0125 0.028125
0 0.54453125 0.146875 0.0140625 0.03984375
0 0.53046875 0.19140625 0.01328125 0.02421875
0 0.5671875 0.18828125 0.01640625 0.02109375
0 0.58046875 0.1703125 0.0109375 0.0171875
0 0.5578125 0.22734375 0.01015625 0.03203125
0 0.5859375 0.22578125 0.0203125 0.03125
0 0.62734375 0.2296875 0.0234375 0.028125
0 0.61640625 0.19765625 0.01328125 0.02421875
0 0.6515625 0.22890625 0.02890625 0.02578125
0 0.68125 0.21875 0.02421875 0.02109375
0 0.58671875 0.284375 0.025 0.04140625
0 0.653125 0.27578125 0.021875 0.0375
0 0.6734375 0.271875 0.0203125 0.04296875
0 0.70078125 0.271875 0.01796875 0.0453125
0 0.74375 0.28828125 0.01484375 0.0296875
0 0.70390625 0.24765625 0.02265625 0.028125