0 0.115625 0.31015625 0.021875 0.04921875
0 0.225 0.1828125 0.0171875 0.0390625
0 0.390625 0.253125 0.021875 0.04609375
0 0.3625 0.17578125 0.0171875 0.034375
0 0.45625 0.21484375 0.02109375 0.0359375
0 0.48203125 0.30390625 0.02890625 0.053125
0 0.4140625 0.15625 0.01484375 0.0375
0 0.52890625 0.134375 0.01484375 0.0328125
0 0.55859375 0.125 0.0171875 0.0375
0 0.5828125 0.11484375 0.01484375 0.03125
0 0.60625 0.25546875 0.0265625 0.05390625
0 0.67265625 0.1828125 0.02421875 0.05859375
0 0.6625 0.30390625 0.03125 0.065625
0 0.534375 0.321875 0.0328125 0.059375
0 0.7734375 0.26640625 0.025 0.05625
0 0.7984375 0.30078125 0.02578125 0.059375
0 0.91796875 0.153125 0.01796875 0.03125
0 0.88984375 0.1390625 0.02421875 0.0484375
0 0.8984375 0.2953125 0.0296875 0.06171875