0 0.15703125 0.34375 0.0328125 0.06015625
0 0.06953125 0.2890625 0.02421875 0.04140625
0 0.11015625 0.140625 0.0296875 0.059375
0 0.17890625 0.13984375 0.025 0.053125
0 0.16328125 0.2390625 0.021875 0.0515625
0 0.2765625 0.296875 0.028125 0.06796875
0 0.290625 0.1234375 0.01953125 0.04140625
0 0.321875 0.1875 0.02265625 0.04375
0 0.35859375 0.2609375 0.02734375 0.05390625
0 0.378125 0.14765625 0.01875 0.0390625
0 0.409375 0.17734375 0.02265625 0.046875
0 0.45 0.196875 0.025 0.04765625
0 0.490625 0.184375 0.021875 0.04609375
0 0.5109375 0.225 0.02265625 0.0515625
0 0.55546875 0.22265625 0.0234375 0.05078125
0 0.66015625 0.21640625 0.01953125 0.0375