0 0.83359375 0.27109375 0.03828125 0.071875
0 0.740625 0.21015625 0.0328125 0.04765625
0 0.7015625 0.19296875 0.01484375 0.0421875
0 0.68515625 0.184375 0.0234375 0.03828125
0 0.528125 0.17890625 0.02265625 0.04765625
0 0.42265625 0.1421875 0.02265625 0.04609375
0 0.43984375 0.2703125 0.0234375 0.0625
0 0.384375 0.24375 0.03359375 0.06171875
0 0.3390625 0.18046875 0.02109375 0.04765625
0 0.30078125 0.18828125 0.021875 0.0421875
0 0.31953125 0.21484375 0.01953125 0.04765625
0 0.2921875 0.25078125 0.0234375 0.05625
0 0.2453125 0.240625 0.0234375 0.05546875
0 0.259375 0.28203125 0.02578125 0.0546875