0 0.92578125 0.28203125 0.03359375 0.05078125
0 0.6015625 0.15078125 0.03515625 0.05078125
0 0.56796875 0.16953125 0.02265625 0.0453125
0 0.3453125 0.1328125 0.015625 0.02890625
0 0.365625 0.14765625 0.01484375 0.03359375
0 0.3875 0.11953125 0.0140625 0.0359375
0 0.17734375 0.2640625 0.0265625 0.053125
0 0.23203125 0.15546875 0.01640625 0.03671875
0 0.1296875 0.19609375 0.02265625 0.040625
0 0.0609375 0.20390625 0.01875 0.03515625
0 0.10625 0.2609375 0.0171875 0.04296875
0 0.07890625 0.26171875 0.02734375 0.05
0 0.25 0.153125 0.01875 0.04453125
0 0.3453125 0.1671875 0.021875 0.025