0 0.94765625 0.4 0.03984375 0.0703125
0 0.32109375 0.32890625 0.034375 0.06171875
0 0.3890625 0.32890625 0.028125 0.053125
0 0.4375 0.29140625 0.02734375 0.05
0 0.521875 0.3078125 0.0265625 0.0484375
0 0.21796875 0.2890625 0.028125 0.05390625
0 0.28046875 0.29921875 0.02890625 0.046875
0 0.30859375 0.25546875 0.021875 0.04140625
0 0.0765625 0.27421875 0.02421875 0.04765625
0 0.128125 0.22578125 0.01875 0.03125
0 0.071875 0.1953125 0.01875 0.03203125
0 0.06640625 0.16015625 0.01484375 0.03203125
0 0.09921875 0.1359375 0.015625 0.03203125
0 0.1125 0.19921875 0.0171875 0.03359375
0 0.1546875 0.18046875 0.01640625 0.03828125
0 0.20078125 0.1765625 0.01875 0.0328125
0 0.22421875 0.21875 0.02109375 0.0390625
0 0.25 0.18671875 0.01796875 0.0359375
0 0.2921875 0.228125 0.02109375 0.0359375
0 0.33515625 0.215625 0.0203125 0.040625
0 0.384375 0.2015625 0.01796875 0.040625
0 0.39453125 0.253125 0.02265625 0.04140625
0 0.4328125 0.24453125 0.021875 0.03828125
0 0.109375 0.16796875 0.0171875 0.02578125
0 0.12890625 0.12734375 0.015625 0.02578125
0 0.134375 0.14453125 0.01640625 0.0296875
0 0.14453125 0.15625 0.0125 0.0265625
0 0.16953125 0.13984375 0.0140625 0.02578125
0 0.18671875 0.1625 0.01328125 0.0296875
0 0.18671875 0.13046875 0.0125 0.02734375
0 0.2015625 0.13359375 0.0125 0.02734375
0 0.2125 0.1265625 0.0125 0.02578125
0 0.22890625 0.12734375 0.01328125 0.028125
0 0.2359375 0.15859375 0.015625 0.02578125
0 0.26328125 0.159375 0.0140625 0.03046875
0 0.2953125 0.18046875 0.01953125 0.0359375
0 0.34453125 0.18203125 0.0171875 0.0328125
0 0.31953125 0.1515625 0.0171875 0.03203125
0 0.2890625 0.14453125 0.01484375 0.0296875
0 0.25 0.13203125 0.0140625 0.028125
0 0.2609375 0.12421875 0.01171875 0.02890625
0 0.29609375 0.10078125 0.0140625 0.028125
0 0.32890625 0.12421875 0.01328125 0.02734375
0 0.3484375 0.1140625 0.0140625 0.02734375
0 0.3578125 0.10625 0.01015625 0.021875
0 0.375 0.1421875 0.01484375 0.03046875
0 0.38828125 0.11796875 0.01484375 0.02421875
0 0.40546875 0.1078125 0.01015625 0.02578125
0 0.42890625 0.11328125 0.0140625 0.02421875
0 0.41484375 0.159375 0.01640625 0.03046875
0 0.43515625 0.15078125 0.01484375 0.02421875
0 0.45 0.19609375 0.01796875 0.03828125
0 0.465625 0.14453125 0.0140625 0.025
0 0.45703125 0.165625 0.01328125 0.028125
0 0.5125 0.1328125 0.0140625 0.02578125
0 0.5421875 0.1703125 0.0140625 0.0265625
0 0.521875 0.16796875 0.01328125 0.02421875
0 0.52734375 0.19453125 0.0171875 0.0265625
0 0.5703125 0.1765625 0.01484375 0.02421875
0 0.58984375 0.178125 0.015625 0.0265625
0 0.57265625 0.21796875 0.015625 0.034375
0 0.54140625 0.2203125 0.01796875 0.040625
0 0.51484375 0.22578125 0.021875 0.03203125
0 0.61171875 0.22578125 0.01875 0.0296875
0 0.628125 0.21640625 0.01640625 0.0296875
0 0.65234375 0.2203125 0.01875 0.0328125
0 0.6875 0.225 0.015625 0.0296875
0 0.74453125 0.28359375 0.0171875 0.02578125
0 0.70234375 0.26328125 0.01953125 0.0359375
0 0.6546875 0.26796875 0.01875 0.03125
0 0.59453125 0.29765625 0.02265625 0.0421875