0 0.07421875 0.28203125 0.03359375 0.05078125
0 0.3984375 0.15078125 0.03515625 0.05078125
0 0.43203125 0.16953125 0.02265625 0.0453125
0 0.6546875 0.1328125 0.015625 0.02890625
0 0.634375 0.14765625 0.01484375 0.03359375
0 0.6125 0.11953125 0.0140625 0.0359375
0 0.82265625 0.2640625 0.0265625 0.053125
0 0.76796875 0.15546875 0.01640625 0.03671875
0 0.8703125 0.19609375 0.02265625 0.040625
0 0.9390625 0.20390625 0.01875 0.03515625
0 0.89375 0.2609375 0.0171875 0.04296875
0 0.92109375 0.26171875 0.02734375 0.05
0 0.75 0.153125 0.01875 0.04453125
0 0.6546875 0.1671875 0.021875 0.025