0 0.23828125 0.4484375 0.046875 0.11953125
0 0.34375 0.2734375 0.01796875 0.05
0 0.434375 0.26875 0.0203125 0.04921875
0 0.6328125 0.30546875 0.028125 0.05546875
0 0.6875 0.3625 0.03203125 0.0640625
0 0.76484375 0.2484375 0.0265625 0.06171875
0 0.86640625 0.32265625 0.02421875 0.06484375
0 0.903125 0.3 0.02421875 0.05703125
0 0.93515625 0.3125 0.0265625 0.059375
0 0.47578125 0.2453125 0.0171875 0.053125
0 0.44453125 0.21640625 0.0140625 0.03828125
0 0.4234375 0.2109375 0.0140625 0.03828125
0 0.37890625 0.20625 0.01796875 0.040625
0 0.56953125 0.275 0.0234375 0.04609375
0 0.409375 0.1796875 0.0171875 0.03046875
0 0.4375 0.184375 0.01875 0.0328125
0 0.45625 0.1890625 0.0140625 0.03828125
0 0.47578125 0.20234375 0.0140625 0.03203125
0 0.5125 0.21015625 0.0171875 0.03359375
0 0.5453125 0.2140625 0.02109375 0.040625
0 0.55703125 0.17734375 0.01953125 0.02890625
0 0.5953125 0.178125 0.02734375 0.03515625
0 0.50625 0.12421875 0.01953125 0.0265625
0 0.47734375 0.153125 0.01953125 0.0359375
0 0.58515625 0.1265625 0.01484375 0.03046875
0 0.61953125 0.1140625 0.0109375 0.03046875
0 0.6703125 0.121875 0.01171875 0.03203125
0 0.7125 0.121875 0.01484375 0.0234375
0 0.79921875 0.140625 0.01328125 0.02265625
0 0.95078125 0.17578125 0.0171875 0.0265625
0 0.846875 0.16796875 0.01875 0.0265625
0 0.80234375 0.1734375 0.01484375 0.021875
0 0.76953125 0.16796875 0.015625 0.0265625
0 0.75625 0.146875 0.01640625 0.02734375
0 0.5421875 0.1484375 0.01953125 0.03359375
0 0.64765625 0.246875 0.01953125 0.03359375
0 0.7265625 0.30625 0.028125 0.05390625
0 0.80703125 0.278125 0.03515625 0.04453125
0 0.71875 0.1984375 0.02109375 0.0421875
0 0.759375 0.20625 0.0171875 0.040625
0 0.80703125 0.22109375 0.02109375 0.04375
0 0.78984375 0.203125 0.015625 0.034375
0 0.6828125 0.20234375 0.02578125 0.04296875
0 0.690625 0.1375 0.01796875 0.03828125
0 0.646875 0.13515625 0.015625 0.03359375
0 0.61171875 0.1328125 0.01875 0.02734375
0 0.8875 0.18984375 0.015625 0.0390625
0 0.8734375 0.20390625 0.01328125 0.03125
0 0.853125 0.23125 0.01953125 0.03515625
0 0.90234375 0.228125 0.015625 0.0328125
0 0.91796875 0.20078125 0.02109375 0.03203125
0 0.9609375 0.209375 0.01796875 0.03515625
0 0.94609375 0.24296875 0.0140625 0.0375