0 0.046875 0.3953125 0.03515625 0.0765625
0 0.66484375 0.3453125 0.03203125 0.05703125
0 0.70859375 0.28203125 0.02734375 0.05859375
0 0.7765625 0.28828125 0.02578125 0.0484375
0 0.79765625 0.23125 0.02578125 0.05078125
0 0.8640625 0.22265625 0.01953125 0.03828125
0 0.91015625 0.28046875 0.0203125 0.05078125
0 0.9171875 0.19375 0.01875 0.0453125
0 0.9 0.2015625 0.015625 0.0484375
0 0.871875 0.17265625 0.01484375 0.03046875
0 0.853125 0.18515625 0.01953125 0.0296875
0 0.84609375 0.15546875 0.01640625 0.03203125
0 0.865625 0.13515625 0.0125 0.0359375
0 0.8921875 0.12578125 0.0109375 0.02265625
0 0.890625 0.1609375 0.01328125 0.02265625
0 0.91484375 0.1609375 0.0125 0.02734375
0 0.928125 0.1546875 0.0125 0.028125
0 0.82890625 0.1328125 0.01953125 0.03203125
0 0.81171875 0.159375 0.0203125 0.02890625
0 0.790625 0.17109375 0.0140625 0.040625
0 0.78828125 0.128125 0.01171875 0.0359375
0 0.76640625 0.13515625 0.0171875 0.03359375
0 0.75234375 0.153125 0.015625 0.02421875
0 0.7328125 0.18984375 0.01875 0.03984375
0 0.7453125 0.2328125 0.025 0.04140625
0 0.69765625 0.20703125 0.02109375 0.0375
0 0.69296875 0.17578125 0.01328125 0.03515625
0 0.6765625 0.15390625 0.0140625 0.0375
0 0.70703125 0.1375 0.015625 0.03125
0 0.7234375 0.128125 0.0140625 0.03203125
0 0.74140625 0.1125 0.0125 0.02890625
0 0.73984375 0.14453125 0.01171875 0.02734375
0 0.6578125 0.2125 0.02265625 0.0421875
0 0.6515625 0.16875 0.0140625 0.03671875
0 0.6546875 0.2640625 0.025 0.05390625
0 0.603125 0.32578125 0.04140625 0.0640625
0 0.609375 0.259375 0.025 0.0515625
0 0.6078125 0.2171875 0.01953125 0.04609375
0 0.5640625 0.2390625 0.028125 0.05234375
0 0.525 0.30625 0.021875 0.06328125
0 0.48671875 0.29296875 0.021875 0.0625
0 0.6875 0.103125 0.01171875 0.0328125
0 0.66953125 0.1140625 0.01328125 0.0234375
0 0.65234375 0.11328125 0.0125 0.03203125
0 0.640625 0.09453125 0.01640625 0.02734375
0 0.621875 0.14140625 0.01640625 0.0296875
0 0.6109375 0.11171875 0.01328125 0.02578125
0 0.58828125 0.0921875 0.0140625 0.02578125
0 0.58515625 0.11640625 0.01171875 0.0234375
0 0.57890625 0.15390625 0.01171875 0.0328125
0 0.5609375 0.175 0.0125 0.04140625
0 0.5625 0.13984375 0.00859375 0.028125
0 0.553125 0.11171875 0.01484375 0.0375
0 0.5328125 0.13359375 0.015625 0.04140625
0 0.534375 0.18671875 0.01875 0.04140625
0 0.50078125 0.1703125 0.0109375 0.03671875
0 0.48515625 0.21484375 0.02578125 0.04140625
0 0.47265625 0.18984375 0.0125 0.02265625
0 0.47265625 0.1640625 0.0125 0.03203125
0 0.48046875 0.13125 0.0109375 0.0234375
0 0.4671875 0.14375 0.009375 0.02421875
0 0.446875 0.1375 0.0109375 0.02421875
0 0.4515625 0.1640625 0.0140625 0.02734375
0 0.44765625 0.21953125 0.01640625 0.05078125
0 0.43515625 0.19296875 0.01484375 0.03359375
0 0.41328125 0.16953125 0.01484375 0.0375
0 0.409375 0.225 0.01484375 0.0328125
0 0.37578125 0.21953125 0.0140625 0.03203125
0 0.37890625 0.1953125 0.0171875 0.034375
0 0.33984375 0.21640625 0.015625 0.0375
0 0.3796875 0.31015625 0.0234375 0.05
0 0.3328125 0.284375 0.0203125 0.05390625
0 0.3125 0.22265625 0.01796875 0.03828125
0 0.2984375 0.259375 0.0234375 0.0390625
0 0.25 0.28203125 0.0171875 0.04375