0 0.1359375 0.559375 0.040625 0.07890625
0 0.81640625 0.49296875 0.025 0.0640625
0 0.83203125 0.45546875 0.021875 0.05234375
0 0.9109375 0.46640625 0.0296875 0.0484375
0 0.9046875 0.39921875 0.02421875 0.059375
0 0.8484375 0.378125 0.025 0.053125
0 0.859375 0.34609375 0.015625 0.04453125
0 0.8765625 0.32578125 0.01328125 0.05
0 0.91796875 0.36953125 0.02578125 0.053125
0 0.8984375 0.30859375 0.01640625 0.040625
0 0.92109375 0.3109375 0.01328125 0.0375
0 0.9265625 0.2765625 0.0109375 0.03203125
0 0.8828125 0.275 0.01796875 0.0359375
0 0.8640625 0.2625 0.01015625 0.03046875
0 0.85 0.27578125 0.00859375 0.03828125
0 0.8375 0.271875 0.0125 0.0328125
0 0.83515625 0.31640625 0.01640625 0.0390625
0 0.8046875 0.30546875 0.01796875 0.02578125
0 0.80234375 0.359375 0.02578125 0.0515625
0 0.7734375 0.43359375 0.034375 0.06328125
0 0.79921875 0.24765625 0.015625 0.03984375
0 0.77265625 0.240625 0.0140625 0.03125
0 0.7734375 0.29453125 0.01640625 0.0375
0 0.715625 0.40390625 0.02265625 0.065625
0 0.6890625 0.54609375 0.03515625 0.07109375
0 0.62890625 0.46953125 0.03203125 0.06953125
0 0.609375 0.428125 0.034375 0.06015625
0 0.6578125 0.38359375 0.02109375 0.06796875
0 0.6796875 0.3671875 0.02109375 0.053125
0 0.6859375 0.309375 0.01484375 0.0453125
0 0.7265625 0.259375 0.02109375 0.03203125
0 0.6984375 0.25390625 0.01328125 0.040625
0 0.73984375 0.23125 0.01953125 0.03125
0 0.7 0.30078125 0.0125 0.0328125
0 0.66171875 0.27890625 0.01484375 0.028125
0 0.625 0.2984375 0.01328125 0.04296875
0 0.640625 0.35 0.01953125 0.04765625
0 0.5953125 0.32578125 0.025 0.03046875
0 0.58828125 0.37109375 0.025 0.03984375
0 0.5234375 0.3671875 0.02578125 0.04453125
0 0.54453125 0.41484375 0.01875 0.0453125
0 0.49140625 0.396875 0.02421875 0.0640625
0 0.6796875 0.2296875 0.0125 0.0359375
0 0.665625 0.23515625 0.0171875 0.025
0 0.66171875 0.20703125 0.01796875 0.0265625
0 0.63046875 0.22421875 0.0109375 0.03359375
0 0.63359375 0.24609375 0.01953125 0.0359375
0 0.59296875 0.24921875 0.0203125 0.028125
0 0.58125 0.24296875 0.01484375 0.03359375
0 0.60078125 0.221875 0.01328125 0.028125
0 0.5625 0.2265625 0.0109375 0.02265625
0 0.56328125 0.2703125 0.015625 0.04296875
0 0.55078125 0.28359375 0.0140625 0.02890625
0 0.53828125 0.2484375 0.01796875 0.03203125
0 0.51640625 0.24140625 0.02109375 0.03515625
0 0.51796875 0.27890625 0.0125 0.0359375
0 0.50078125 0.26328125 0.01328125 0.03515625
0 0.48828125 0.2703125 0.015625 0.0296875
0 0.45703125 0.253125 0.0125 0.03359375
0 0.47109375 0.271875 0.0140625 0.02734375
0 0.4703125 0.31484375 0.015625 0.03671875
0 0.44296875 0.3421875 0.0203125 0.0453125
0 0.43359375 0.309375 0.0203125 0.034375
0 0.44140625 0.26640625 0.0125 0.0328125
0 0.42421875 0.26171875 0.0171875 0.03515625
0 0.38984375 0.2546875 0.01328125 0.0296875
0 0.4046875 0.2828125 0.015625 0.0296875
0 0.40625 0.30234375 0.0140625 0.025
0 0.4046875 0.33515625 0.01796875 0.03828125
0 0.38515625 0.34375 0.01640625 0.04296875
0 0.353125 0.2953125 0.01640625 0.03046875
0 0.34609375 0.32421875 0.02578125 0.02890625
0 0.35703125 0.35078125 0.02265625 0.053125
0 0.29140625 0.3078125 0.01953125 0.03359375
0 0.284375 0.3765625 0.01796875 0.03984375
0 0.2625 0.34921875 0.02109375 0.05859375
0 0.23046875 0.33828125 0.02734375 0.05625