0 0.934375 0.25234375 0.02109375 0.0453125
0 0.86953125 0.2765625 0.028125 0.05078125
0 0.8125 0.2578125 0.025 0.05
0 0.73203125 0.23515625 0.028125 0.04609375
0 0.6671875 0.17890625 0.01953125 0.0359375
0 0.62890625 0.2234375 0.02890625 0.04609375
0 0.6703125 0.2265625 0.02578125 0.04375
0 0.62734375 0.3265625 0.0265625 0.05859375
0 0.63828125 0.27265625 0.025 0.05703125
0 0.67265625 0.3453125 0.034375 0.0828125
0 0.634375 0.13046875 0.021875 0.03671875
0 0.54453125 0.19609375 0.015625 0.028125
0 0.48203125 0.17890625 0.01875 0.0390625
0 0.4609375 0.1515625 0.0171875 0.02421875
0 0.44296875 0.190625 0.01640625 0.03203125
0 0.4171875 0.20859375 0.01953125 0.04140625
0 0.43125 0.2703125 0.02109375 0.04296875
0 0.44921875 0.2359375 0.0203125 0.03671875
0 0.36015625 0.19453125 0.0171875 0.034375
0 0.3109375 0.23671875 0.02109375 0.0421875
0 0.178125 0.2359375 0.02578125 0.03984375
0 0.15390625 0.2453125 0.02109375 0.0359375
0 0.08984375 0.26640625 0.021875 0.03828125