0 0.06171875 0.24609375 0.040625 0.07265625
0 0.0578125 0.1828125 0.02109375 0.05234375
0 0.0890625 0.16640625 0.02421875 0.0515625
0 0.1625 0.10625 0.0140625 0.0546875
0 0.16875 0.08828125 0.01484375 0.05078125
0 0.196875 0.08984375 0.021875 0.05859375
0 0.2296875 0.11875 0.0109375 0.0375
0 0.35625 0.20234375 0.0265625 0.05
0 0.5375 0.17265625 0.05078125 0.0546875
0 0.64140625 0.2015625 0.021875 0.04375
0 0.84453125 0.26171875 0.01484375 0.0390625
0 0.81875 0.30703125 0.05078125 0.0796875
0 0.834375 0.44140625 0.03671875 0.08515625