0 0.81796875 0.4828125 0.0359375 0.08046875
0 0.23828125 0.34921875 0.0234375 0.08125
0 0.2734375 0.33046875 0.02890625 0.05625
0 0.3296875 0.33046875 0.02734375 0.03984375
0 0.46953125 0.35703125 0.02109375 0.06875
0 0.51640625 0.346875 0.03046875 0.05625
0 0.62734375 0.2859375 0.02578125 0.03671875
0 0.67265625 0.30234375 0.01953125 0.0609375
0 0.71484375 0.2828125 0.0265625 0.046875
0 0.73125 0.26015625 0.01171875 0.0296875
0 0.08828125 0.3796875 0.0390625 0.05078125
0 0.1296875 0.34765625 0.034375 0.05234375
0 0.2234375 0.284375 0.025 0.04609375
0 0.27265625 0.2609375 0.02421875 0.04765625
0 0.3890625 0.25390625 0.02265625 0.04609375
0 0.42265625 0.24140625 0.02109375 0.03046875
0 0.52890625 0.22734375 0.03359375 0.0296875
0 0.56328125 0.24765625 0.01640625 0.03828125
0 0.60859375 0.215625 0.025 0.01953125
0 0.628125 0.190625 0.01953125 0.0234375
0 0.5859375 0.11171875 0.01953125 0.0296875
0 0.55703125 0.19140625 0.01875 0.025
0 0.5953125 0.1890625 0.01640625 0.0328125
0 0.578125 0.17421875 0.01171875 0.0359375
0 0.07890625 0.1578125 0.0125 0.04296875
0 0.08828125 0.203125 0.01640625 0.02734375
0 0.08984375 0.24140625 0.02421875 0.02109375
0 0.11015625 0.28828125 0.0203125 0.0328125
0 0.1453125 0.26015625 0.025 0.0296875
0 0.12734375 0.21484375 0.02109375 0.034375
0 0.12265625 0.1953125 0.0140625 0.03671875
0 0.13984375 0.1265625 0.01171875 0.03359375
0 0.14609375 0.1578125 0.01796875 0.0234375
0 0.17265625 0.19921875 0.0203125 0.03984375
0 0.19765625 0.2546875 0.0171875 0.04765625
0 0.1734375 0.121875 0.0140625 0.01640625
0 0.17421875 0.1484375 0.02265625 0.025
0 0.2203125 0.20078125 0.01796875 0.046875
0 0.25546875 0.22421875 0.021875 0.03203125
0 0.22421875 0.1265625 0.01171875 0.0265625
0 0.24296875 0.15625 0.0140625 0.0328125
0 0.2875 0.19765625 0.025 0.02890625
0 0.3171875 0.23515625 0.0203125 0.0421875
0 0.3140625 0.19296875 0.01328125 0.0390625
0 0.34921875 0.221875 0.01796875 0.04375
0 0.37421875 0.225 0.01484375 0.0375
0 0.34609375 0.17578125 0.01796875 0.03046875
0 0.25625 0.11796875 0.0171875 0.03046875
0 0.309375 0.1078125 0.01484375 0.025
0 0.340625 0.1171875 0.0125 0.0359375
0 0.3734375 0.1078125 0.02578125 0.025
0 0.39375 0.1078125 0.021875 0.01796875
0 0.41640625 0.11875 0.02109375 0.0265625
0 0.446875 0.11875 0.0171875 0.03515625
0 0.47734375 0.140625 0.01875 0.034375
0 0.4921875 0.14609375 0.0171875 0.03671875
0 0.5234375 0.15390625 0.0125 0.04765625
0 0.35703125 0.1453125 0.021875 0.02578125
0 0.3953125 0.14921875 0.0171875 0.02109375
0 0.4296875 0.18125 0.021875 0.0453125
0 0.4828125 0.178125 0.0140625 0.02265625
0 0.453125 0.1953125 0.01171875 0.040625
0 0.51796875 0.19140625 0.01484375 0.04140625