0 0.93046875 0.30625 0.03125 0.06875
0 0.65703125 0.17734375 0.01640625 0.0375
0 0.646875 0.19296875 0.01875 0.03203125
0 0.6609375 0.22421875 0.0203125 0.04921875
0 0.590625 0.20390625 0.01796875 0.040625
0 0.58125 0.17578125 0.01640625 0.03046875
0 0.575 0.146875 0.0140625 0.03046875
0 0.5625 0.23515625 0.0234375 0.046875
0 0.525 0.2265625 0.02109375 0.0515625
0 0.54765625 0.1796875 0.021875 0.04453125
0 0.54765625 0.15078125 0.0171875 0.03046875
0 0.5265625 0.184375 0.01953125 0.04765625
0 0.5015625 0.140625 0.0140625 0.03125
0 0.48828125 0.125 0.0125 0.028125
0 0.49609375 0.15859375 0.01640625 0.02890625
0 0.47734375 0.13125 0.0140625 0.03125
0 0.46640625 0.134375 0.01484375 0.0234375
0 0.47109375 0.1578125 0.01640625 0.03515625
0 0.4375 0.15390625 0.01796875 0.03359375
0 0.44921875 0.11796875 0.01640625 0.03203125
0 0.446875 0.18828125 0.0203125 0.046875
0 0.415625 0.175 0.02109375 0.03671875
0 0.41015625 0.14453125 0.01640625 0.03203125
0 0.4015625 0.12421875 0.0171875 0.0359375
0 0.38828125 0.11484375 0.0140625 0.0265625
0 0.36796875 0.10390625 0.0140625 0.02890625
0 0.34453125 0.10546875 0.01328125 0.0203125
0 0.3421875 0.11796875 0.01328125 0.0234375
0 0.35 0.13828125 0.01484375 0.02734375
0 0.38125 0.13984375 0.01640625 0.03125
0 0.36796875 0.159375 0.01796875 0.03515625
0 0.378125 0.20625 0.02265625 0.04609375
0 0.42421875 0.24453125 0.03046875 0.05078125
0 0.48515625 0.28515625 0.03046875 0.0578125
0 0.44765625 0.30078125 0.0328125 0.07265625
0 0.38828125 0.2640625 0.0234375 0.046875
0 0.37890625 0.2984375 0.0328125 0.07265625
0 0.33828125 0.21328125 0.021875 0.04296875
0 0.3328125 0.17421875 0.01875 0.03984375
0 0.32265625 0.12734375 0.01484375 0.03125
0 0.3203125 0.10546875 0.0125 0.021875
0 0.30078125 0.1203125 0.0125 0.01875
0 0.2984375 0.159375 0.015625 0.034375
0 0.2984375 0.1375 0.015625 0.02421875
0 0.29765625 0.190625 0.02265625 0.04140625
0 0.2921875 0.2265625 0.028125 0.05
0 0.33125 0.26875 0.0296875 0.05859375
0 0.3234375 0.33203125 0.034375 0.0765625
0 0.2734375 0.14453125 0.01640625 0.03359375
0 0.25625 0.12578125 0.01484375 0.03203125
0 0.22109375 0.1328125 0.01640625 0.03203125
0 0.24609375 0.1515625 0.01484375 0.028125
0 0.2625 0.17421875 0.0171875 0.0359375
0 0.23359375 0.18359375 0.0171875 0.0359375
0 0.22265625 0.203125 0.01796875 0.0390625
0 0.20390625 0.17265625 0.01640625 0.03515625
0 0.16640625 0.153125 0.01484375 0.0328125
0 0.13046875 0.1609375 0.01484375 0.028125
0 0.190625 0.2 0.01953125 0.03671875
0 0.1765625 0.18125 0.01484375 0.03828125
0 0.153125 0.1890625 0.015625 0.03203125
0 0.13984375 0.18984375 0.01640625 0.03984375
0 0.10625 0.1921875 0.01953125 0.046875
0 0.0984375 0.18515625 0.01484375 0.0328125
0 0.0640625 0.171875 0.021875 0.034375
0 0.06875 0.20546875 0.02109375 0.034375
0 0.06484375 0.25703125 0.021875 0.04921875
0 0.12578125 0.22734375 0.0234375 0.05234375
0 0.0875 0.27265625 0.02421875 0.04140625
0 0.08984375 0.3140625 0.02578125 0.05625
0 0.1328125 0.2859375 0.02421875 0.06328125
0 0.15625 0.3015625 0.02421875 0.05859375
0 0.1609375 0.2171875 0.01640625 0.04453125
0 0.184375 0.25546875 0.025 0.046875
0 0.20546875 0.2875 0.03203125 0.0578125
0 0.171875 0.353125 0.03359375 0.075
0 0.24296875 0.33984375 0.03671875 0.0703125