0 0.13125 0.559375 0.05 0.0921875
0 0.8296875 0.5265625 0.03671875 0.0859375
0 0.7125 0.5484375 0.0453125 0.08984375
0 0.63515625 0.48984375 0.04375 0.078125
0 0.5953125 0.46953125 0.0328125 0.07265625
0 0.53828125 0.4234375 0.034375 0.07578125
0 0.46875 0.42265625 0.03671875 0.0578125
0 0.91953125 0.4890625 0.0375 0.071875
0 0.86796875 0.384375 0.034375 0.065625
0 0.78125 0.4421875 0.04140625 0.06484375
0 0.72421875 0.41875 0.03515625 0.0609375
0 0.66796875 0.38828125 0.03046875 0.0578125
0 0.609375 0.3921875 0.03671875 0.065625
0 0.81953125 0.36796875 0.03203125 0.06015625
0 0.3125 0.40078125 0.03671875 0.05234375
0 0.27265625 0.38828125 0.0328125 0.0578125
0 0.44609375 0.35546875 0.03125 0.05625
0 0.55234375 0.28125 0.02734375 0.0421875
0 0.6859375 0.3265625 0.02734375 0.040625
0 0.7171875 0.3046875 0.02734375 0.04453125
0 0.21640625 0.3515625 0.02421875 0.04609375
0 0.2484375 0.36796875 0.02265625 0.0453125
0 0.3765625 0.34296875 0.01875 0.04609375
0 0.34453125 0.30625 0.0203125 0.03515625
0 0.278125 0.32421875 0.02578125 0.0375
0 0.446875 0.26796875 0.0171875 0.03984375
0 0.540625 0.36875 0.0265625 0.0421875
0 0.503125 0.33671875 0.025 0.0453125
0 0.5171875 0.28515625 0.02109375 0.03671875
0 0.67421875 0.28671875 0.0203125 0.034375
0 0.38828125 0.27109375 0.02109375 0.03359375
0 0.64296875 0.25625 0.02109375 0.03828125
0 0.40546875 0.35078125 0.028125 0.04453125
0 0.40234375 0.3109375 0.02421875 0.03671875
0 0.46484375 0.32734375 0.028125 0.0359375
0 0.821875 0.3046875 0.0265625 0.03828125
0 0.86640625 0.2875 0.0234375 0.040625
0 0.8859375 0.25859375 0.02109375 0.0359375
0 0.85078125 0.26328125 0.01875 0.03515625
0 0.81796875 0.25 0.02421875 0.040625
0 0.790625 0.24375 0.0203125 0.0359375
0 0.77734375 0.29375 0.02421875 0.04921875
0 0.75 0.2546875 0.021875 0.03828125
0 0.709375 0.26484375 0.021875 0.03984375
0 0.60234375 0.25859375 0.01875 0.02890625
0 0.56796875 0.25234375 0.0203125 0.03203125
0 0.6109375 0.2140625 0.0203125 0.03203125
0 0.665625 0.21484375 0.01796875 0.02890625
0 0.903125 0.34375 0.01875 0.05078125
0 0.9265625 0.35 0.02890625 0.04609375
0 0.94375 0.37578125 0.02265625 0.04609375
0 0.86171875 0.4765625 0.04375 0.06484375
0 0.69609375 0.37734375 0.03203125 0.04609375