0 0.928125 0.1609375 0.02109375 0.0390625
0 0.89296875 0.1453125 0.02265625 0.0296875
0 0.871875 0.125 0.01640625 0.03984375
0 0.82734375 0.08359375 0.015625 0.0296875
0 0.9 0.2921875 0.03046875 0.0765625
0 0.821875 0.3046875 0.0375 0.06796875
0 0.7671875 0.27890625 0.034375 0.07578125
0 0.7046875 0.2484375 0.03671875 0.05390625
0 0.68828125 0.340625 0.03046875 0.0921875
0 0.65390625 0.21953125 0.03359375 0.0375
0 0.6015625 0.25078125 0.02109375 0.0625
0 0.5328125 0.31640625 0.0234375 0.06171875
0 0.4765625 0.33359375 0.053125 0.0484375
0 0.46015625 0.22265625 0.0296875 0.04453125
0 0.56015625 0.1859375 0.0203125 0.046875
0 0.5828125 0.1203125 0.015625 0.0390625
0 0.565625 0.12890625 0.0203125 0.02734375
0 0.5328125 0.12109375 0.01640625 0.040625
0 0.5109375 0.125 0.01328125 0.0359375
0 0.48671875 0.134375 0.01640625 0.0375
0 0.4171875 0.1609375 0.021875 0.03515625
0 0.39921875 0.21953125 0.0140625 0.0296875
0 0.38828125 0.278125 0.02109375 0.0359375
0 0.35703125 0.2265625 0.01484375 0.034375
0 0.36015625 0.1921875 0.01328125 0.04765625
0 0.1765625 0.4828125 0.04140625 0.10390625