0 0.82109375 0.4890625 0.04375 0.06953125
0 0.11328125 0.375 0.0359375 0.06328125
0 0.1875 0.41875 0.025 0.05625
0 0.26875 0.32265625 0.02734375 0.06640625
0 0.31015625 0.30234375 0.02734375 0.05
0 0.378125 0.30078125 0.03203125 0.05390625
0 0.459375 0.32421875 0.03125 0.04609375
0 0.50390625 0.31953125 0.02265625 0.046875
0 0.44921875 0.26171875 0.01796875 0.03203125
0 0.378125 0.21171875 0.015625 0.0359375
0 0.33671875 0.221875 0.01875 0.0265625
0 0.30390625 0.2265625 0.01953125 0.0328125
0 0.2734375 0.24765625 0.01796875 0.03125
0 0.22734375 0.28203125 0.025 0.0453125
0 0.1328125 0.26875 0.0171875 0.03984375
0 0.18359375 0.28671875 0.0203125 0.0421875
0 0.096875 0.20546875 0.01953125 0.04140625
0 0.11953125 0.215625 0.02109375 0.0359375
0 0.1703125 0.19375 0.0171875 0.034375
0 0.24453125 0.22734375 0.0203125 0.03671875
0 0.19296875 0.24921875 0.021875 0.03125
0 0.22578125 0.184375 0.01796875 0.03046875
0 0.2671875 0.190625 0.01875 0.0328125
0 0.26171875 0.14765625 0.01640625 0.02578125
0 0.3046875 0.1546875 0.02421875 0.03125
0 0.22421875 0.14453125 0.02109375 0.0234375
0 0.25390625 0.121875 0.01484375 0.0234375
0 0.2359375 0.11875 0.0109375 0.02109375
0 0.203125 0.09765625 0.02265625 0.034375
0 0.17734375 0.103125 0.01328125 0.02890625
0 0.140625 0.078125 0.0140625 0.0234375
0 0.16484375 0.11796875 0.009375 0.0234375
0 0.10625 0.1109375 0.01640625 0.0296875
0 0.05625 0.11015625 0.01796875 0.02578125
0 0.1484375 0.1546875 0.0140625 0.03125
0 0.73046875 0.25546875 0.015625 0.02265625
0 0.70859375 0.25078125 0.0171875 0.028125
0 0.690625 0.26328125 0.0140625 0.0375
0 0.61953125 0.2703125 0.01953125 0.0234375
0 0.6109375 0.234375 0.0140625 0.025
0 0.55703125 0.23046875 0.01796875 0.03203125
0 0.53359375 0.21953125 0.015625 0.028125
0 0.48125 0.2125 0.01640625 0.0359375
0 0.61640625 0.1828125 0.01484375 0.0296875
0 0.60546875 0.19375 0.01171875 0.02890625
0 0.578125 0.178125 0.0203125 0.0265625
0 0.584375 0.13203125 0.01875 0.0234375
0 0.50234375 0.1921875 0.01796875 0.03125
0 0.35390625 0.16640625 0.01875 0.03671875
0 0.30625 0.10546875 0.015625 0.0234375
0 0.33359375 0.1015625 0.0125 0.02734375
0 0.3484375 0.1359375 0.0140625 0.0234375
0 0.35546875 0.1234375 0.009375 0.01796875
0 0.36640625 0.06640625 0.01484375 0.02578125
0 0.384375 0.1484375 0.01796875 0.03359375
0 0.40625 0.13515625 0.0125 0.021875
0 0.45859375 0.16953125 0.01640625 0.028125
0 0.48359375 0.16875 0.01640625 0.0203125
0 0.4859375 0.14296875 0.01484375 0.02421875
0 0.4421875 0.12890625 0.0140625 0.02734375
0 0.42578125 0.13671875 0.01328125 0.0203125
0 0.4328125 0.08828125 0.0140625 0.02265625
0 0.50625 0.090625 0.0140625 0.02265625
0 0.4765625 0.09453125 0.01171875 0.0125
0 0.4375 0.06796875 0.01328125 0.02421875
0 0.5515625 0.15234375 0.0109375 0.03125