0 0.1328125 0.52421875 0.0453125 0.084375
0 0.82109375 0.4890625 0.02578125 0.06484375
0 0.8484375 0.46953125 0.02265625 0.0421875
0 0.93203125 0.48359375 0.0265625 0.05703125
0 0.85078125 0.40703125 0.0203125 0.04296875
0 0.815625 0.36796875 0.03203125 0.046875
0 0.79140625 0.42890625 0.03671875 0.0484375
0 0.721875 0.39453125 0.02734375 0.05
0 0.6953125 0.3640625 0.02578125 0.05390625
0 0.703125 0.5515625 0.028125 0.034375
0 0.63515625 0.4578125 0.0359375 0.078125
0 0.590625 0.45078125 0.02421875 0.075
0 0.609375 0.36015625 0.03125 0.0453125
0 0.64296875 0.3453125 0.025 0.03984375
0 0.6578125 0.37734375 0.02265625 0.05703125
0 0.59609375 0.3328125 0.0265625 0.03984375
0 0.5390625 0.36328125 0.025 0.04921875
0 0.5265625 0.43046875 0.04453125 0.0640625
0 0.46875 0.40390625 0.0421875 0.071875
0 0.92734375 0.39140625 0.01953125 0.02578125
0 0.87421875 0.33359375 0.0234375 0.05
0 0.8484375 0.3078125 0.015625 0.046875
0 0.89453125 0.315625 0.0140625 0.03515625
0 0.92578125 0.32734375 0.01875 0.04375
0 0.9359375 0.30546875 0.01796875 0.0265625
0 0.94609375 0.284375 0.01171875 0.03125
0 0.9015625 0.28203125 0.01953125 0.04453125
0 0.88125 0.253125 0.01328125 0.0265625
0 0.8578125 0.26796875 0.01953125 0.03359375
0 0.8515625 0.259375 0.0125 0.03125
0 0.8125 0.23984375 0.01328125 0.03203125
0 0.821875 0.27109375 0.0265625 0.03125
0 0.8 0.30078125 0.02265625 0.04296875
0 0.7875 0.28984375 0.01015625 0.0328125
0 0.78359375 0.23515625 0.01796875 0.02890625
0 0.7828125 0.26640625 0.0203125 0.0390625
0 0.74140625 0.2578125 0.01875 0.021875
0 0.746875 0.22890625 0.01640625 0.03984375
0 0.7078125 0.25 0.01953125 0.0375
0 0.70234375 0.29453125 0.01640625 0.040625
0 0.67734375 0.30234375 0.0203125 0.040625
0 0.67421875 0.2765625 0.0171875 0.03828125
0 0.6359375 0.30390625 0.01953125 0.04765625
0 0.68828125 0.23203125 0.01640625 0.0453125
0 0.67109375 0.23125 0.0171875 0.02109375
0 0.67578125 0.2078125 0.0140625 0.0328125
0 0.63046875 0.253125 0.02265625 0.0328125
0 0.640625 0.221875 0.01640625 0.02578125
0 0.6265625 0.21796875 0.021875 0.0421875
0 0.60390625 0.2046875 0.0234375 0.0234375
0 0.6078125 0.23046875 0.0203125 0.03125
0 0.56953125 0.21796875 0.01484375 0.02109375
0 0.553125 0.22578125 0.01484375 0.02734375
0 0.57734375 0.2296875 0.01484375 0.0265625
0 0.57578125 0.26328125 0.01640625 0.03203125
0 0.60390625 0.25859375 0.0203125 0.0328125
0 0.55703125 0.2796875 0.015625 0.03984375
0 0.54765625 0.25625 0.01484375 0.0359375
0 0.5375 0.27890625 0.015625 0.04921875
0 0.5125 0.27109375 0.015625 0.04609375
0 0.50234375 0.34375 0.01953125 0.0453125
0 0.47265625 0.31875 0.02890625 0.0484375
0 0.471875 0.265625 0.02265625 0.046875
0 0.46875 0.2390625 0.01640625 0.04296875
0 0.44609375 0.26328125 0.0265625 0.04140625
0 0.4265625 0.25546875 0.01796875 0.0234375
0 0.45234375 0.3453125 0.021875 0.05390625
0 0.403125 0.3375 0.01796875 0.0375
0 0.40390625 0.3078125 0.0203125 0.0453125
0 0.40625 0.2765625 0.01484375 0.03671875
0 0.38828125 0.259375 0.02109375 0.028125
0 0.34609375 0.30390625 0.02109375 0.0359375
0 0.35546875 0.33828125 0.02109375 0.04765625
0 0.33203125 0.36796875 0.0296875 0.06953125
0 0.28046875 0.3171875 0.02421875 0.04453125
0 0.25 0.365625 0.015625 0.04453125
0 0.28359375 0.3734375 0.01796875 0.046875
0 0.22421875 0.340625 0.02890625 0.07109375