0 0.18203125 0.4828125 0.0359375 0.08046875
0 0.76171875 0.34921875 0.0234375 0.08125
0 0.7265625 0.33046875 0.02890625 0.05625
0 0.6703125 0.33046875 0.02734375 0.03984375
0 0.53046875 0.35703125 0.02109375 0.06875
0 0.48359375 0.346875 0.03046875 0.05625
0 0.37265625 0.2859375 0.02578125 0.03671875
0 0.32734375 0.30234375 0.01953125 0.0609375
0 0.28515625 0.2828125 0.0265625 0.046875
0 0.26875 0.26015625 0.01171875 0.0296875
0 0.91171875 0.3796875 0.0390625 0.05078125
0 0.8703125 0.34765625 0.034375 0.05234375
0 0.7765625 0.284375 0.025 0.04609375
0 0.72734375 0.2609375 0.02421875 0.04765625
0 0.6109375 0.25390625 0.02265625 0.04609375
0 0.57734375 0.24140625 0.02109375 0.03046875
0 0.47109375 0.22734375 0.03359375 0.0296875
0 0.43671875 0.24765625 0.01640625 0.03828125
0 0.39140625 0.215625 0.025 0.01953125
0 0.371875 0.190625 0.01953125 0.0234375
0 0.4140625 0.11171875 0.01953125 0.0296875
0 0.44296875 0.19140625 0.01875 0.025
0 0.4046875 0.1890625 0.01640625 0.0328125
0 0.421875 0.17421875 0.01171875 0.0359375
0 0.92109375 0.1578125 0.0125 0.04296875
0 0.91171875 0.203125 0.01640625 0.02734375
0 0.91015625 0.24140625 0.02421875 0.02109375
0 0.88984375 0.28828125 0.0203125 0.0328125
0 0.8546875 0.26015625 0.025 0.0296875
0 0.87265625 0.21484375 0.02109375 0.034375
0 0.87734375 0.1953125 0.0140625 0.03671875
0 0.86015625 0.1265625 0.01171875 0.03359375
0 0.85390625 0.1578125 0.01796875 0.0234375
0 0.82734375 0.19921875 0.0203125 0.03984375
0 0.80234375 0.2546875 0.0171875 0.04765625
0 0.8265625 0.121875 0.0140625 0.01640625
0 0.82578125 0.1484375 0.02265625 0.025
0 0.7796875 0.20078125 0.01796875 0.046875
0 0.74453125 0.22421875 0.021875 0.03203125
0 0.77578125 0.1265625 0.01171875 0.0265625
0 0.75703125 0.15625 0.0140625 0.0328125
0 0.7125 0.19765625 0.025 0.02890625
0 0.6828125 0.23515625 0.0203125 0.0421875
0 0.6859375 0.19296875 0.01328125 0.0390625
0 0.65078125 0.221875 0.01796875 0.04375
0 0.62578125 0.225 0.01484375 0.0375
0 0.65390625 0.17578125 0.01796875 0.03046875
0 0.74375 0.11796875 0.0171875 0.03046875
0 0.690625 0.1078125 0.01484375 0.025
0 0.659375 0.1171875 0.0125 0.0359375
0 0.6265625 0.1078125 0.02578125 0.025
0 0.60625 0.1078125 0.021875 0.01796875
0 0.58359375 0.11875 0.02109375 0.0265625
0 0.553125 0.11875 0.0171875 0.03515625
0 0.52265625 0.140625 0.01875 0.034375
0 0.5078125 0.14609375 0.0171875 0.03671875
0 0.4765625 0.15390625 0.0125 0.04765625
0 0.64296875 0.1453125 0.021875 0.02578125
0 0.6046875 0.14921875 0.0171875 0.02109375
0 0.5703125 0.18125 0.021875 0.0453125
0 0.5171875 0.178125 0.0140625 0.02265625
0 0.546875 0.1953125 0.01171875 0.040625
0 0.48203125 0.19140625 0.01484375 0.04140625