0 0.2234375 0.346875 0.05234375 0.1078125
0 0.4359375 0.22109375 0.025 0.0484375
0 0.47578125 0.21953125 0.03046875 0.05546875
0 0.534375 0.19140625 0.0234375 0.0609375
0 0.6140625 0.2015625 0.02109375 0.04921875
0 0.62578125 0.2296875 0.0234375 0.05078125
0 0.66875 0.16875 0.01953125 0.040625
0 0.71875 0.19609375 0.02265625 0.0359375
0 0.66875 0.2125 0.02265625 0.04609375
0 0.67265625 0.24296875 0.02265625 0.06015625
0 0.71953125 0.30625 0.0234375 0.05703125
0 0.74765625 0.278125 0.03359375 0.08046875
0 0.8328125 0.2640625 0.02578125 0.05859375
0 0.8671875 0.29140625 0.02265625 0.046875
0 0.940625 0.40546875 0.04765625 0.10703125