0 0.6765625 0.33125 0.025 0.05
0 0.6046875 0.33203125 0.0265625 0.05234375
0 0.5375 0.3109375 0.0265625 0.0546875
0 0.490625 0.29140625 0.021875 0.04453125
0 0.5640625 0.25 0.0203125 0.0390625
0 0.603125 0.2546875 0.0203125 0.0453125
0 0.65859375 0.2578125 0.025 0.0484375
0 0.7203125 0.31015625 0.02578125 0.04765625
0 0.78359375 0.29921875 0.025 0.059375
0 0.803125 0.23671875 0.0265625 0.05546875
0 0.921875 0.2875 0.021875 0.05703125
0 0.753125 0.23203125 0.02578125 0.0546875
0 0.69296875 0.22734375 0.0296875 0.0484375
0 0.628125 0.19453125 0.01953125 0.04296875
0 0.6625 0.17109375 0.0171875 0.04140625
0 0.69140625 0.178125 0.01875 0.04140625
0 0.74140625 0.1859375 0.01796875 0.03359375
0 0.87109375 0.22578125 0.01796875 0.0390625
0 0.8421875 0.19140625 0.01875 0.03828125
0 0.9296875 0.20703125 0.01953125 0.03828125
0 0.9171875 0.1859375 0.01875 0.03515625
0 0.8875 0.18203125 0.015625 0.03203125
0 0.8625 0.15 0.01640625 0.028125
0 0.79765625 0.178125 0.01875 0.040625
0 0.69140625 0.14453125 0.01953125 0.0296875
0 0.7328125 0.1328125 0.01640625 0.025
0 0.79609375 0.1328125 0.015625 0.03125
0 0.778125 0.12265625 0.01171875 0.0328125
0 0.74921875 0.11171875 0.01796875 0.0328125
0 0.76640625 0.13671875 0.01640625 0.0328125
0 0.81484375 0.12890625 0.0140625 0.02890625
0 0.83046875 0.14453125 0.0140625 0.03359375
0 0.89453125 0.13203125 0.015625 0.0375
0 0.8640625 0.12578125 0.015625 0.03125
0 0.09140625 0.46328125 0.0578125 0.0921875
0 0.43359375 0.26484375 0.0203125 0.040625
0 0.3765625 0.26484375 0.01875 0.034375
0 0.31015625 0.30234375 0.01796875 0.0328125
0 0.2515625 0.28359375 0.01640625 0.03125
0 0.303125 0.26484375 0.02109375 0.034375
0 0.328125 0.21640625 0.01484375 0.03515625
0 0.35078125 0.2203125 0.01328125 0.028125
0 0.44453125 0.22421875 0.01875 0.03359375
0 0.36796875 0.23359375 0.01953125 0.03203125
0 0.5046875 0.2296875 0.021875 0.04296875
0 0.69609375 0.1015625 0.01328125 0.03125
0 0.6734375 0.11640625 0.01328125 0.0296875
0 0.62109375 0.13984375 0.01484375 0.03203125
0 0.56953125 0.16875 0.01796875 0.03515625
0 0.4671875 0.2 0.0171875 0.03046875
0 0.45546875 0.171875 0.0125 0.02421875
0 0.38671875 0.20078125 0.01796875 0.03125
0 0.55234375 0.15859375 0.015625 0.0265625
0 0.5 0.19296875 0.015625 0.03359375
0 0.5265625 0.21484375 0.01796875 0.0296875