0 0.96328125 0.31015625 0.0125 0.0265625
0 0.93359375 0.27578125 0.01484375 0.02890625
0 0.9078125 0.25 0.01328125 0.025
0 0.87578125 0.253125 0.0125 0.03203125
0 0.89375 0.2703125 0.0140625 0.0375
0 0.8421875 0.240625 0.01484375 0.03515625
0 0.81171875 0.23203125 0.015625 0.03203125
0 0.7609375 0.23359375 0.01171875 0.0328125
0 0.76953125 0.25625 0.015625 0.03359375
0 0.728125 0.2484375 0.0171875 0.034375
0 0.79296875 0.25234375 0.0140625 0.02890625
0 0.8078125 0.27421875 0.01640625 0.0375
0 0.8484375 0.2953125 0.01875 0.03828125
0 0.88359375 0.32109375 0.01640625 0.04140625
0 0.92734375 0.315625 0.0140625 0.03046875
0 0.9484375 0.3203125 0.01796875 0.03515625
0 0.69296875 0.2703125 0.01875 0.03203125
0 0.71875 0.296875 0.0171875 0.0359375
0 0.86171875 0.33125 0.01953125 0.0421875
0 0.84453125 0.35234375 0.02265625 0.05234375
0 0.89140625 0.38359375 0.02421875 0.05078125
0 0.9109375 0.3328125 0.02109375 0.0453125
0 0.9625 0.3671875 0.01953125 0.04765625
0 0.94765625 0.45078125 0.02890625 0.0625
0 0.86953125 0.440625 0.02421875 0.0609375
0 0.81015625 0.42421875 0.02890625 0.06640625
0 0.7515625 0.4015625 0.028125 0.0546875
0 0.71484375 0.35625 0.0234375 0.0453125
0 0.675 0.37109375 0.02734375 0.053125
0 0.640625 0.36484375 0.02421875 0.0546875
0 0.65546875 0.29140625 0.021875 0.03828125
0 0.62109375 0.321875 0.0234375 0.0515625
0 0.66640625 0.33125 0.02109375 0.0296875
0 0.55546875 0.35703125 0.0265625 0.05
0 0.49453125 0.39609375 0.03359375 0.05625
0 0.53671875 0.4484375 0.03515625 0.0546875
0 0.61015625 0.44375 0.03359375 0.0640625
0 0.6578125 0.46015625 0.03671875 0.07890625
0 0.721875 0.5390625 0.046875 0.0734375
0 0.8609375 0.50703125 0.03125 0.06953125
0 0.12109375 0.525 0.053125 0.08359375
0 0.68984375 0.2046875 0.0140625 0.0265625
0 0.696875 0.22265625 0.0140625 0.03125
0 0.7078125 0.21484375 0.01640625 0.028125
0 0.64921875 0.2 0.01640625 0.03125
0 0.659375 0.221875 0.01796875 0.0328125
0 0.61875 0.22109375 0.01484375 0.025
0 0.646875 0.25234375 0.0171875 0.0296875
0 0.6171875 0.2484375 0.01875 0.03046875
0 0.62890625 0.2015625 0.01640625 0.0296875
0 0.5921875 0.2625 0.01796875 0.0390625
0 0.56796875 0.2234375 0.0171875 0.03046875
0 0.58984375 0.234375 0.01875 0.02578125
0 0.559375 0.25 0.01640625 0.03125
0 0.53515625 0.24375 0.015625 0.02734375
0 0.53515625 0.2765625 0.021875 0.034375
0 0.56953125 0.2765625 0.01953125 0.0359375
0 0.46484375 0.2734375 0.0171875 0.02890625
0 0.47265625 0.23984375 0.01796875 0.0265625
0 0.47578125 0.3046875 0.01328125 0.02578125
0 0.45546875 0.2515625 0.01484375 0.03125
0 0.39765625 0.2546875 0.01484375 0.028125
0 0.421875 0.27421875 0.015625 0.02890625
0 0.4140625 0.32734375 0.0203125 0.04375
0 0.4515625 0.3390625 0.028125 0.04765625
0 0.4140625 0.29375 0.01796875 0.0296875
0 0.434375 0.25625 0.015625 0.02890625
0 0.35546875 0.28984375 0.01875 0.03203125
0 0.359375 0.3265625 0.01484375 0.0328125
0 0.384375 0.34453125 0.0203125 0.0390625
0 0.28359375 0.3109375 0.01953125 0.03671875
0 0.3390625 0.3546875 0.0234375 0.05234375
0 0.2875 0.36171875 0.0234375 0.05078125
0 0.2546875 0.3625 0.02109375 0.0515625