0 0.925 0.49609375 0.04765625 0.13515625
0 0.82578125 0.3046875 0.02578125 0.06875
0 0.796875 0.31875 0.0265625 0.07421875
0 0.75390625 0.26328125 0.02265625 0.06484375
0 0.715625 0.265625 0.01953125 0.0546875
0 0.71171875 0.23046875 0.021875 0.04765625
0 0.6890625 0.25390625 0.021875 0.0625
0 0.67421875 0.23828125 0.01875 0.04921875
0 0.65390625 0.290625 0.02109375 0.06328125
0 0.62578125 0.26171875 0.01640625 0.0578125
0 0.65859375 0.2203125 0.01875 0.0515625
0 0.63203125 0.2109375 0.02109375 0.05390625
0 0.58203125 0.33515625 0.02890625 0.06875
0 0.546875 0.27265625 0.0265625 0.065625
0 0.58828125 0.21953125 0.01796875 0.04765625
0 0.58984375 0.18984375 0.01875 0.04921875
0 0.56875 0.19140625 0.021875 0.05703125
0 0.51796875 0.23046875 0.021875 0.0546875
0 0.46171875 0.24765625 0.02109375 0.0546875
0 0.4390625 0.22265625 0.021875 0.04609375
0 0.49609375 0.18984375 0.02578125 0.05546875
0 0.46171875 0.15546875 0.01875 0.040625
0 0.4578125 0.1875 0.01796875 0.046875
0 0.43359375 0.15546875 0.0203125 0.04375
0 0.4171875 0.13984375 0.0203125 0.0390625
0 0.40625 0.1765625 0.01484375 0.040625
0 0.4015625 0.20234375 0.01875 0.0515625
0 0.3890625 0.2203125 0.01875 0.05078125
0 0.38203125 0.14765625 0.015625 0.04609375
0 0.396875 0.3140625 0.0265625 0.06796875
0 0.440625 0.36015625 0.02890625 0.06640625
0 0.3578125 0.17578125 0.0171875 0.0453125
0 0.3421875 0.16015625 0.01640625 0.0453125
0 0.31640625 0.153125 0.01640625 0.03984375
0 0.29609375 0.17890625 0.01796875 0.0421875
0 0.3234375 0.1828125 0.015625 0.046875
0 0.353125 0.20625 0.01796875 0.04765625
0 0.346875 0.26171875 0.02265625 0.06171875
0 0.31015625 0.25078125 0.0203125 0.05546875
0 0.2671875 0.2546875 0.01953125 0.05703125
0 0.25546875 0.221875 0.01875 0.05078125
0 0.23359375 0.24453125 0.01953125 0.059375
0 0.19453125 0.2125 0.01875 0.0515625
0 0.1765625 0.24296875 0.0171875 0.05234375
0 0.18828125 0.25078125 0.0203125 0.06015625
0 0.1375 0.2546875 0.0171875 0.05625
0 0.215625 0.284375 0.02109375 0.0609375
0 0.190625 0.33046875 0.02578125 0.07109375
0 0.25546875 0.3265625 0.02421875 0.06875
0 0.29140625 0.303125 0.025 0.0625
0 0.1015625 0.253125 0.01640625 0.0375
0 0.09921875 0.284375 0.01953125 0.04296875
0 0.071875 0.2984375 0.01953125 0.05703125
0 0.05078125 0.2703125 0.01796875 0.04296875
0 0.015625 0.28515625 0.01796875 0.04140625
0 0.0234375 0.3328125 0.01484375 0.040625
0 0.07265625 0.35625 0.02421875 0.0546875
0 0.02421875 0.3953125 0.0203125 0.05390625
0 0.053125 0.40625 0.021875 0.07421875
0 0.12890625 0.3390625 0.02421875 0.053125
0 0.11171875 0.30546875 0.0203125 0.04921875
0 0.13828125 0.4015625 0.02421875 0.065625
0 0.11875 0.434375 0.028125 0.078125
0 0.03984375 0.4890625 0.02890625 0.0953125
0 0.13359375 0.525 0.03515625 0.1
0 0.2234375 0.4921875 0.0328125 0.09921875
0 0.2875 0.428125 0.03046875 0.09140625
0 0.40625 0.4015625 0.03125 0.0765625
0 0.34453125 0.43046875 0.03203125 0.07890625