0 0.16015625 0.44609375 0.05390625 0.09296875
0 0.89140625 0.34140625 0.03046875 0.06953125
0 0.9109375 0.2953125 0.0265625 0.0625
0 0.90859375 0.25234375 0.01875 0.03828125
0 0.903125 0.22265625 0.01640625 0.03671875
0 0.9125 0.19375 0.01171875 0.0453125
0 0.9234375 0.1546875 0.0140625 0.03125
0 0.8859375 0.14765625 0.01171875 0.0328125
0 0.8875 0.1765625 0.01875 0.03359375
0 0.86484375 0.2109375 0.01640625 0.0328125
0 0.8515625 0.2515625 0.01875 0.0375
0 0.8359375 0.29453125 0.0234375 0.05078125
0 0.80234375 0.36328125 0.03359375 0.0546875
0 0.74453125 0.3234375 0.03125 0.065625
0 0.7703125 0.26171875 0.0265625 0.04375
0 0.759375 0.21171875 0.01875 0.04921875
0 0.77421875 0.20546875 0.01953125 0.0484375
0 0.80078125 0.24296875 0.02109375 0.053125
0 0.8234375 0.18984375 0.0125 0.05
0 0.8421875 0.17109375 0.01640625 0.0390625
0 0.85625 0.14609375 0.0125 0.0390625
0 0.8703125 0.13828125 0.01484375 0.04140625
0 0.83359375 0.14453125 0.01640625 0.034375
0 0.8171875 0.12109375 0.01484375 0.025
0 0.80625 0.15234375 0.01796875 0.02578125
0 0.78203125 0.13828125 0.02265625 0.0390625
0 0.7609375 0.13046875 0.0140625 0.03203125
0 0.73828125 0.14609375 0.0171875 0.0390625
0 0.73125 0.10390625 0.0125 0.02734375
0 0.725 0.1921875 0.01953125 0.0421875
0 0.71015625 0.246875 0.02578125 0.04609375
0 0.696875 0.31328125 0.02421875 0.0625
0 0.68828125 0.1765625 0.0203125 0.04375
0 0.6515625 0.1734375 0.0203125 0.03828125
0 0.6578125 0.21484375 0.02109375 0.0453125
0 0.62109375 0.2125 0.02890625 0.03671875
0 0.6109375 0.25078125 0.01484375 0.0484375
0 0.60703125 0.3171875 0.02421875 0.0578125
0 0.56796875 0.25703125 0.02421875 0.04765625
0 0.540625 0.3234375 0.0265625 0.0578125
0 0.47578125 0.33046875 0.02734375 0.05078125
0 0.6984375 0.10546875 0.0140625 0.0203125
0 0.66328125 0.1015625 0.01328125 0.02578125
0 0.6421875 0.140625 0.02109375 0.03359375
0 0.61171875 0.14765625 0.0171875 0.028125
0 0.590625 0.17265625 0.0171875 0.034375
0 0.5796875 0.14375 0.015625 0.0265625
0 0.615625 0.10078125 0.00703125 0.0203125
0 0.63125 0.11328125 0.01015625 0.0234375
0 0.5828125 0.10703125 0.0171875 0.028125
0 0.55546875 0.12109375 0.0171875 0.0234375
0 0.5453125 0.19140625 0.01875 0.03359375
0 0.52265625 0.16328125 0.01328125 0.028125
0 0.48984375 0.190625 0.01484375 0.028125
0 0.484375 0.22265625 0.02265625 0.04140625
0 0.4765625 0.17890625 0.0125 0.0328125
0 0.4796875 0.1421875 0.0109375 0.03203125
0 0.50390625 0.13046875 0.01484375 0.03203125
0 0.453125 0.14609375 0.01171875 0.0265625
0 0.43125 0.14765625 0.01953125 0.025
0 0.43203125 0.17578125 0.01328125 0.02890625
0 0.44765625 0.1859375 0.01796875 0.0296875
0 0.45234375 0.215625 0.0171875 0.0328125
0 0.4 0.2171875 0.0171875 0.04453125
0 0.40859375 0.1828125 0.01640625 0.03515625
0 0.3875 0.18671875 0.01640625 0.04140625
0 0.340625 0.278125 0.02265625 0.03828125
0 0.37265625 0.309375 0.01796875 0.04140625
0 0.2984375 0.26796875 0.0234375 0.03125
0 0.27890625 0.2375 0.0203125 0.021875