0 0.14140625 0.56015625 0.04609375 0.096875
0 0.82734375 0.5359375 0.03125 0.0609375
0 0.92734375 0.48984375 0.02578125 0.05390625
0 0.8625 0.46640625 0.025 0.0640625
0 0.86796875 0.3734375 0.02734375 0.0453125
0 0.8234375 0.37421875 0.0234375 0.03671875
0 0.7890625 0.43828125 0.03125 0.0546875
0 0.70859375 0.54375 0.028125 0.0609375
0 0.7296875 0.40390625 0.028125 0.06796875
0 0.7015625 0.37734375 0.02109375 0.05859375
0 0.675 0.378125 0.02265625 0.05390625
0 0.65234375 0.3625 0.01796875 0.0390625
0 0.64609375 0.4859375 0.034375 0.07734375
0 0.60078125 0.41015625 0.02421875 0.05234375
0 0.59296875 0.4484375 0.0375 0.071875
0 0.52578125 0.45703125 0.0359375 0.07578125
0 0.471875 0.40703125 0.04765625 0.07421875
0 0.5359375 0.38515625 0.025 0.059375
0 0.60625 0.35234375 0.02734375 0.04296875
0 0.64140625 0.3125 0.02578125 0.0359375
0 0.6921875 0.33203125 0.02890625 0.04765625
0 0.68203125 0.28359375 0.01875 0.04453125
0 0.721875 0.29765625 0.01875 0.04765625
0 0.77890625 0.2921875 0.02421875 0.03671875
0 0.8265625 0.3078125 0.01796875 0.0328125
0 0.84296875 0.33671875 0.015625 0.03671875
0 0.85859375 0.328125 0.01015625 0.03828125
0 0.884375 0.3296875 0.0125 0.0390625
0 0.9078125 0.35546875 0.01875 0.03671875
0 0.94296875 0.3734375 0.02578125 0.0453125
0 0.93515625 0.325 0.01328125 0.06015625
0 0.95 0.31171875 0.0140625 0.028125
0 0.95234375 0.28203125 0.0125 0.028125
0 0.9078125 0.2765625 0.01484375 0.025
0 0.8921875 0.2609375 0.01796875 0.0296875
0 0.86171875 0.27734375 0.01328125 0.02890625
0 0.8515625 0.25 0.0265625 0.03359375
0 0.8234375 0.25078125 0.02109375 0.0390625
0 0.7953125 0.24375 0.01640625 0.0359375
0 0.7765625 0.26484375 0.01328125 0.03125
0 0.759375 0.2609375 0.015625 0.0296875
0 0.7546875 0.23359375 0.01171875 0.02265625
0 0.71171875 0.2515625 0.021875 0.021875
0 0.7421875 0.25234375 0.015625 0.03125
0 0.71875 0.2265625 0.015625 0.034375
0 0.6828125 0.228125 0.0140625 0.03125
0 0.6734375 0.221875 0.01171875 0.034375
0 0.653125 0.2578125 0.01328125 0.02734375
0 0.64609375 0.2265625 0.01015625 0.03125
0 0.62265625 0.20625 0.015625 0.021875
0 0.6109375 0.25546875 0.01640625 0.03203125
0 0.58984375 0.2421875 0.01796875 0.02421875
0 0.61015625 0.2234375 0.01171875 0.0375
0 0.57265625 0.21953125 0.01640625 0.02890625
0 0.55859375 0.24765625 0.01484375 0.03515625
0 0.553125 0.29765625 0.01875 0.04765625
0 0.5265625 0.278125 0.0171875 0.0421875
0 0.51171875 0.27109375 0.0171875 0.03828125
0 0.46796875 0.24921875 0.0171875 0.02265625
0 0.47734375 0.2375 0.0125 0.040625
0 0.46953125 0.2796875 0.01484375 0.03671875
0 0.49375 0.303125 0.03203125 0.0234375
0 0.5125 0.33671875 0.0125 0.04375
0 0.47421875 0.328125 0.0296875 0.03828125
0 0.421875 0.28984375 0.015625 0.034375
0 0.440625 0.31328125 0.015625 0.028125
0 0.41484375 0.3421875 0.0296875 0.03515625
0 0.41015625 0.3078125 0.015625 0.0390625
0 0.39453125 0.26328125 0.02109375 0.04140625
0 0.434375 0.259375 0.02109375 0.046875
0 0.35234375 0.303125 0.0140625 0.04296875
0 0.35859375 0.3546875 0.034375 0.03515625
0 0.3828125 0.353125 0.00859375 0.02578125
0 0.2828125 0.32109375 0.025 0.03984375
0 0.29609375 0.36953125 0.02109375 0.03359375
0 0.259375 0.36171875 0.021875 0.0390625
0 0.23203125 0.34453125 0.025 0.053125