0 0.06953125 0.3046875 0.025 0.025
0 0.1359375 0.2984375 0.0375 0.03359375
0 0.1796875 0.43203125 0.065625 0.1
0 0.278125 0.48828125 0.06015625 0.1046875
0 0.459375 0.41484375 0.0640625 0.0875
0 0.4703125 0.53984375 0.05703125 0.10390625
0 0.5171875 0.26953125 0.046875 0.046875
0 0.4671875 0.2296875 0.028125 0.046875
0 0.37890625 0.2125 0.03515625 0.065625
0 0.32734375 0.1703125 0.0265625 0.04921875
0 0.22734375 0.203125 0.03046875 0.0546875
0 0.38984375 0.190625 0.0125 0.04609375
0 0.73125 0.065625 0.01953125 0.0515625
0 0.70078125 0.12421875 0.028125 0.05546875
0 0.6578125 0.1296875 0.0140625 0.06328125
0 0.66484375 0.08984375 0.0390625 0.0578125
0 0.62734375 0.11640625 0.01875 0.06484375
0 0.61328125 0.09296875 0.021875 0.04375
0 0.55546875 0.11875 0.02890625 0.0453125
0 0.5796875 0.07734375 0.0203125 0.04140625