0 0.0609375 0.4390625 0.04375 0.10234375
0 0.934375 0.20234375 0.0140625 0.04375
0 0.9359375 0.1546875 0.0125 0.03046875
0 0.9 0.13984375 0.01015625 0.021875
0 0.8984375 0.16875 0.01484375 0.025
0 0.890625 0.19609375 0.0171875 0.0390625
0 0.8734375 0.22890625 0.01875 0.040625
0 0.86171875 0.18203125 0.01875 0.03359375
0 0.85390625 0.1546875 0.0171875 0.0328125
0 0.871875 0.13359375 0.01484375 0.03125
0 0.834375 0.14140625 0.0125 0.02734375
0 0.82890625 0.16640625 0.0125 0.03125
0 0.803125 0.18203125 0.01796875 0.03515625
0 0.80234375 0.1421875 0.01171875 0.034375
0 0.8203125 0.11953125 0.00859375 0.03203125
0 0.78828125 0.12109375 0.0109375 0.028125
0 0.77265625 0.134375 0.0125 0.021875
0 0.7375 0.11484375 0.0140625 0.028125
0 0.746875 0.1328125 0.0171875 0.03984375
0 0.74765625 0.1921875 0.0203125 0.05625
0 0.7734375 0.2234375 0.01953125 0.0359375
0 0.815625 0.24453125 0.02421875 0.04453125
0 0.7890625 0.2875 0.025 0.0578125
0 0.715625 0.14375 0.021875 0.0375
0 0.69765625 0.1421875 0.0140625 0.03203125
0 0.69375 0.1796875 0.02109375 0.03671875
0 0.703125 0.225 0.0265625 0.0390625
0 0.71328125 0.278125 0.02890625 0.0546875
0 0.6625 0.25625 0.03203125 0.04375
0 0.678125 0.3296875 0.0296875 0.07421875
0 0.65390625 0.20234375 0.02421875 0.04375
0 0.659375 0.1734375 0.02578125 0.0359375
0 0.61171875 0.20859375 0.021875 0.0375
0 0.61640625 0.25703125 0.0234375 0.04765625
0 0.60859375 0.32890625 0.02890625 0.0671875
0 0.56953125 0.25 0.028125 0.0390625
0 0.540625 0.31171875 0.0359375 0.05234375
0 0.4890625 0.3046875 0.034375 0.04921875
0 0.69921875 0.09453125 0.01328125 0.0296875
0 0.68046875 0.11953125 0.0171875 0.0296875
0 0.64296875 0.10546875 0.0171875 0.034375
0 0.62578125 0.10703125 0.01171875 0.0265625
0 0.62109375 0.13671875 0.01484375 0.03828125
0 0.58984375 0.10234375 0.01171875 0.02890625
0 0.5921875 0.13046875 0.0125 0.02265625
0 0.56328125 0.11484375 0.0140625 0.0296875
0 0.5328125 0.06953125 0.0171875 0.025
0 0.53515625 0.1328125 0.0109375 0.01875
0 0.5578125 0.15390625 0.01640625 0.03203125
0 0.5828125 0.1484375 0.01015625 0.03203125
0 0.57265625 0.17890625 0.0171875 0.0359375
0 0.52109375 0.153125 0.01875 0.02734375
0 0.50703125 0.15625 0.01015625 0.0328125
0 0.4890625 0.13515625 0.0125 0.0265625
0 0.45234375 0.140625 0.0140625 0.034375
0 0.46015625 0.17734375 0.0140625 0.03125
0 0.4734375 0.15546875 0.00703125 0.0203125
0 0.4828125 0.1625 0.0125 0.02734375
0 0.51875 0.209375 0.01953125 0.0390625
0 0.5046875 0.19296875 0.0109375 0.01953125
0 0.490625 0.2296875 0.025 0.04375
0 0.46953125 0.196875 0.01953125 0.02734375
0 0.45703125 0.221875 0.01953125 0.034375
0 0.44140625 0.20703125 0.01796875 0.03203125
0 0.4265625 0.18984375 0.021875 0.0453125
0 0.4125 0.1734375 0.01640625 0.03828125
0 0.4296875 0.26796875 0.0171875 0.03984375
0 0.4 0.21015625 0.01875 0.0375
0 0.3765625 0.2015625 0.01328125 0.040625
0 0.36328125 0.22109375 0.0203125 0.04453125
0 0.34921875 0.21484375 0.01484375 0.03984375
0 0.33125 0.20859375 0.01484375 0.053125
0 0.3328125 0.2546875 0.01796875 0.0359375
0 0.30390625 0.2578125 0.02109375 0.04140625
0 0.28984375 0.2671875 0.01953125 0.04375
0 0.25078125 0.28984375 0.0234375 0.04609375