0 0.54609375 0.19921875 0.0265625 0.0453125
0 0.503125 0.28984375 0.0265625 0.05546875
0 0.4625 0.31953125 0.0203125 0.0546875
0 0.39453125 0.3203125 0.0234375 0.05625
0 0.328125 0.28828125 0.03515625 0.065625
0 0.25625 0.32265625 0.03671875 0.053125
0 0.20859375 0.36875 0.03359375 0.06953125
0 0.09921875 0.3484375 0.03515625 0.06796875
0 0.1625 0.3 0.0296875 0.05546875
0 0.2234375 0.259375 0.0328125 0.06796875
0 0.28828125 0.2484375 0.02421875 0.04921875
0 0.375 0.2453125 0.03125 0.0640625
0 0.44140625 0.2546875 0.01796875 0.0515625
0 0.3703125 0.19453125 0.01953125 0.0390625
0 0.32265625 0.19609375 0.0203125 0.04609375
0 0.30078125 0.17890625 0.0171875 0.0453125
0 0.325 0.15859375 0.01875 0.034375
0 0.34765625 0.1515625 0.0171875 0.02890625
0 0.26875 0.1765625 0.01796875 0.0390625
0 0.24140625 0.20859375 0.01875 0.053125
0 0.221875 0.1953125 0.0234375 0.04609375
0 0.1890625 0.22890625 0.02421875 0.0578125
0 0.16875 0.19140625 0.02578125 0.0421875
0 0.13671875 0.2453125 0.025 0.0625
0 0.07734375 0.26328125 0.01640625 0.04375
0 0.07421875 0.24296875 0.0171875 0.03828125
0 0.071875 0.20390625 0.01796875 0.03359375
0 0.11328125 0.1984375 0.01796875 0.03671875
0 0.13125 0.1859375 0.01640625 0.0421875
0 0.14375 0.16171875 0.01328125 0.02890625
0 0.1328125 0.1328125 0.00859375 0.03671875
0 0.12578125 0.1171875 0.0171875 0.0328125
0 0.10859375 0.16640625 0.01328125 0.03046875
0 0.10234375 0.14609375 0.015625 0.0296875
0 0.0671875 0.14609375 0.01484375 0.02890625
0 0.10625 0.12578125 0.01328125 0.02734375
0 0.15703125 0.1078125 0.01796875 0.028125
0 0.1625 0.13203125 0.01484375 0.03671875
0 0.1828125 0.14140625 0.01796875 0.0359375
0 0.21875 0.146875 0.0171875 0.0359375
0 0.2484375 0.11328125 0.015625 0.03125
0 0.23359375 0.121875 0.01796875 0.0390625
0 0.26953125 0.10625 0.01875 0.03359375
0 0.29921875 0.090625 0.01875 0.03203125
0 0.33046875 0.10390625 0.01484375 0.028125
0 0.34375 0.1234375 0.0109375 0.0421875
0 0.35078125 0.1 0.0109375 0.03125
0 0.36171875 0.09140625 0.0109375 0.03984375
0 0.38359375 0.09140625 0.01796875 0.03203125
0 0.4109375 0.09921875 0.01328125 0.02421875
0 0.3875 0.15234375 0.0203125 0.0421875
0 0.41484375 0.1296875 0.0171875 0.0328125
0 0.43203125 0.12109375 0.01171875 0.0296875
0 0.43515625 0.1015625 0.009375 0.0265625
0 0.4515625 0.1109375 0.01875 0.03125
0 0.4328125 0.17578125 0.02421875 0.03828125
0 0.45546875 0.16875 0.0140625 0.03828125
0 0.4703125 0.19296875 0.02265625 0.0578125
0 0.49453125 0.178125 0.01796875 0.0453125
0 0.48671875 0.14375 0.009375 0.0296875
0 0.4890625 0.11328125 0.01171875 0.01875
0 0.51953125 0.17578125 0.02421875 0.046875
0 0.53046875 0.14375 0.0140625 0.0296875
0 0.55625 0.13828125 0.00859375 0.015625
0 0.5625 0.15625 0.01953125 0.02734375
0 0.5734375 0.178125 0.0203125 0.040625
0 0.59453125 0.1578125 0.02109375 0.025
0 0.63203125 0.1765625 0.0171875 0.0390625
0 0.6171875 0.1921875 0.01484375 0.034375
0 0.6109375 0.21640625 0.021875 0.0328125
0 0.5609375 0.21640625 0.01171875 0.02421875
0 0.62265625 0.2671875 0.01953125 0.0390625
0 0.64296875 0.2515625 0.02578125 0.0421875
0 0.7078125 0.26015625 0.021875 0.04296875
0 0.70078125 0.24140625 0.01953125 0.04453125
0 0.7171875 0.23828125 0.0203125 0.03828125
0 0.52421875 0.209375 0.015625 0.04453125