0 0.3140625 0.25078125 0.04296875 0.0703125
0 0.19609375 0.2453125 0.03046875 0.04140625
0 0.053125 0.3609375 0.02421875 0.0546875
0 0.625 0.27109375 0.0359375 0.065625
0 0.55859375 0.33203125 0.03046875 0.0640625
0 0.60546875 0.39296875 0.0390625 0.0640625
0 0.5 0.3109375 0.0390625 0.059375
0 0.56796875 0.140625 0.015625 0.03515625
0 0.55625 0.1390625 0.01796875 0.028125
0 0.92890625 0.153125 0.0234375 0.03515625
0 0.95625 0.16015625 0.0171875 0.03515625
0 0.784375 0.32734375 0.0359375 0.0609375