0 0.53046875 0.26640625 0.0234375 0.0515625
0 0.31015625 0.228125 0.02265625 0.0453125
0 0.19921875 0.35625 0.0390625 0.08828125
0 0.32890625 0.1984375 0.01875 0.03984375
0 0.35 0.2 0.021875 0.0390625
0 0.4140625 0.19453125 0.01875 0.04765625
0 0.44609375 0.20078125 0.02421875 0.0515625
0 0.4796875 0.21953125 0.0296875 0.04921875
0 0.590625 0.2859375 0.02578125 0.05859375
0 0.53046875 0.26953125 0.0234375 0.06171875
0 0.628125 0.29296875 0.0421875 0.05703125
0 0.6921875 0.309375 0.03203125 0.0734375
0 0.76796875 0.378125 0.0296875 0.07421875
0 0.828125 0.365625 0.0359375 0.07890625
0 0.9109375 0.39375 0.0296875 0.08515625
0 0.925 0.32578125 0.02734375 0.0515625
0 0.84921875 0.31796875 0.03046875 0.0734375
0 0.790625 0.29140625 0.02734375 0.06640625
0 0.8578125 0.25859375 0.021875 0.05703125
0 0.45546875 0.153125 0.02109375 0.03828125
0 0.425 0.153125 0.01875 0.03125
0 0.47578125 0.12734375 0.01640625 0.028125
0 0.503125 0.13203125 0.01953125 0.02109375
0 0.51484375 0.11171875 0.01171875 0.0296875
0 0.53359375 0.1203125 0.0109375 0.02578125
0 0.58515625 0.10859375 0.01640625 0.03203125
0 0.54765625 0.1234375 0.01484375 0.02890625
0 0.5734375 0.13515625 0.02109375 0.028125
0 0.53359375 0.15 0.0234375 0.028125
0 0.565625 0.1828125 0.0203125 0.028125
0 0.56171875 0.1484375 0.01953125 0.034375
0 0.58828125 0.16875 0.01875 0.03359375
0 0.59453125 0.234375 0.0328125 0.03359375
0 0.63359375 0.20078125 0.02421875 0.040625
0 0.6703125 0.21328125 0.021875 0.05234375
0 0.71640625 0.25390625 0.0265625 0.04765625
0 0.659375 0.2703125 0.02109375 0.05234375
0 0.6359375 0.24140625 0.025 0.04296875
0 0.603125 0.1390625 0.0125 0.03046875
0 0.63203125 0.14765625 0.025 0.0359375
0 0.6140625 0.11875 0.009375 0.028125
0 0.6265625 0.1015625 0.0171875 0.04296875
0 0.6453125 0.11484375 0.01328125 0.0328125
0 0.66015625 0.10546875 0.02265625 0.034375
0 0.69375 0.1265625 0.015625 0.0265625
0 0.7453125 0.12890625 0.01875 0.03125
0 0.765625 0.134375 0.01796875 0.0296875
0 0.7765625 0.13046875 0.01953125 0.03046875
0 0.85546875 0.14765625 0.0171875 0.0328125
0 0.8796875 0.1515625 0.0171875 0.03515625
0 0.91875 0.16328125 0.0171875 0.01796875
0 0.93828125 0.178125 0.02578125 0.02421875
0 0.915625 0.17265625 0.009375 0.0328125
0 0.9421875 0.20703125 0.01796875 0.03984375
0 0.9140625 0.23359375 0.01875 0.0515625
0 0.9375 0.2703125 0.01953125 0.05234375
0 0.8828125 0.23046875 0.021875 0.05078125
0 0.865625 0.1859375 0.01953125 0.03515625
0 0.83125 0.16796875 0.02890625 0.028125
0 0.74375 0.1625 0.01796875 0.0328125
0 0.7140625 0.18671875 0.03203125 0.04921875
0 0.66796875 0.17890625 0.0171875 0.05859375
0 0.83125 0.21328125 0.02734375 0.0359375
0 0.79453125 0.20234375 0.0234375 0.0421875
0 0.790625 0.1703125 0.01875 0.03671875