0 0.9484375 0.36875 0.03828125 0.0765625
0 0.32890625 0.35 0.03203125 0.06796875
0 0.215625 0.2875 0.0265625 0.05
0 0.175 0.2265625 0.02109375 0.0453125
0 0.125 0.20859375 0.0125 0.0296875
0 0.071875 0.27265625 0.0234375 0.0484375
0 0.06640625 0.19609375 0.0140625 0.03984375
0 0.065625 0.1609375 0.01328125 0.04375
0 0.0984375 0.125 0.0125 0.021875
0 0.1 0.16640625 0.01640625 0.03671875
0 0.10390625 0.18984375 0.0171875 0.040625
0 0.12421875 0.12734375 0.01640625 0.0265625
0 0.14140625 0.15078125 0.01328125 0.03046875
0 0.15546875 0.1390625 0.0125 0.03203125
0 0.1453125 0.184375 0.01640625 0.034375
0 0.18203125 0.1796875 0.0171875 0.03984375
0 0.1796875 0.12890625 0.01328125 0.02734375
0 0.18984375 0.1328125 0.00859375 0.0296875
0 0.2109375 0.12578125 0.0140625 0.03046875
0 0.2265625 0.12421875 0.0125 0.0296875
0 0.24296875 0.1203125 0.0140625 0.0265625
0 0.26328125 0.12734375 0.0125 0.0234375
0 0.246875 0.13359375 0.01015625 0.02890625
0 0.23515625 0.16015625 0.0140625 0.025
0 0.25234375 0.17421875 0.0234375 0.040625
0 0.2359375 0.2109375 0.02421875 0.03046875
0 0.27734375 0.28984375 0.03125 0.046875
0 0.29765625 0.215625 0.028125 0.04453125
0 0.2859375 0.17890625 0.01953125 0.040625
0 0.30546875 0.15625 0.01640625 0.03125
0 0.2828125 0.14140625 0.02265625 0.034375
0 0.3359375 0.25234375 0.02421875 0.0390625
0 0.334375 0.20546875 0.0203125 0.046875
0 0.340625 0.16640625 0.01953125 0.03671875
0 0.375 0.19765625 0.0265625 0.04765625
0 0.38515625 0.2546875 0.021875 0.0453125
0 0.3984375 0.3390625 0.0234375 0.07265625
0 0.43515625 0.2890625 0.02734375 0.0578125
0 0.4328125 0.2421875 0.0203125 0.0421875
0 0.5015625 0.28515625 0.02109375 0.0609375
0 0.31015625 0.0984375 0.01484375 0.02265625
0 0.31171875 0.115625 0.01328125 0.02265625
0 0.3421875 0.0984375 0.01875 0.028125
0 0.353125 0.12265625 0.01484375 0.02890625
0 0.375 0.11796875 0.0140625 0.028125
0 0.37421875 0.0953125 0.009375 0.01953125
0 0.39453125 0.096875 0.01796875 0.021875
0 0.4046875 0.125 0.0171875 0.0265625
0 0.4359375 0.1140625 0.02109375 0.021875
0 0.37734375 0.1421875 0.01875 0.0265625
0 0.4078125 0.15625 0.021875 0.02265625
0 0.4171875 0.16640625 0.02109375 0.03828125
0 0.45 0.15078125 0.01640625 0.03359375
0 0.4609375 0.12890625 0.021875 0.03984375
0 0.4765625 0.140625 0.0171875 0.03046875
0 0.50625 0.12734375 0.01953125 0.02109375
0 0.475 0.20625 0.02109375 0.03984375
0 0.50546875 0.190625 0.01875 0.03671875
0 0.4890625 0.1734375 0.01171875 0.03671875
0 0.51484375 0.159375 0.0203125 0.040625
0 0.525 0.16015625 0.01640625 0.0328125
0 0.5453125 0.1515625 0.0078125 0.0203125
0 0.540625 0.17421875 0.01171875 0.02109375
0 0.5484375 0.19296875 0.01328125 0.03359375
0 0.5140625 0.21953125 0.01875 0.046875
0 0.55078125 0.2265625 0.02890625 0.02890625
0 0.58046875 0.22734375 0.0234375 0.04765625
0 0.57578125 0.1890625 0.01796875 0.025
0 0.590625 0.16875 0.01328125 0.025
0 0.60390625 0.21875 0.01640625 0.040625
0 0.61015625 0.190625 0.021875 0.02421875
0 0.62421875 0.2125 0.015625 0.03359375
0 0.615625 0.3015625 0.02578125 0.05546875
0 0.64765625 0.278125 0.02109375 0.053125
0 0.67890625 0.2515625 0.01796875 0.05
0 0.690625 0.23828125 0.01484375 0.0421875
0 0.69765625 0.27890625 0.01484375 0.04140625
0 0.71328125 0.25234375 0.01796875 0.0375