0 0.3984375 0.50546875 0.0640625 0.13203125
0 0.2796875 0.390625 0.0671875 0.1046875
0 0.14453125 0.21328125 0.01328125 0.028125
0 0.3390625 0.20546875 0.02578125 0.0671875
0 0.39921875 0.271875 0.03046875 0.05234375
0 0.41796875 0.2078125 0.021875 0.0421875
0 0.4640625 0.22265625 0.03203125 0.04296875
0 0.49921875 0.21484375 0.01640625 0.0484375
0 0.58125 0.25078125 0.0234375 0.04375
0 0.6140625 0.234375 0.0234375 0.05859375
0 0.63515625 0.11875 0.00859375 0.02109375
0 0.60703125 0.10703125 0.02109375 0.0234375
0 0.57578125 0.1140625 0.0125 0.0234375