0 0.94375 0.44921875 0.04140625 0.06484375
0 0.19609375 0.5046875 0.03203125 0.06640625
0 0.3078125 0.47578125 0.03828125 0.071875
0 0.3765625 0.459375 0.0375 0.06640625
0 0.41328125 0.4296875 0.02890625 0.06015625
0 0.46875 0.3984375 0.03046875 0.05234375
0 0.54453125 0.40390625 0.03046875 0.0484375
0 0.1140625 0.46328125 0.03125 0.053125
0 0.17578125 0.43828125 0.03046875 0.05625
0 0.2484375 0.4375 0.0328125 0.053125
0 0.296875 0.40859375 0.0296875 0.05078125
0 0.359375 0.36796875 0.0265625 0.0484375
0 0.21015625 0.35859375 0.02421875 0.0453125
0 0.1609375 0.37109375 0.021875 0.0484375
0 0.08671875 0.35546875 0.0203125 0.04453125
0 0.1171875 0.32109375 0.01953125 0.03359375
0 0.184375 0.33125 0.0203125 0.04140625
0 0.328125 0.34296875 0.02265625 0.040625
0 0.203125 0.30234375 0.01953125 0.03671875
0 0.13125 0.2765625 0.0171875 0.0328125
0 0.15 0.2578125 0.015625 0.03046875
0 0.17890625 0.25234375 0.015625 0.028125
0 0.17109375 0.27734375 0.015625 0.03125
0 0.146875 0.30546875 0.0171875 0.03203125
0 0.3265625 0.30234375 0.021875 0.03828125
0 0.29296875 0.28515625 0.01875 0.03203125
0 0.20078125 0.2671875 0.0171875 0.0328125
0 0.23984375 0.2875 0.01953125 0.0375
0 0.14453125 0.35234375 0.015625 0.034375
0 0.090625 0.30390625 0.01640625 0.0359375
0 0.2265625 0.24375 0.01484375 0.0234375
0 0.2390625 0.2421875 0.0125 0.025
0 0.2609375 0.22578125 0.01640625 0.028125
0 0.28515625 0.25234375 0.01796875 0.03125
0 0.25859375 0.26015625 0.01796875 0.03125
0 0.31484375 0.24765625 0.01640625 0.03671875
0 0.340625 0.265625 0.01640625 0.0328125
0 0.67265625 0.3515625 0.0203125 0.04609375
0 0.7109375 0.36015625 0.02109375 0.04453125
0 0.74609375 0.36484375 0.0203125 0.04296875
0 0.76875 0.3359375 0.01640625 0.03671875
0 0.71328125 0.3015625 0.0171875 0.03203125
0 0.64921875 0.2921875 0.01484375 0.03359375
0 0.65234375 0.3265625 0.01796875 0.034375
0 0.6234375 0.33203125 0.0171875 0.0359375
0 0.5984375 0.33828125 0.01953125 0.0375
0 0.5578125 0.3390625 0.021875 0.03984375
0 0.478125 0.34609375 0.02421875 0.0421875
0 0.50859375 0.3125 0.0171875 0.0359375
0 0.5359375 0.3 0.01875 0.03046875
0 0.5734375 0.303125 0.02109375 0.0359375
0 0.59765625 0.2953125 0.01796875 0.03203125
0 0.61640625 0.26875 0.015625 0.03515625
0 0.60078125 0.26484375 0.0140625 0.02734375
0 0.5640625 0.2625 0.015625 0.0328125
0 0.5765625 0.23828125 0.0140625 0.028125
0 0.4484375 0.27265625 0.0171875 0.0328125
0 0.49140625 0.27265625 0.015625 0.03203125
0 0.46484375 0.2453125 0.0171875 0.03203125
0 0.3234375 0.21953125 0.01484375 0.021875
0 0.3421875 0.228125 0.0140625 0.02890625
0 0.3546875 0.215625 0.01171875 0.028125
0 0.37109375 0.2453125 0.015625 0.03359375
0 0.3796875 0.303125 0.0203125 0.0375
0 0.4171875 0.33671875 0.02265625 0.04609375
0 0.4328125 0.25703125 0.01796875 0.0328125
0 0.41484375 0.25 0.015625 0.02890625
0 0.40390625 0.20703125 0.015625 0.0234375
0 0.4125 0.221875 0.01640625 0.02265625
0 0.5046875 0.265625 0.01171875 0.03046875
0 0.5375 0.2375 0.0140625 0.0265625