0 0.1609375 0.3171875 0.021875 0.05
0 0.17265625 0.37578125 0.04140625 0.0765625
0 0.23203125 0.31015625 0.034375 0.0734375
0 0.215625 0.28671875 0.02109375 0.05390625
0 0.27734375 0.2546875 0.02109375 0.04296875
0 0.29375 0.240625 0.0234375 0.04296875
0 0.31796875 0.24375 0.02421875 0.05625
0 0.34375 0.25 0.028125 0.0625
0 0.4 0.22109375 0.02421875 0.06484375
0 0.42734375 0.23203125 0.03046875 0.07109375
0 0.3703125 0.36484375 0.04609375 0.08671875
0 0.3625 0.4390625 0.05234375 0.08828125
0 0.34609375 0.5359375 0.05859375 0.109375