0 0.7953125 0.34453125 0.03828125 0.0859375
0 0.6859375 0.2421875 0.0234375 0.03828125
0 0.68046875 0.2125 0.01640625 0.03515625
0 0.65234375 0.2078125 0.01953125 0.034375
0 0.4875 0.2875 0.02734375 0.03984375
0 0.40390625 0.31953125 0.028125 0.053125
0 0.32578125 0.34140625 0.0328125 0.059375
0 0.265625 0.3734375 0.03203125 0.059375
0 0.5265625 0.2375 0.02734375 0.05
0 0.55546875 0.2234375 0.01640625 0.02890625
0 0.4078125 0.2421875 0.02421875 0.046875
0 0.37578125 0.26640625 0.028125 0.04140625
0 0.3328125 0.29375 0.0328125 0.0390625
0 0.3671875 0.2203125 0.028125 0.0328125
0 0.3203125 0.21796875 0.028125 0.04140625
0 0.28046875 0.23515625 0.0296875 0.04296875
0 0.57890625 0.2015625 0.0203125 0.0328125
0 0.58125 0.16875 0.0171875 0.02890625
0 0.4421875 0.1875 0.0171875 0.03671875
0 0.5234375 0.19375 0.0203125 0.025
0 0.54453125 0.1796875 0.0203125 0.034375
0 0.5515625 0.15859375 0.0171875 0.021875
0 0.49453125 0.15390625 0.0203125 0.025
0 0.4078125 0.17421875 0.0171875 0.02890625
0 0.4 0.14140625 0.01328125 0.02265625
0 0.47734375 0.159375 0.01328125 0.03125
0 0.46171875 0.13515625 0.01484375 0.02578125
0 0.4078125 0.109375 0.015625 0.0234375
0 0.38671875 0.1015625 0.01328125 0.028125
0 0.36796875 0.10234375 0.01171875 0.02109375
0 0.35859375 0.1171875 0.0078125 0.01796875
0 0.33203125 0.11328125 0.01640625 0.02109375
0 0.3515625 0.14921875 0.01328125 0.02890625
0 0.3265625 0.17265625 0.01953125 0.0390625
0 0.1078125 0.40859375 0.03203125 0.0828125
0 0.08828125 0.32578125 0.0265625 0.0640625
0 0.14921875 0.309375 0.02578125 0.0484375
0 0.17421875 0.353125 0.03359375 0.06953125
0 0.178125 0.27890625 0.0265625 0.0515625
0 0.1703125 0.22734375 0.02421875 0.0375
0 0.209375 0.21640625 0.01640625 0.0296875
0 0.2203125 0.18671875 0.01953125 0.02890625
0 0.24609375 0.178125 0.0171875 0.02890625
0 0.2265625 0.125 0.01015625 0.0265625
0 0.21328125 0.13828125 0.01875 0.02734375
0 0.23671875 0.14765625 0.01484375 0.0296875
0 0.20390625 0.16640625 0.01640625 0.02890625
0 0.18671875 0.19140625 0.02109375 0.04375
0 0.1734375 0.17890625 0.01796875 0.0375
0 0.15 0.16328125 0.021875 0.046875
0 0.11953125 0.159375 0.01796875 0.03671875
0 0.08828125 0.1578125 0.01640625 0.03046875
0 0.1109375 0.2328125 0.0203125 0.05859375
0 0.29296875 0.19921875 0.0203125 0.0421875
0 0.29375 0.16328125 0.01796875 0.03515625
0 0.30859375 0.12734375 0.01796875 0.02734375
0 0.29609375 0.121875 0.0140625 0.03125
0 0.13515625 0.196875 0.01640625 0.03125
0 0.53125 0.13515625 0.02265625 0.0375
0 0.25390625 0.13359375 0.01796875 0.0421875