0 0.42734375 0.20859375 0.02109375 0.0578125
0 0.46328125 0.2046875 0.02265625 0.05
0 0.6234375 0.1484375 0.01875 0.0390625
0 0.66171875 0.1453125 0.01953125 0.03046875
0 0.6515625 0.12578125 0.015625 0.03203125
0 0.7515625 0.15078125 0.01953125 0.0390625
0 0.76953125 0.15390625 0.01953125 0.0390625
0 0.82578125 0.26171875 0.02578125 0.0625
0 0.87109375 0.18671875 0.0203125 0.03046875
0 0.94375 0.1890625 0.01796875 0.0328125
0 0.8921875 0.2171875 0.02421875 0.03984375
0 0.91875 0.2546875 0.02421875 0.053125
0 0.89140625 0.25546875 0.0203125 0.04140625