0 0.41640625 0.22265625 0.02265625 0.02890625
0 0.4546875 0.2484375 0.0265625 0.03671875
0 0.46640625 0.1828125 0.01796875 0.03671875
0 0.49140625 0.1890625 0.0171875 0.04921875
0 0.55703125 0.1890625 0.0203125 0.03828125
0 0.5703125 0.2 0.02109375 0.04375
0 0.64140625 0.1359375 0.01640625 0.034375
0 0.68359375 0.18359375 0.015625 0.03203125
0 0.94609375 0.25234375 0.02421875 0.04921875
0 0.73359375 0.23671875 0.025 0.05546875
0 0.6890625 0.23125 0.025 0.046875
0 0.6390625 0.23515625 0.02421875 0.05390625
0 0.6265625 0.296875 0.03046875 0.04609375
0 0.68984375 0.29765625 0.0265625 0.053125
0 0.64375 0.3359375 0.0328125 0.0703125