0 0.03671875 0.31015625 0.0125 0.0265625
0 0.06640625 0.27578125 0.01484375 0.02890625
0 0.0921875 0.25 0.01328125 0.025
0 0.12421875 0.253125 0.0125 0.03203125
0 0.10625 0.2703125 0.0140625 0.0375
0 0.1578125 0.240625 0.01484375 0.03515625
0 0.18828125 0.23203125 0.015625 0.03203125
0 0.2390625 0.23359375 0.01171875 0.0328125
0 0.23046875 0.25625 0.015625 0.03359375
0 0.271875 0.2484375 0.0171875 0.034375
0 0.20703125 0.25234375 0.0140625 0.02890625
0 0.1921875 0.27421875 0.01640625 0.0375
0 0.1515625 0.2953125 0.01875 0.03828125
0 0.11640625 0.32109375 0.01640625 0.04140625
0 0.07265625 0.315625 0.0140625 0.03046875
0 0.0515625 0.3203125 0.01796875 0.03515625
0 0.30703125 0.2703125 0.01875 0.03203125
0 0.28125 0.296875 0.0171875 0.0359375
0 0.13828125 0.33125 0.01953125 0.0421875
0 0.15546875 0.35234375 0.02265625 0.05234375
0 0.10859375 0.38359375 0.02421875 0.05078125
0 0.0890625 0.3328125 0.02109375 0.0453125
0 0.0375 0.3671875 0.01953125 0.04765625
0 0.05234375 0.45078125 0.02890625 0.0625
0 0.13046875 0.440625 0.02421875 0.0609375
0 0.18984375 0.42421875 0.02890625 0.06640625
0 0.2484375 0.4015625 0.028125 0.0546875
0 0.28515625 0.35625 0.0234375 0.0453125
0 0.325 0.37109375 0.02734375 0.053125
0 0.359375 0.36484375 0.02421875 0.0546875
0 0.34453125 0.29140625 0.021875 0.03828125
0 0.37890625 0.321875 0.0234375 0.0515625
0 0.33359375 0.33125 0.02109375 0.0296875
0 0.44453125 0.35703125 0.0265625 0.05
0 0.50546875 0.39609375 0.03359375 0.05625
0 0.46328125 0.4484375 0.03515625 0.0546875
0 0.38984375 0.44375 0.03359375 0.0640625
0 0.3421875 0.46015625 0.03671875 0.07890625
0 0.278125 0.5390625 0.046875 0.0734375
0 0.1390625 0.50703125 0.03125 0.06953125
0 0.87890625 0.525 0.053125 0.08359375
0 0.31015625 0.2046875 0.0140625 0.0265625
0 0.303125 0.22265625 0.0140625 0.03125
0 0.2921875 0.21484375 0.01640625 0.028125
0 0.35078125 0.2 0.01640625 0.03125
0 0.340625 0.221875 0.01796875 0.0328125
0 0.38125 0.22109375 0.01484375 0.025
0 0.353125 0.25234375 0.0171875 0.0296875
0 0.3828125 0.2484375 0.01875 0.03046875
0 0.37109375 0.2015625 0.01640625 0.0296875
0 0.4078125 0.2625 0.01796875 0.0390625
0 0.43203125 0.2234375 0.0171875 0.03046875
0 0.41015625 0.234375 0.01875 0.02578125
0 0.440625 0.25 0.01640625 0.03125
0 0.46484375 0.24375 0.015625 0.02734375
0 0.46484375 0.2765625 0.021875 0.034375
0 0.43046875 0.2765625 0.01953125 0.0359375
0 0.53515625 0.2734375 0.0171875 0.02890625
0 0.52734375 0.23984375 0.01796875 0.0265625
0 0.52421875 0.3046875 0.01328125 0.02578125
0 0.54453125 0.2515625 0.01484375 0.03125
0 0.60234375 0.2546875 0.01484375 0.028125
0 0.578125 0.27421875 0.015625 0.02890625
0 0.5859375 0.32734375 0.0203125 0.04375
0 0.5484375 0.3390625 0.028125 0.04765625
0 0.5859375 0.29375 0.01796875 0.0296875
0 0.565625 0.25625 0.015625 0.02890625
0 0.64453125 0.28984375 0.01875 0.03203125
0 0.640625 0.3265625 0.01484375 0.0328125
0 0.615625 0.34453125 0.0203125 0.0390625
0 0.71640625 0.3109375 0.01953125 0.03671875
0 0.6609375 0.3546875 0.0234375 0.05234375
0 0.7125 0.36171875 0.0234375 0.05078125
0 0.7453125 0.3625 0.02109375 0.0515625