0 0.1296875 0.3484375 0.04765625 0.075
0 0.17578125 0.3140625 0.0484375 0.07265625
0 0.221875 0.38984375 0.04296875 0.0796875
0 0.29375 0.21953125 0.03515625 0.0546875
0 0.33515625 0.20625 0.02421875 0.05546875
0 0.3640625 0.2625 0.034375 0.04921875
0 0.4203125 0.27109375 0.0296875 0.0390625
0 0.57421875 0.28515625 0.03359375 0.04609375
0 0.49921875 0.21171875 0.01953125 0.0484375
0 0.44375 0.21015625 0.03515625 0.05859375
0 0.3875 0.1890625 0.02890625 0.04765625
0 0.91328125 0.34453125 0.0390625 0.05859375
0 0.85078125 0.33046875 0.0265625 0.04765625
0 0.9296875 0.309375 0.02734375 0.05
0 0.86640625 0.28515625 0.021875 0.04609375
0 0.92421875 0.24765625 0.0234375 0.05
0 0.84296875 0.2390625 0.02265625 0.04609375
0 0.88984375 0.22265625 0.01796875 0.04453125
0 0.846875 0.19765625 0.01328125 0.0421875
0 0.86640625 0.2 0.0109375 0.0609375
0 0.84609375 0.14765625 0.02109375 0.0296875
0 0.9078125 0.1734375 0.0140625 0.0296875
0 0.946875 0.19140625 0.02265625 0.02578125
0 0.94765625 0.21328125 0.03046875 0.02109375
0 0.7953125 0.15390625 0.02421875 0.0203125
0 0.78046875 0.078125 0.01796875 0.0453125
0 0.75234375 0.1296875 0.01640625 0.0296875
0 0.72890625 0.1453125 0.01953125 0.0296875
0 0.7890625 0.21953125 0.0140625 0.0375
0 0.75078125 0.19765625 0.0265625 0.034375
0 0.7078125 0.18984375 0.02265625 0.053125
0 0.70078125 0.16328125 0.01640625 0.03984375
0 0.79453125 0.2671875 0.025 0.03984375
0 0.75234375 0.26171875 0.03046875 0.03359375
0 0.7734375 0.26796875 0.0140625 0.0421875
0 0.6875 0.2640625 0.0296875 0.04296875
0 0.71953125 0.24140625 0.025 0.06328125
0 0.6546875 0.20703125 0.034375 0.0296875
0 0.61171875 0.26015625 0.02578125 0.0359375
0 0.58125 0.24453125 0.02421875 0.03515625
0 0.67890625 0.115625 0.0203125 0.01875
0 0.6578125 0.10234375 0.01328125 0.02421875
0 0.63828125 0.09609375 0.01171875 0.03671875
0 0.62421875 0.11171875 0.01484375 0.03359375
0 0.53984375 0.1953125 0.0328125 0.0328125
0 0.51484375 0.18125 0.0171875 0.028125
0 0.4828125 0.18046875 0.01796875 0.03828125
0 0.43828125 0.171875 0.01640625 0.021875
0 0.42109375 0.17109375 0.01953125 0.028125
0 0.42265625 0.13984375 0.02421875 0.03671875
0 0.46484375 0.1265625 0.0140625 0.0359375
0 0.48515625 0.13125 0.0125 0.03671875
0 0.53046875 0.159375 0.0234375 0.040625
0 0.5421875 0.121875 0.01484375 0.02734375
0 0.515625 0.1203125 0.021875 0.0375
0 0.57578125 0.165625 0.01484375 0.03515625
0 0.6109375 0.153125 0.01796875 0.0421875
0 0.58125 0.1171875 0.01484375 0.04375
0 0.6078125 0.1046875 0.01171875 0.01953125