0 0.059375 0.3875 0.034375 0.06953125
0 0.83671875 0.31953125 0.0328125 0.0546875
0 0.9109375 0.25078125 0.02421875 0.04296875
0 0.89453125 0.23671875 0.0234375 0.05
0 0.88515625 0.21640625 0.0140625 0.0546875
0 0.8484375 0.240625 0.028125 0.0609375
0 0.81875 0.1984375 0.01953125 0.04296875
0 0.85546875 0.1921875 0.0125 0.04296875
0 0.884375 0.165625 0.02265625 0.0421875
0 0.84921875 0.15703125 0.021875 0.03984375
0 0.8296875 0.1546875 0.02578125 0.04140625
0 0.784375 0.14296875 0.01640625 0.034375
0 0.7796875 0.171875 0.021875 0.05625
0 0.7578125 0.16328125 0.01484375 0.034375
0 0.7578125 0.13046875 0.0140625 0.04140625
0 0.740625 0.1328125 0.01953125 0.0546875
0 0.71875 0.11328125 0.0203125 0.04140625
0 0.7609375 0.20703125 0.025 0.0453125
0 0.725 0.19140625 0.01796875 0.04921875
0 0.7203125 0.165625 0.03046875 0.0578125
0 0.6859375 0.13671875 0.015625 0.03125
0 0.69296875 0.16953125 0.01953125 0.03671875
0 0.7171875 0.2203125 0.028125 0.05859375
0 0.7484375 0.2296875 0.02265625 0.04609375
0 0.775 0.284375 0.0296875 0.0625
0 0.70078125 0.2734375 0.03359375 0.0578125
0 0.65234375 0.28359375 0.025 0.07109375
0 0.65078125 0.2078125 0.03046875 0.0625
0 0.61796875 0.25078125 0.01953125 0.053125
0 0.61953125 0.30234375 0.028125 0.06953125
0 0.5671875 0.2828125 0.0265625 0.05703125
0 0.61171875 0.203125 0.0203125 0.03125
0 0.54609375 0.25234375 0.0296875 0.05
0 0.5015625 0.29609375 0.01796875 0.0609375
0 0.66328125 0.121875 0.02109375 0.04609375
0 0.64140625 0.11875 0.0203125 0.0296875
0 0.6359375 0.146875 0.021875 0.0421875
0 0.609375 0.1484375 0.01875 0.04609375
0 0.59296875 0.14453125 0.01875 0.03125
0 0.60625 0.11953125 0.0125 0.03125
0 0.56328125 0.1171875 0.0171875 0.02734375
0 0.578125 0.16875 0.01796875 0.0359375
0 0.565625 0.1546875 0.01875 0.0359375
0 0.54453125 0.16015625 0.02421875 0.05859375
0 0.52421875 0.17265625 0.02578125 0.0421875
0 0.49375 0.1578125 0.01484375 0.0546875
0 0.4765625 0.12890625 0.0125 0.04140625
0 0.4515625 0.15390625 0.0296875 0.04921875
0 0.496875 0.1921875 0.021875 0.0375
0 0.53125 0.20859375 0.02109375 0.03828125
0 0.4765625 0.1890625 0.0328125 0.03828125
0 0.44140625 0.1765625 0.01796875 0.03515625
0 0.46484375 0.221875 0.0234375 0.03984375
0 0.43984375 0.22265625 0.0265625 0.05625
0 0.39609375 0.2015625 0.0125 0.034375
0 0.37734375 0.1859375 0.0140625 0.03046875
0 0.37578125 0.2234375 0.021875 0.0421875
0 0.34296875 0.1984375 0.0140625 0.025
0 0.403125 0.27421875 0.03671875 0.05859375
0 0.35703125 0.29921875 0.02421875 0.0453125
0 0.3484375 0.2546875 0.021875 0.0546875
0 0.3359375 0.23359375 0.02265625 0.06328125
0 0.30859375 0.24921875 0.02109375 0.04609375
0 0.2953125 0.215625 0.02109375 0.03359375
0 0.2734375 0.259375 0.01640625 0.04140625
0 0.2546875 0.26640625 0.01796875 0.05546875