0 0.1890625 0.3890625 0.05 0.1015625
0 0.31953125 0.2328125 0.01640625 0.04765625
0 0.32890625 0.21015625 0.021875 0.0421875
0 0.35703125 0.1953125 0.02265625 0.0453125
0 0.47890625 0.2359375 0.021875 0.0484375
0 0.4421875 0.2234375 0.0265625 0.04765625
0 0.42109375 0.20625 0.0125 0.04921875
0 0.4234375 0.18828125 0.0109375 0.0453125
0 0.42734375 0.15078125 0.00859375 0.02890625
0 0.475 0.178125 0.021875 0.02890625
0 0.56328125 0.18359375 0.01640625 0.03984375
0 0.4578125 0.15234375 0.01875 0.03671875
0 0.46875 0.140625 0.01640625 0.03984375
0 0.49921875 0.1578125 0.02109375 0.0375
0 0.52578125 0.159375 0.01953125 0.04140625
0 0.5 0.1296875 0.015625 0.03203125
0 0.54140625 0.1421875 0.015625 0.0390625
0 0.55234375 0.1203125 0.0171875 0.03203125
0 0.5796875 0.13515625 0.01640625 0.025
0 0.603125 0.14453125 0.0125 0.0390625
0 0.628125 0.15234375 0.01484375 0.03125
0 0.64765625 0.15 0.01796875 0.04921875
0 0.6640625 0.12734375 0.01328125 0.03671875
0 0.6796875 0.11328125 0.0203125 0.04375
0 0.64296875 0.11484375 0.01484375 0.04296875
0 0.6109375 0.10546875 0.0109375 0.02890625
0 0.603125 0.1203125 0.01796875 0.03203125
0 0.5859375 0.11328125 0.01640625 0.04375
0 0.93671875 0.16796875 0.0125 0.03515625
0 0.9109375 0.171875 0.0125 0.053125
0 0.8765625 0.1609375 0.0203125 0.0390625
0 0.8390625 0.1578125 0.01796875 0.0375
0 0.78359375 0.140625 0.01484375 0.03984375
0 0.7578125 0.1203125 0.0140625 0.03203125
0 0.703125 0.134375 0.0140625 0.0328125
0 0.90546875 0.40234375 0.02734375 0.05625
0 0.903125 0.32421875 0.03203125 0.06328125
0 0.9328125 0.2859375 0.02578125 0.05390625
0 0.91875 0.24375 0.02109375 0.06484375
0 0.93046875 0.23359375 0.01171875 0.04921875
0 0.94140625 0.21171875 0.01875 0.06015625
0 0.89609375 0.19921875 0.03046875 0.034375
0 0.8828125 0.23984375 0.021875 0.04375
0 0.8796875 0.29453125 0.021875 0.06171875
0 0.8484375 0.303125 0.02734375 0.065625
0 0.8203125 0.3578125 0.028125 0.0703125
0 0.73359375 0.3390625 0.02578125 0.08828125
0 0.78671875 0.2859375 0.0265625 0.071875
0 0.809375 0.24453125 0.015625 0.0671875
0 0.83671875 0.24375 0.01796875 0.06875
0 0.84921875 0.19609375 0.01015625 0.03359375
0 0.8671875 0.1875 0.01328125 0.04296875
0 0.82890625 0.16953125 0.01796875 0.0390625
0 0.81015625 0.19609375 0.0125 0.0375
0 0.78671875 0.215625 0.02109375 0.03125
0 0.80859375 0.1625 0.0125 0.034375
0 0.77265625 0.18046875 0.01328125 0.046875
0 0.73671875 0.17578125 0.01484375 0.0421875
0 0.75390625 0.146875 0.015625 0.02578125
0 0.68125 0.3234375 0.0328125 0.06953125
0 0.66953125 0.2734375 0.02421875 0.0703125
0 0.7109375 0.24296875 0.02109375 0.04921875
0 0.70859375 0.19296875 0.015625 0.04375
0 0.71171875 0.1609375 0.01328125 0.0453125
0 0.66015625 0.18671875 0.02890625 0.04140625
0 0.675 0.215625 0.0203125 0.04921875
0 0.628125 0.21953125 0.01953125 0.06640625
0 0.6359375 0.25390625 0.025 0.05859375
0 0.5921875 0.31875 0.03125 0.07421875
0 0.5921875 0.26875 0.02578125 0.04765625
0 0.58046875 0.23046875 0.0296875 0.03359375
0 0.53359375 0.29453125 0.028125 0.0578125