0 0.828125 0.4921875 0.04921875 0.11796875
0 0.7328125 0.2609375 0.01484375 0.03671875
0 0.7203125 0.25625 0.02109375 0.0375
0 0.6984375 0.26640625 0.02578125 0.04609375
0 0.646875 0.28046875 0.01796875 0.046875
0 0.61953125 0.278125 0.01953125 0.03984375
0 0.615625 0.18515625 0.01484375 0.03828125
0 0.61796875 0.22109375 0.02265625 0.0453125
0 0.60546875 0.19375 0.0140625 0.03359375
0 0.57578125 0.17578125 0.01328125 0.0390625
0 0.58828125 0.16796875 0.01484375 0.03359375
0 0.53828125 0.19296875 0.01796875 0.03359375
0 0.553125 0.18671875 0.01171875 0.03046875
0 0.55390625 0.23828125 0.021875 0.04765625
0 0.51796875 0.21953125 0.0171875 0.04765625
0 0.515625 0.2921875 0.028125 0.0515625
0 0.51015625 0.18984375 0.0171875 0.040625
0 0.525 0.1703125 0.01328125 0.0296875
0 0.525 0.15078125 0.01171875 0.02109375
0 0.4546875 0.253125 0.01796875 0.0390625
0 0.4703125 0.3234375 0.021875 0.046875
0 0.46875 0.19140625 0.01875 0.040625
0 0.43359375 0.18203125 0.0171875 0.03125
0 0.4921875 0.1703125 0.01484375 0.02890625
0 0.4859375 0.14609375 0.01640625 0.02265625
0 0.4703125 0.15625 0.01328125 0.03125
0 0.4515625 0.125 0.01171875 0.025
0 0.43671875 0.1359375 0.01328125 0.025
0 0.41640625 0.13515625 0.01484375 0.03125
0 0.3875 0.146875 0.0125 0.02734375
0 0.37421875 0.21640625 0.0203125 0.0296875
0 0.36328125 0.10078125 0.0125 0.0265625
0 0.3375 0.115625 0.01171875 0.02734375
0 0.3578125 0.13671875 0.0109375 0.02265625
0 0.40234375 0.1125 0.01796875 0.015625
0 0.3078125 0.1046875 0.01484375 0.03125
0 0.315625 0.15234375 0.01171875 0.0296875
0 0.34921875 0.17734375 0.01953125 0.0359375
0 0.3015625 0.1703125 0.02109375 0.03515625
0 0.25703125 0.10859375 0.0171875 0.02890625
0 0.23515625 0.12578125 0.0109375 0.03125
0 0.25546875 0.1375 0.01640625 0.03046875
0 0.2234375 0.1375 0.01328125 0.03828125
0 0.26640625 0.17734375 0.015625 0.03125
0 0.19296875 0.14453125 0.01484375 0.0453125
0 0.16796875 0.12421875 0.01484375 0.03046875
0 0.1609375 0.140625 0.01015625 0.03203125
0 0.13828125 0.13125 0.01015625 0.02421875
0 0.1421875 0.1453125 0.0109375 0.01875
0 0.10546875 0.15 0.0140625 0.03359375
0 0.11640625 0.17265625 0.01875 0.02734375
0 0.1484375 0.17421875 0.01171875 0.0359375
0 0.1046875 0.20390625 0.01015625 0.021875
0 0.08203125 0.20390625 0.0171875 0.03125
0 0.06796875 0.15625 0.0109375 0.02734375
0 0.22109375 0.196875 0.0203125 0.040625
0 0.17734375 0.2125 0.02265625 0.04375
0 0.12265625 0.21328125 0.01953125 0.046875
0 0.0734375 0.225 0.01875 0.03125
0 0.09140625 0.2609375 0.0265625 0.05625
0 0.134375 0.2546875 0.0234375 0.04296875
0 0.08515625 0.31796875 0.0265625 0.06484375
0 0.16484375 0.30625 0.02265625 0.05859375
0 0.2 0.2515625 0.021875 0.0453125
0 0.25 0.2109375 0.02109375 0.05234375
0 0.2359375 0.2765625 0.0296875 0.0546875
0 0.284375 0.25 0.02734375 0.059375
0 0.3265625 0.2140625 0.02265625 0.05390625
0 0.2734375 0.20625 0.025 0.03359375
0 0.1140625 0.3515625 0.03359375 0.084375
0 0.203125 0.4265625 0.0390625 0.06953125
0 0.25625 0.37421875 0.028125 0.06484375
0 0.31015625 0.3171875 0.03359375 0.06953125
0 0.38359375 0.25390625 0.01875 0.04453125
0 0.37109375 0.290625 0.03203125 0.0609375
0 0.384375 0.10546875 0.00859375 0.02734375