0 0.34453125 0.55703125 0.0671875 0.11328125
0 0.35703125 0.43671875 0.04609375 0.07890625
0 0.31875 0.359375 0.03515625 0.0921875
0 0.4328125 0.234375 0.02734375 0.07109375
0 0.4 0.2359375 0.0265625 0.05
0 0.35546875 0.25625 0.0296875 0.06015625
0 0.3328125 0.26171875 0.0203125 0.0609375
0 0.30234375 0.25234375 0.0203125 0.04296875
0 0.28046875 0.26796875 0.0234375 0.046875
0 0.2234375 0.32734375 0.028125 0.06015625
0 0.2078125 0.3 0.0171875 0.0421875
0 0.17734375 0.40234375 0.03125 0.0640625
0 0.17109375 0.34609375 0.02421875 0.05234375