0 0.89453125 0.534375 0.05078125 0.10234375
0 0.22578125 0.51953125 0.03828125 0.06875
0 0.1828125 0.42578125 0.02421875 0.05703125
0 0.1234375 0.459375 0.03359375 0.06796875
0 0.11015625 0.39375 0.02109375 0.05625
0 0.1671875 0.37421875 0.028125 0.0625
0 0.2203125 0.3625 0.03046875 0.04765625
0 0.23125 0.41953125 0.03125 0.0671875
0 0.28515625 0.40390625 0.02578125 0.065625
0 0.31328125 0.48828125 0.028125 0.07578125
0 0.37734375 0.46640625 0.03515625 0.06640625
0 0.353125 0.36796875 0.0234375 0.0546875
0 0.3328125 0.3484375 0.01875 0.04609375
0 0.36640625 0.33125 0.021875 0.04140625
0 0.38515625 0.29921875 0.01796875 0.04140625
0 0.42109375 0.32109375 0.02265625 0.0421875
0 0.45546875 0.34140625 0.0203125 0.04296875
0 0.4796875 0.40078125 0.0234375 0.04609375
0 0.44296875 0.43046875 0.03359375 0.07265625
0 0.55 0.40859375 0.0265625 0.0609375
0 0.38828125 0.25 0.01015625 0.034375
0 0.34453125 0.27265625 0.021875 0.03984375
0 0.35390625 0.23359375 0.0109375 0.03046875
0 0.3390625 0.221875 0.01328125 0.034375
0 0.3703125 0.221875 0.01171875 0.034375
0 0.31875 0.2578125 0.015625 0.0359375
0 0.303125 0.284375 0.0109375 0.03125
0 0.290625 0.26484375 0.009375 0.034375
0 0.28515625 0.2453125 0.00859375 0.0328125
0 0.2765625 0.23515625 0.0109375 0.02890625
0 0.24140625 0.23828125 0.0140625 0.0328125
0 0.25 0.26484375 0.0140625 0.03203125
0 0.265625 0.290625 0.02109375 0.03828125
0 0.23046875 0.303125 0.01953125 0.04375
0 0.2125 0.27578125 0.01875 0.03671875
0 0.190625 0.25859375 0.01796875 0.0453125
0 0.171875 0.2609375 0.01875 0.0375
0 0.15703125 0.25546875 0.01328125 0.03671875
0 0.1875 0.30234375 0.01796875 0.034375
0 0.15546875 0.34375 0.0203125 0.0359375
0 0.13671875 0.32890625 0.02109375 0.0359375
0 0.13671875 0.28671875 0.0203125 0.04296875
0 0.0984375 0.27890625 0.02109375 0.0328125
0 0.1 0.3125 0.01484375 0.0296875
0 0.109375 0.3390625 0.01640625 0.03828125
0 0.40859375 0.2015625 0.009375 0.0234375
0 0.415625 0.2265625 0.0109375 0.02734375
0 0.45625 0.2203125 0.01484375 0.025
0 0.43828125 0.2390625 0.01640625 0.0234375
0 0.43828125 0.26640625 0.02109375 0.03203125
0 0.45859375 0.28203125 0.01640625 0.0421875
0 0.421875 0.25 0.01328125 0.02578125
0 0.48984375 0.27421875 0.01796875 0.0421875
0 0.52109375 0.2625 0.0140625 0.0328125
0 0.53828125 0.27421875 0.015625 0.04296875
0 0.54375 0.23515625 0.01171875 0.02890625
0 0.56015625 0.2515625 0.0078125 0.03125
0 0.51328125 0.33125 0.02265625 0.04609375
0 0.55 0.31953125 0.01328125 0.0328125
0 0.5734375 0.3109375 0.01953125 0.0484375
0 0.571875 0.28046875 0.015625 0.03671875
0 0.58828125 0.25078125 0.01171875 0.028125
0 0.61640625 0.2546875 0.01484375 0.04140625
0 0.59765625 0.271875 0.0140625 0.0328125
0 0.60546875 0.3 0.0140625 0.02890625
0 0.6046875 0.33984375 0.01953125 0.04453125
0 0.57890625 0.340625 0.01953125 0.04375
0 0.62109375 0.31796875 0.0140625 0.04453125
0 0.65078125 0.296875 0.0203125 0.04296875
0 0.65703125 0.3296875 0.01484375 0.0359375
0 0.68046875 0.353125 0.0265625 0.0421875
0 0.71484375 0.3546875 0.0203125 0.0453125
0 0.7453125 0.346875 0.0203125 0.053125
0 0.71953125 0.3 0.021875 0.040625
0 0.790625 0.3453125 0.01484375 0.04765625