0 0.72109375 0.178125 0.03203125 0.0625
0 0.765625 0.21953125 0.025 0.053125
0 0.75234375 0.2703125 0.02890625 0.04921875
0 0.6671875 0.19375 0.03359375 0.0546875
0 0.62890625 0.1890625 0.025 0.04140625
0 0.5859375 0.2203125 0.03046875 0.0625
0 0.51640625 0.259375 0.0375 0.06484375
0 0.17421875 0.3453125 0.0609375 0.1109375
0 0.5640625 0.28203125 0.034375 0.06875
0 0.64296875 0.290625 0.02734375 0.07265625
0 0.68515625 0.3203125 0.03125 0.06953125
0 0.65234375 0.23828125 0.02421875 0.06015625
0 0.73984375 0.34765625 0.03203125 0.06171875