0 0.17421875 0.253125 0.03125 0.05703125
0 0.13359375 0.18984375 0.0265625 0.04609375
0 0.11171875 0.259375 0.0265625 0.0515625
0 0.084375 0.25703125 0.025 0.0625
0 0.06328125 0.1875 0.0203125 0.03984375
0 0.81484375 0.453125 0.04296875 0.0953125
0 0.82890625 0.2734375 0.02578125 0.05390625
0 0.809375 0.17265625 0.01328125 0.0375
0 0.7765625 0.16796875 0.01796875 0.0296875
0 0.75625 0.16015625 0.0203125 0.03359375
0 0.73203125 0.27265625 0.02734375 0.0671875
0 0.69296875 0.22578125 0.01953125 0.04375
0 0.675 0.23203125 0.0203125 0.04765625
0 0.65546875 0.22421875 0.015625 0.05234375
0 0.63984375 0.18828125 0.02265625 0.0453125
0 0.60859375 0.190625 0.01640625 0.0421875
0 0.5796875 0.21640625 0.02421875 0.04453125
0 0.5296875 0.20078125 0.0234375 0.05625
0 0.4125 0.10625 0.01796875 0.053125
0 0.39453125 0.05390625 0.01640625 0.034375
0 0.3375 0.07890625 0.015625 0.03203125
0 0.36171875 0.14609375 0.01484375 0.0328125
0 0.34296875 0.11953125 0.01796875 0.021875
0 0.34453125 0.1453125 0.01796875 0.02890625
0 0.27109375 0.0828125 0.0203125 0.034375
0 0.253125 0.07890625 0.015625 0.03203125
0 0.2390625 0.07265625 0.01640625 0.0234375
0 0.2375 0.0953125 0.01484375 0.0296875
0 0.52890625 0.0703125 0.0140625 0.0234375