0 0.09375 0.4 0.0390625 0.0765625
0 0.66796875 0.33984375 0.03046875 0.0625
0 0.7109375 0.2859375 0.02578125 0.05
0 0.778125 0.28046875 0.021875 0.04609375
0 0.75078125 0.23359375 0.021875 0.04140625
0 0.93125 0.27421875 0.02578125 0.0546875
0 0.8671875 0.21875 0.0203125 0.0375
0 0.85078125 0.18515625 0.01875 0.03359375
0 0.88125 0.20546875 0.0203125 0.04296875
0 0.89453125 0.1703125 0.01640625 0.03203125
0 0.9328125 0.159375 0.015625 0.0453125
0 0.89765625 0.128125 0.0140625 0.025
0 0.86953125 0.12109375 0.0171875 0.02578125
0 0.86953125 0.15234375 0.01484375 0.03046875
0 0.853125 0.15546875 0.01484375 0.03671875
0 0.83125 0.13828125 0.021875 0.0390625
0 0.8125 0.15703125 0.0171875 0.025
0 0.8 0.17890625 0.01953125 0.0375
0 0.81171875 0.128125 0.0125 0.025
0 0.79375 0.13203125 0.01484375 0.0328125
0 0.78203125 0.12109375 0.01640625 0.02578125
0 0.7609375 0.1625 0.0171875 0.0328125
0 0.746875 0.1875 0.01875 0.0390625
0 0.73125 0.15703125 0.01640625 0.0328125
0 0.74296875 0.1453125 0.01328125 0.03046875
0 0.759375 0.1265625 0.0125 0.02890625
0 0.7515625 0.1015625 0.01171875 0.0265625
0 0.73515625 0.1125 0.01796875 0.02265625
0 0.70703125 0.134375 0.01484375 0.0296875
0 0.69296875 0.18515625 0.0171875 0.04765625
0 0.703125 0.20859375 0.0203125 0.03671875
0 0.67890625 0.2421875 0.025 0.04921875
0 0.64921875 0.221875 0.02109375 0.04453125
0 0.6484375 0.18046875 0.02109375 0.0359375
0 0.6046875 0.215625 0.01875 0.0359375
0 0.609375 0.25859375 0.0234375 0.046875
0 0.55703125 0.290625 0.01953125 0.05546875
0 0.59609375 0.34453125 0.028125 0.06328125
0 0.4859375 0.29375 0.028125 0.0390625
0 0.49453125 0.2328125 0.01953125 0.0421875
0 0.50859375 0.18984375 0.02109375 0.0328125
0 0.5453125 0.1921875 0.0203125 0.0375
0 0.54765625 0.1546875 0.01640625 0.0359375
0 0.5828125 0.15625 0.01953125 0.04140625
0 0.62109375 0.140625 0.009375 0.03046875
0 0.671875 0.12578125 0.01484375 0.02265625
0 0.69296875 0.0921875 0.0109375 0.034375
0 0.6421875 0.1046875 0.015625 0.03046875
0 0.6171875 0.10078125 0.01328125 0.021875
0 0.59609375 0.12578125 0.01796875 0.02578125
0 0.5796875 0.1109375 0.01484375 0.021875
0 0.5265625 0.1421875 0.0234375 0.03125
0 0.4859375 0.1296875 0.01640625 0.0203125
0 0.47890625 0.1671875 0.0171875 0.034375
0 0.4484375 0.1453125 0.015625 0.02734375
0 0.4546875 0.1984375 0.021875 0.03984375
0 0.43984375 0.2296875 0.01640625 0.046875
0 0.4234375 0.1875 0.02109375 0.02578125
0 0.41640625 0.21953125 0.0171875 0.028125
0 0.43203125 0.278125 0.01953125 0.0421875
0 0.40546875 0.16953125 0.0140625 0.02421875
0 0.37890625 0.20546875 0.01484375 0.0328125
0 0.37265625 0.228125 0.02109375 0.0359375
0 0.3421875 0.21484375 0.0140625 0.0328125
0 0.3421875 0.26875 0.0203125 0.0453125
0 0.3140625 0.22265625 0.01953125 0.034375
0 0.29765625 0.2625 0.0203125 0.0421875
0 0.28203125 0.2671875 0.01875 0.0328125
0 0.25546875 0.2875 0.0234375 0.0390625