0 0.07109375 0.565625 0.06875 0.13046875
0 0.8015625 0.54453125 0.0515625 0.07734375
0 0.9046875 0.4703125 0.0390625 0.08125
0 0.840625 0.4375 0.04140625 0.0625
0 0.78828125 0.41484375 0.03359375 0.06875
0 0.8078125 0.3796875 0.028125 0.053125
0 0.86015625 0.37421875 0.03203125 0.06796875
0 0.74453125 0.41171875 0.04140625 0.06171875
0 0.70625 0.49375 0.040625 0.08984375
0 0.9375 0.36953125 0.028125 0.04609375
0 0.9203125 0.33359375 0.02265625 0.04765625
0 0.88984375 0.325 0.0234375 0.0390625
0 0.83984375 0.31953125 0.02109375 0.0453125
0 0.81953125 0.33515625 0.02265625 0.04609375
0 0.79453125 0.30703125 0.0203125 0.04140625
0 0.8890625 0.2859375 0.01796875 0.0390625
0 0.9328125 0.26796875 0.0203125 0.03125
0 0.9296875 0.309375 0.01953125 0.034375
0 0.86875 0.25390625 0.01953125 0.02734375
0 0.85703125 0.275 0.01796875 0.0375
0 0.84453125 0.28671875 0.01796875 0.0328125
0 0.8375 0.2609375 0.01640625 0.02890625
0 0.821875 0.2765625 0.01875 0.034375
0 0.79921875 0.26328125 0.0171875 0.02421875
0 0.7765625 0.23359375 0.0203125 0.02890625
0 0.77109375 0.27109375 0.0234375 0.04296875
0 0.7390625 0.24375 0.01953125 0.02578125
0 0.746875 0.2921875 0.021875 0.03984375
0 0.7296875 0.26796875 0.01796875 0.03671875
0 0.7203125 0.28828125 0.0203125 0.04375
0 0.7046875 0.26171875 0.01796875 0.03984375
0 0.6890625 0.353125 0.02578125 0.05078125
0 0.66328125 0.36484375 0.028125 0.05390625
0 0.6546875 0.33046875 0.02421875 0.04921875
0 0.6765625 0.26875 0.0234375 0.04375
0 0.675 0.234375 0.0203125 0.03359375
0 0.63984375 0.4625 0.034375 0.08046875
0 0.65390625 0.2296875 0.0203125 0.0421875
0 0.6375 0.2484375 0.01875 0.040625
0 0.63203125 0.3015625 0.02109375 0.04453125
0 0.6 0.32109375 0.025 0.05390625
0 0.56171875 0.35078125 0.025 0.05625
0 0.578125 0.434375 0.03515625 0.08125
0 0.5421875 0.40390625 0.0296875 0.06484375
0 0.6109375 0.209375 0.01484375 0.034375
0 0.60078125 0.2265625 0.015625 0.02890625
0 0.60390625 0.2546875 0.01953125 0.03203125
0 0.57734375 0.225 0.0171875 0.0234375
0 0.5578125 0.22265625 0.0140625 0.034375
0 0.58125 0.25859375 0.0203125 0.03359375
0 0.54921875 0.2484375 0.01484375 0.0296875
0 0.5546875 0.28515625 0.021875 0.0359375
0 0.51171875 0.325 0.02265625 0.05078125
0 0.52734375 0.271875 0.01875 0.040625
0 0.50390625 0.26328125 0.0203125 0.04375
0 0.465625 0.4171875 0.034375 0.06015625
0 0.45234375 0.3484375 0.0234375 0.03984375
0 0.47734375 0.27109375 0.01796875 0.0359375
0 0.475 0.24140625 0.01796875 0.03046875
0 0.45546875 0.24921875 0.01796875 0.03515625
0 0.4359375 0.278125 0.015625 0.034375
0 0.425 0.2515625 0.01953125 0.03515625
0 0.440625 0.31171875 0.02109375 0.0390625
0 0.46484375 0.31875 0.02265625 0.04140625
0 0.4125 0.3 0.01953125 0.03203125
0 0.4140625 0.346875 0.0296875 0.04765625
0 0.39140625 0.32421875 0.01875 0.04453125
0 0.39453125 0.275 0.0203125 0.04140625
0 0.3578125 0.29921875 0.01875 0.0390625
0 0.35078125 0.3328125 0.021875 0.0375
0 0.33515625 0.3703125 0.02421875 0.053125
0 0.28984375 0.3078125 0.02421875 0.04296875
0 0.2890625 0.37109375 0.0234375 0.04765625
0 0.2546875 0.3703125 0.03046875 0.04453125
0 0.22265625 0.35 0.021875 0.03671875