0 0.965625 0.39921875 0.02578125 0.03671875
0 0.159375 0.5109375 0.0265625 0.06328125
0 0.15703125 0.42734375 0.02734375 0.05546875
0 0.1421875 0.3671875 0.03046875 0.0453125
0 0.0953125 0.46171875 0.03203125 0.06328125
0 0.12265625 0.34296875 0.0171875 0.03203125
0 0.1171875 0.321875 0.0140625 0.03671875
0 0.10703125 0.28203125 0.0109375 0.0296875
0 0.065625 0.30078125 0.01171875 0.02734375
0 0.07109375 0.275 0.01328125 0.01796875
0 0.0875 0.321875 0.01640625 0.04453125
0 0.06640625 0.35859375 0.01953125 0.05078125
0 0.12734375 0.25078125 0.01328125 0.0328125
0 0.1390625 0.2671875 0.0203125 0.02421875
0 0.15 0.28125 0.01328125 0.0328125
0 0.1625 0.253125 0.0109375 0.021875
0 0.159375 0.30625 0.01953125 0.03828125
0 0.18125 0.29296875 0.0125 0.03203125
0 0.18828125 0.32890625 0.01875 0.0328125
0 0.1921875 0.36328125 0.025 0.04453125
0 0.21484375 0.421875 0.0265625 0.05234375
0 0.27109375 0.39921875 0.02890625 0.04375
0 0.2890625 0.45390625 0.0359375 0.05859375
0 0.3453125 0.4453125 0.0265625 0.06953125
0 0.38671875 0.41796875 0.02421875 0.05859375
0 0.3953125 0.35625 0.01875 0.04609375
0 0.346875 0.371875 0.02265625 0.059375
0 0.3109375 0.3515625 0.01953125 0.0484375
0 0.40234375 0.3296875 0.01484375 0.03515625
0 0.365625 0.30546875 0.02578125 0.04609375
0 0.3203125 0.271875 0.01640625 0.0359375
0 0.29609375 0.253125 0.0125 0.03203125
0 0.2765625 0.28671875 0.01328125 0.03671875
0 0.26015625 0.2578125 0.01484375 0.04140625
0 0.2578125 0.23671875 0.0125 0.03671875
0 0.24375 0.23515625 0.01171875 0.028125
0 0.221875 0.2390625 0.0140625 0.02890625
0 0.2296875 0.27734375 0.01171875 0.03671875
0 0.45625 0.4 0.02734375 0.04296875
0 0.46484375 0.353125 0.02265625 0.04765625
0 0.54296875 0.41171875 0.02265625 0.0625
0 0.30078125 0.22734375 0.01171875 0.03515625
0 0.32421875 0.228125 0.01484375 0.02109375
0 0.34375 0.21796875 0.01484375 0.02578125
0 0.36015625 0.22421875 0.0125 0.0265625
0 0.36171875 0.2484375 0.02109375 0.021875
0 0.3703125 0.2171875 0.01640625 0.02421875
0 0.3890625 0.20859375 0.0125 0.02265625
0 0.40078125 0.21875 0.01015625 0.02109375
0 0.4015625 0.2515625 0.01640625 0.0359375
0 0.41484375 0.25859375 0.01484375 0.0328125
0 0.4265625 0.225 0.0140625 0.02265625
0 0.44140625 0.2265625 0.01171875 0.02578125
0 0.45859375 0.2484375 0.0140625 0.0265625
0 0.446875 0.2984375 0.025 0.0296875
0 0.47734375 0.28359375 0.01328125 0.0375
0 0.4875 0.259375 0.0125 0.0296875
0 0.5203125 0.26875 0.01328125 0.03046875
0 0.5375 0.2421875 0.0109375 0.01796875
0 0.52421875 0.309375 0.02109375 0.04140625
0 0.49921875 0.32109375 0.01796875 0.040625
0 0.55546875 0.26953125 0.01640625 0.04375
0 0.5703125 0.253125 0.0109375 0.0390625
0 0.55234375 0.3484375 0.0265625 0.04296875
0 0.59453125 0.33515625 0.02265625 0.03359375
0 0.61875 0.32109375 0.009375 0.0359375
0 0.5921875 0.29453125 0.015625 0.03515625
0 0.590625 0.265625 0.01171875 0.02734375
0 0.60546875 0.24921875 0.01484375 0.02890625
0 0.64296875 0.29609375 0.01484375 0.02734375
0 0.63984375 0.33828125 0.01171875 0.03203125
0 0.66875 0.35546875 0.025 0.03671875
0 0.7109375 0.37109375 0.0203125 0.04375
0 0.70390625 0.29921875 0.01484375 0.0328125
0 0.740625 0.371875 0.0203125 0.0515625
0 0.7640625 0.33671875 0.0234375 0.04609375