0 0.19609375 0.35 0.046875 0.07421875
0 0.57421875 0.28828125 0.02890625 0.0578125
0 0.62734375 0.275 0.025 0.0421875
0 0.6609375 0.275 0.025 0.03828125
0 0.72109375 0.27890625 0.025 0.046875
0 0.790625 0.29921875 0.02734375 0.05
0 0.8390625 0.30625 0.025 0.04453125
0 0.890625 0.32890625 0.03203125 0.0421875
0 0.909375 0.284375 0.0171875 0.0453125
0 0.85703125 0.26484375 0.021875 0.040625
0 0.834375 0.240625 0.01953125 0.0328125
0 0.94375 0.2671875 0.02265625 0.04453125
0 0.88203125 0.24296875 0.0203125 0.0375
0 0.91953125 0.24609375 0.0171875 0.04296875
0 0.940625 0.2171875 0.0234375 0.03359375
0 0.8921875 0.20390625 0.01796875 0.0359375
0 0.928125 0.2078125 0.009375 0.01953125
0 0.93515625 0.178125 0.01328125 0.01875
0 0.9046875 0.1640625 0.01484375 0.025
0 0.87890625 0.153125 0.01015625 0.021875
0 0.86484375 0.17265625 0.01484375 0.02578125
0 0.853125 0.19921875 0.0125 0.0265625
0 0.83515625 0.19375 0.015625 0.028125
0 0.84765625 0.15703125 0.01171875 0.0203125
0 0.83515625 0.16171875 0.01171875 0.02578125
0 0.8203125 0.1734375 0.0109375 0.02421875
0 0.790625 0.15703125 0.01640625 0.025
0 0.8140625 0.1453125 0.01328125 0.02578125
0 0.77421875 0.1640625 0.0125 0.021875
0 0.77109375 0.1359375 0.01171875 0.01875
0 0.75625 0.16015625 0.01328125 0.03359375
0 0.73984375 0.18359375 0.01328125 0.0234375
0 0.784375 0.2171875 0.015625 0.03203125
0 0.74921875 0.21953125 0.015625 0.034375
0 0.7578125 0.26328125 0.02109375 0.04140625
0 0.71640625 0.24296875 0.01875 0.02421875
0 0.665625 0.21796875 0.015625 0.034375
0 0.61953125 0.21484375 0.01796875 0.03203125
0 0.659375 0.1859375 0.01796875 0.025
0 0.7 0.2015625 0.01796875 0.03359375
0 0.703125 0.16875 0.01484375 0.0234375
0 0.7234375 0.14375 0.01484375 0.03515625
0 0.709375 0.11640625 0.0140625 0.01953125
0 0.68359375 0.125 0.01328125 0.02890625
0 0.65078125 0.10859375 0.01171875 0.0203125
0 0.6625 0.11953125 0.01328125 0.0234375
0 0.6515625 0.14375 0.0140625 0.02578125
0 0.63203125 0.10390625 0.015625 0.0140625
0 0.62734375 0.11796875 0.0140625 0.01875
0 0.6140625 0.1078125 0.01171875 0.01953125
0 0.60625 0.11640625 0.01015625 0.015625
0 0.6203125 0.14296875 0.0140625 0.025
0 0.5828125 0.1203125 0.01015625 0.01953125
0 0.59375 0.14375 0.0140625 0.021875
0 0.57578125 0.1421875 0.01171875 0.0203125
0 0.5765625 0.18984375 0.01484375 0.02578125
0 0.61484375 0.16875 0.01796875 0.02421875
0 0.5453125 0.14296875 0.009375 0.01953125
0 0.53203125 0.1453125 0.0125 0.0234375
0 0.51484375 0.13359375 0.01171875 0.0171875
0 0.496875 0.134375 0.01328125 0.015625
0 0.50546875 0.15078125 0.0125 0.0265625
0 0.478125 0.15546875 0.0125 0.02109375
0 0.4609375 0.140625 0.0140625 0.0203125
0 0.51640625 0.1734375 0.0140625 0.021875
0 0.53515625 0.2125 0.0140625 0.03046875
0 0.50234375 0.2015625 0.0203125 0.03125
0 0.471875 0.1890625 0.01953125 0.02890625
0 0.42578125 0.15859375 0.0125 0.0296875
0 0.3984375 0.1765625 0.01328125 0.03359375
0 0.3796875 0.18359375 0.01484375 0.02890625
0 0.353125 0.203125 0.015625 0.028125
0 0.33671875 0.20234375 0.015625 0.02890625
0 0.36796875 0.20703125 0.0171875 0.03828125
0 0.42109375 0.19453125 0.0140625 0.02578125
0 0.44296875 0.22265625 0.0171875 0.03359375
0 0.41953125 0.2265625 0.01640625 0.0328125
0 0.4828125 0.24453125 0.021875 0.03203125
0 0.41015625 0.28046875 0.021875 0.03828125
0 0.32265625 0.253125 0.0203125 0.034375
0 0.2703125 0.22421875 0.015625 0.0296875