0 0.171875 0.4921875 0.04921875 0.11796875
0 0.2671875 0.2609375 0.01484375 0.03671875
0 0.2796875 0.25625 0.02109375 0.0375
0 0.3015625 0.26640625 0.02578125 0.04609375
0 0.353125 0.28046875 0.01796875 0.046875
0 0.38046875 0.278125 0.01953125 0.03984375
0 0.384375 0.18515625 0.01484375 0.03828125
0 0.38203125 0.22109375 0.02265625 0.0453125
0 0.39453125 0.19375 0.0140625 0.03359375
0 0.42421875 0.17578125 0.01328125 0.0390625
0 0.41171875 0.16796875 0.01484375 0.03359375
0 0.46171875 0.19296875 0.01796875 0.03359375
0 0.446875 0.18671875 0.01171875 0.03046875
0 0.44609375 0.23828125 0.021875 0.04765625
0 0.48203125 0.21953125 0.0171875 0.04765625
0 0.484375 0.2921875 0.028125 0.0515625
0 0.48984375 0.18984375 0.0171875 0.040625
0 0.475 0.1703125 0.01328125 0.0296875
0 0.475 0.15078125 0.01171875 0.02109375
0 0.5453125 0.253125 0.01796875 0.0390625
0 0.5296875 0.3234375 0.021875 0.046875
0 0.53125 0.19140625 0.01875 0.040625
0 0.56640625 0.18203125 0.0171875 0.03125
0 0.5078125 0.1703125 0.01484375 0.02890625
0 0.5140625 0.14609375 0.01640625 0.02265625
0 0.5296875 0.15625 0.01328125 0.03125
0 0.5484375 0.125 0.01171875 0.025
0 0.56328125 0.1359375 0.01328125 0.025
0 0.58359375 0.13515625 0.01484375 0.03125
0 0.6125 0.146875 0.0125 0.02734375
0 0.62578125 0.21640625 0.0203125 0.0296875
0 0.63671875 0.10078125 0.0125 0.0265625
0 0.6625 0.115625 0.01171875 0.02734375
0 0.6421875 0.13671875 0.0109375 0.02265625
0 0.59765625 0.1125 0.01796875 0.015625
0 0.6921875 0.1046875 0.01484375 0.03125
0 0.684375 0.15234375 0.01171875 0.0296875
0 0.65078125 0.17734375 0.01953125 0.0359375
0 0.6984375 0.1703125 0.02109375 0.03515625
0 0.74296875 0.10859375 0.0171875 0.02890625
0 0.76484375 0.12578125 0.0109375 0.03125
0 0.74453125 0.1375 0.01640625 0.03046875
0 0.7765625 0.1375 0.01328125 0.03828125
0 0.73359375 0.17734375 0.015625 0.03125
0 0.80703125 0.14453125 0.01484375 0.0453125
0 0.83203125 0.12421875 0.01484375 0.03046875
0 0.8390625 0.140625 0.01015625 0.03203125
0 0.86171875 0.13125 0.01015625 0.02421875
0 0.8578125 0.1453125 0.0109375 0.01875
0 0.89453125 0.15 0.0140625 0.03359375
0 0.88359375 0.17265625 0.01875 0.02734375
0 0.8515625 0.17421875 0.01171875 0.0359375
0 0.8953125 0.20390625 0.01015625 0.021875
0 0.91796875 0.20390625 0.0171875 0.03125
0 0.93203125 0.15625 0.0109375 0.02734375
0 0.77890625 0.196875 0.0203125 0.040625
0 0.82265625 0.2125 0.02265625 0.04375
0 0.87734375 0.21328125 0.01953125 0.046875
0 0.9265625 0.225 0.01875 0.03125
0 0.90859375 0.2609375 0.0265625 0.05625
0 0.865625 0.2546875 0.0234375 0.04296875
0 0.91484375 0.31796875 0.0265625 0.06484375
0 0.83515625 0.30625 0.02265625 0.05859375
0 0.8 0.2515625 0.021875 0.0453125
0 0.75 0.2109375 0.02109375 0.05234375
0 0.7640625 0.2765625 0.0296875 0.0546875
0 0.715625 0.25 0.02734375 0.059375
0 0.6734375 0.2140625 0.02265625 0.05390625
0 0.7265625 0.20625 0.025 0.03359375
0 0.8859375 0.3515625 0.03359375 0.084375
0 0.796875 0.4265625 0.0390625 0.06953125
0 0.74375 0.37421875 0.028125 0.06484375
0 0.68984375 0.3171875 0.03359375 0.06953125
0 0.61640625 0.25390625 0.01875 0.04453125
0 0.62890625 0.290625 0.03203125 0.0609375
0 0.615625 0.10546875 0.00859375 0.02734375