0 0.409375 0.24140625 0.028125 0.0609375
0 0.915625 0.328125 0.01875 0.0578125
0 0.93046875 0.28828125 0.02265625 0.05390625
0 0.9265625 0.24296875 0.0125 0.03671875
0 0.95078125 0.21796875 0.0109375 0.02890625
0 0.93125 0.17421875 0.0125 0.03984375
0 0.94765625 0.175 0.01328125 0.03125
0 0.91484375 0.159375 0.0171875 0.0375
0 0.88984375 0.23359375 0.01953125 0.046875
0 0.85703125 0.27265625 0.03203125 0.03984375
0 0.84453125 0.3203125 0.02265625 0.06328125
0 0.83828125 0.2328125 0.015625 0.04921875
0 0.8421875 0.20625 0.01953125 0.03359375
0 0.85078125 0.18125 0.01484375 0.034375
0 0.853125 0.15 0.01015625 0.03046875
0 0.88046875 0.153125 0.01484375 0.0265625
0 0.834375 0.15625 0.0140625 0.03046875
0 0.82109375 0.1359375 0.0140625 0.02265625
0 0.8140625 0.15546875 0.0171875 0.03125
0 0.7984375 0.13046875 0.01796875 0.02734375
0 0.796875 0.16875 0.015625 0.0296875
0 0.78515625 0.146875 0.015625 0.03125
0 0.7609375 0.13203125 0.01328125 0.02265625
0 0.74140625 0.14140625 0.01328125 0.03046875
0 0.75234375 0.1796875 0.009375 0.02421875
0 0.78671875 0.2171875 0.0171875 0.02734375
0 0.746875 0.21015625 0.015625 0.04765625
0 0.76796875 0.253125 0.0234375 0.05703125
0 0.79375 0.30390625 0.02578125 0.0609375
0 0.72890625 0.2921875 0.02421875 0.046875
0 0.71875 0.240625 0.02421875 0.05
0 0.696875 0.1875 0.0125 0.0265625
0 0.65625 0.184375 0.015625 0.03046875
0 0.63828125 0.196875 0.0140625 0.040625
0 0.67421875 0.21875 0.01953125 0.02734375
0 0.690625 0.2640625 0.02734375 0.0546875
0 0.634375 0.25390625 0.02421875 0.05546875
0 0.56640625 0.29140625 0.02578125 0.0625
0 0.57109375 0.24765625 0.0234375 0.0484375
0 0.68671875 0.1265625 0.01328125 0.02265625
0 0.68671875 0.10625 0.0078125 0.01953125
0 0.71015625 0.11796875 0.0140625 0.02578125
0 0.65625 0.115625 0.01484375 0.03828125
0 0.65703125 0.14609375 0.01171875 0.03359375
0 0.6390625 0.12890625 0.01875 0.0265625
0 0.6296875 0.1140625 0.01015625 0.01875
0 0.6203125 0.11328125 0.01015625 0.0171875
0 0.6078125 0.11640625 0.0109375 0.02578125
0 0.6234375 0.14765625 0.015625 0.03671875
0 0.59921875 0.13359375 0.0125 0.0328125
0 0.58203125 0.121875 0.01171875 0.0234375
0 0.56953125 0.1421875 0.0140625 0.0359375
0 0.58203125 0.1765625 0.01953125 0.034375
0 0.540625 0.20625 0.0234375 0.034375
0 0.52265625 0.18125 0.015625 0.03671875
0 0.53671875 0.16640625 0.0125 0.02890625
0 0.51171875 0.146875 0.01015625 0.0265625
0 0.52109375 0.134375 0.01015625 0.02890625
0 0.48828125 0.15546875 0.01171875 0.03359375
0 0.47734375 0.1359375 0.01171875 0.0296875
0 0.48671875 0.1859375 0.01484375 0.04921875
0 0.50078125 0.2171875 0.0140625 0.03671875
0 0.4546875 0.2078125 0.01484375 0.0375
0 0.44375 0.25546875 0.0234375 0.059375
0 0.4421875 0.16875 0.01796875 0.03125
0 0.421875 0.16640625 0.01484375 0.03203125
0 0.39375 0.16484375 0.01328125 0.03359375
0 0.39375 0.196875 0.01328125 0.03359375
0 0.371875 0.18984375 0.01328125 0.03359375
0 0.35703125 0.22734375 0.015625 0.0375
0 0.271875 0.22265625 0.0140625 0.0453125