0 0.92578125 0.45078125 0.04921875 0.0828125
0 0.11015625 0.34609375 0.0328125 0.06015625
0 0.19296875 0.39765625 0.0328125 0.06953125
0 0.09140625 0.31328125 0.0203125 0.0609375
0 0.165625 0.30859375 0.02421875 0.0640625
0 0.2328125 0.30234375 0.025 0.04921875
0 0.15703125 0.25078125 0.021875 0.053125
0 0.13046875 0.215625 0.01953125 0.040625
0 0.08125 0.23515625 0.01796875 0.0515625
0 0.0625 0.28984375 0.028125 0.04609375
0 0.18515625 0.2453125 0.0203125 0.034375
0 0.22421875 0.20859375 0.0171875 0.03515625
0 0.11171875 0.1875 0.0140625 0.03671875
0 0.0984375 0.153125 0.01640625 0.03671875
0 0.0875 0.1421875 0.01484375 0.03359375
0 0.07421875 0.16484375 0.015625 0.04765625
0 0.06328125 0.1546875 0.015625 0.0421875
0 0.1375 0.146875 0.01328125 0.03203125
0 0.15234375 0.16484375 0.015625 0.02734375
0 0.16015625 0.12578125 0.01484375 0.034375
0 0.17890625 0.13046875 0.01484375 0.0359375
0 0.19609375 0.12265625 0.01328125 0.03203125
0 0.2203125 0.11328125 0.01875 0.02890625
0 0.19453125 0.17578125 0.015625 0.034375
0 0.18828125 0.15234375 0.01796875 0.03203125
0 0.2203125 0.1625 0.01640625 0.03125
0 0.2484375 0.1734375 0.0203125 0.02890625
0 0.26875 0.18046875 0.021875 0.03203125
0 0.2578125 0.25390625 0.02421875 0.06171875
0 0.28671875 0.21796875 0.0234375 0.04375
0 0.28125 0.16171875 0.0140625 0.0375
0 0.2828125 0.140625 0.01328125 0.028125
0 0.265625 0.12734375 0.01484375 0.03046875
0 0.33046875 0.20703125 0.0203125 0.040625
0 0.3484375 0.2234375 0.02578125 0.0390625
0 0.3359375 0.2703125 0.02421875 0.04375
0 0.3734375 0.24140625 0.02421875 0.053125
0 0.39921875 0.32421875 0.03046875 0.075
0 0.43828125 0.2484375 0.02734375 0.05703125
0 0.475 0.28671875 0.03046875 0.053125
0 0.3125 0.10859375 0.0125 0.028125
0 0.3390625 0.11328125 0.0171875 0.0375
0 0.35625 0.10703125 0.0140625 0.02421875
0 0.34375 0.13828125 0.01328125 0.0328125
0 0.37109375 0.12265625 0.0125 0.028125
0 0.37578125 0.15 0.01484375 0.028125
0 0.3921875 0.10859375 0.01328125 0.0328125
0 0.41015625 0.13515625 0.009375 0.03515625
0 0.4171875 0.1078125 0.0140625 0.0390625
0 0.4359375 0.1234375 0.01796875 0.03515625
0 0.44140625 0.14453125 0.01796875 0.03203125
0 0.43828125 0.184375 0.01796875 0.03984375
0 0.46171875 0.12734375 0.01953125 0.03046875
0 0.46796875 0.1765625 0.02109375 0.04609375
0 0.48828125 0.14921875 0.0171875 0.034375
0 0.4921875 0.18125 0.01796875 0.0296875
0 0.50078125 0.13828125 0.015625 0.028125
0 0.52890625 0.14765625 0.015625 0.0359375
0 0.55234375 0.14296875 0.0125 0.0296875
0 0.51796875 0.1921875 0.01328125 0.03203125
0 0.49921875 0.225 0.01796875 0.03046875
0 0.5453125 0.21015625 0.02421875 0.03046875
0 0.54609375 0.18828125 0.01796875 0.0265625
0 0.57734375 0.190625 0.01640625 0.04375
0 0.5984375 0.221875 0.0203125 0.0296875
0 0.5828125 0.25234375 0.02109375 0.04296875
0 0.60703125 0.25859375 0.021875 0.046875
0 0.62109375 0.228125 0.021875 0.04140625
0 0.63359375 0.25546875 0.01796875 0.04375
0 0.65234375 0.2390625 0.021875 0.034375
0 0.66171875 0.2140625 0.02890625 0.02734375
0 0.68984375 0.21953125 0.015625 0.03046875
0 0.67421875 0.27421875 0.02109375 0.04453125
0 0.70625 0.26484375 0.028125 0.04375