0 0.01953125 0.42734375 0.03046875 0.06015625
0 0.85234375 0.528125 0.03046875 0.06875
0 0.93046875 0.48046875 0.0296875 0.0671875
0 0.8625 0.4453125 0.0265625 0.05703125
0 0.73046875 0.5203125 0.040625 0.08359375
0 0.68125 0.459375 0.03359375 0.0640625
0 0.62421875 0.4390625 0.034375 0.06484375
0 0.55546875 0.41953125 0.034375 0.06796875
0 0.5140625 0.4046875 0.02890625 0.05859375
0 0.553125 0.37109375 0.02421875 0.04375
0 0.62578125 0.384375 0.03203125 0.0484375
0 0.60859375 0.3390625 0.02734375 0.04296875
0 0.65234375 0.30859375 0.02421875 0.0421875
0 0.66640625 0.34296875 0.021875 0.05390625
0 0.6828125 0.378125 0.02890625 0.06015625
0 0.75859375 0.4078125 0.02578125 0.05859375
0 0.70859375 0.36328125 0.02421875 0.05546875
0 0.809375 0.4171875 0.025 0.065625
0 0.8328125 0.38671875 0.02265625 0.0484375
0 0.93984375 0.40859375 0.02265625 0.053125
0 0.89765625 0.3703125 0.021875 0.05390625
0 0.946875 0.36171875 0.01953125 0.04921875
0 0.8984375 0.321875 0.01796875 0.0375
0 0.86953125 0.31953125 0.0265625 0.04453125
0 0.83515625 0.31015625 0.02109375 0.03984375
0 0.7828125 0.28984375 0.02109375 0.0453125
0 0.7390625 0.29921875 0.0234375 0.04921875
0 0.6984375 0.31640625 0.02734375 0.05
0 0.68984375 0.275 0.01640625 0.03125
0 0.72109375 0.25703125 0.01953125 0.04140625
0 0.76171875 0.2296875 0.01796875 0.03828125
0 0.8015625 0.23203125 0.01640625 0.04140625
0 0.83203125 0.2546875 0.01875 0.0421875
0 0.865625 0.25859375 0.0171875 0.03671875
0 0.896875 0.26171875 0.015625 0.04296875
0 0.8765625 0.29453125 0.01171875 0.03046875
0 0.87890625 0.26640625 0.0125 0.02890625
0 0.9171875 0.3 0.01875 0.04765625
0 0.95625 0.2875 0.01640625 0.0296875
0 0.703125 0.23671875 0.01484375 0.03359375
0 0.6890625 0.23671875 0.01796875 0.0375
0 0.675 0.22421875 0.01640625 0.028125
0 0.65859375 0.2546875 0.015625 0.0359375
0 0.6203125 0.22890625 0.0125 0.02578125
0 0.62578125 0.20859375 0.0125 0.025
0 0.65234375 0.23515625 0.0140625 0.03125
0 0.58515625 0.2328125 0.0171875 0.028125
0 0.56484375 0.23203125 0.01875 0.03203125
0 0.5359375 0.2625 0.01796875 0.040625
0 0.55234375 0.2625 0.0140625 0.0390625
0 0.57578125 0.2953125 0.015625 0.034375
0 0.53359375 0.32421875 0.021875 0.046875
0 0.515625 0.275 0.01484375 0.034375
0 0.4703125 0.2515625 0.0140625 0.03203125
0 0.484375 0.24140625 0.0125 0.02421875
0 0.48125 0.31484375 0.01328125 0.0390625
0 0.4625 0.34921875 0.021875 0.03984375
0 0.45234375 0.315625 0.0140625 0.03515625
0 0.440625 0.29453125 0.01484375 0.02890625
0 0.42265625 0.309375 0.01640625 0.03515625
0 0.39453125 0.2671875 0.01640625 0.03359375
0 0.41328125 0.2890625 0.0171875 0.03046875
0 0.41953125 0.35078125 0.02265625 0.04453125
0 0.38671875 0.3546875 0.0234375 0.034375
0 0.3671875 0.3015625 0.01953125 0.03828125
0 0.34765625 0.36953125 0.02734375 0.04375
0 0.2921875 0.315625 0.021875 0.0390625
0 0.24296875 0.346875 0.01953125 0.03984375
0 0.26953125 0.35390625 0.0203125 0.0484375
0 0.2953125 0.3734375 0.02421875 0.05078125