0 0.16640625 0.27109375 0.03828125 0.071875
0 0.259375 0.21015625 0.0328125 0.04765625
0 0.2984375 0.19296875 0.01484375 0.0421875
0 0.31484375 0.184375 0.0234375 0.03828125
0 0.471875 0.17890625 0.02265625 0.04765625
0 0.57734375 0.1421875 0.02265625 0.04609375
0 0.56015625 0.2703125 0.0234375 0.0625
0 0.615625 0.24375 0.03359375 0.06171875
0 0.6609375 0.18046875 0.02109375 0.04765625
0 0.69921875 0.18828125 0.021875 0.0421875
0 0.68046875 0.21484375 0.01953125 0.04765625
0 0.7078125 0.25078125 0.0234375 0.05625
0 0.7546875 0.240625 0.0234375 0.05546875
0 0.740625 0.28203125 0.02578125 0.0546875