0 0.925 0.275 0.03515625 0.0640625
0 0.09296875 0.3125 0.0375 0.06953125
0 0.08203125 0.253125 0.01953125 0.0546875
0 0.05625 0.2375 0.01640625 0.040625
0 0.06796875 0.2015625 0.01015625 0.04453125
0 0.05390625 0.1875 0.015625 0.0296875
0 0.0953125 0.1375 0.02109375 0.0203125
0 0.09609375 0.18203125 0.025 0.03125
0 0.10546875 0.20078125 0.01015625 0.03984375
0 0.1140625 0.22109375 0.01640625 0.0359375
0 0.128125 0.1546875 0.01796875 0.0359375
0 0.14765625 0.14921875 0.01171875 0.025
0 0.1359375 0.1890625 0.01171875 0.04140625
0 0.16484375 0.1515625 0.01171875 0.02265625
0 0.1734375 0.1765625 0.01640625 0.04375
0 0.14765625 0.21328125 0.01796875 0.04453125
0 0.16015625 0.21171875 0.0140625 0.03671875
0 0.1859375 0.19609375 0.01875 0.03984375
0 0.20546875 0.20546875 0.01640625 0.0359375
0 0.17421875 0.25859375 0.02890625 0.06171875
0 0.2359375 0.2390625 0.01796875 0.0515625
0 0.21015625 0.2828125 0.025 0.059375
0 0.2578125 0.3703125 0.03046875 0.06875
0 0.3125 0.30703125 0.025 0.0671875
0 0.3171875 0.24453125 0.03125 0.06015625
0 0.2734375 0.23828125 0.03125 0.05625
0 0.32265625 0.21640625 0.0203125 0.04921875
0 0.3640625 0.24609375 0.0328125 0.046875
0 0.41171875 0.22578125 0.0234375 0.0453125
0 0.38203125 0.2015625 0.02109375 0.0390625
0 0.34140625 0.175 0.01953125 0.028125
0 0.290625 0.17265625 0.0234375 0.03515625
0 0.24921875 0.1859375 0.02265625 0.03828125
0 0.265625 0.1671875 0.015625 0.05078125
0 0.30390625 0.16875 0.01328125 0.021875
0 0.26875 0.14296875 0.01171875 0.0421875
0 0.2421875 0.13125 0.0109375 0.04453125
0 0.21796875 0.1453125 0.0140625 0.0328125
0 0.20625 0.165625 0.01171875 0.03125
0 0.20234375 0.1390625 0.01015625 0.03046875
0 0.2234375 0.1265625 0.01328125 0.0328125
0 0.296875 0.1078125 0.0140625 0.0296875
0 0.31953125 0.1 0.01640625 0.01328125
0 0.3234375 0.12890625 0.015625 0.02421875
0 0.340625 0.11328125 0.0140625 0.03125
0 0.34765625 0.0984375 0.0140625 0.028125
0 0.36640625 0.1125 0.0140625 0.0265625
0 0.353125 0.13046875 0.0140625 0.01953125
0 0.3703125 0.146875 0.01953125 0.0359375
0 0.375 0.12734375 0.01484375 0.034375
0 0.38984375 0.11640625 0.0171875 0.0390625
0 0.41171875 0.134375 0.0125 0.0359375
0 0.39921875 0.15859375 0.0203125 0.03203125
0 0.425 0.134375 0.021875 0.0359375
0 0.440625 0.15546875 0.01171875 0.0328125
0 0.45625 0.1328125 0.01953125 0.02578125
0 0.45078125 0.1078125 0.01328125 0.046875
0 0.44375 0.18359375 0.01796875 0.0546875
0 0.46484375 0.15234375 0.01953125 0.03671875
0 0.48046875 0.1765625 0.01796875 0.0359375
0 0.50859375 0.178125 0.0203125 0.04609375
0 0.51015625 0.1484375 0.0171875 0.0421875
0 0.490625 0.140625 0.0203125 0.04296875
0 0.5 0.12109375 0.01484375 0.03359375
0 0.52265625 0.1421875 0.01640625 0.02890625
0 0.54296875 0.20078125 0.015625 0.03828125
0 0.5578125 0.1921875 0.02109375 0.0265625
0 0.56171875 0.153125 0.01640625 0.04765625
0 0.575 0.153125 0.0140625 0.04375
0 0.60078125 0.1640625 0.0171875 0.0375
0 0.62265625 0.16171875 0.0171875 0.02578125
0 0.58359375 0.19140625 0.01640625 0.0359375
0 0.56328125 0.23671875 0.015625 0.0421875
0 0.5921875 0.2421875 0.02890625 0.0484375
0 0.6046875 0.2 0.01875 0.05390625
0 0.63046875 0.19140625 0.01640625 0.028125
0 0.65078125 0.19453125 0.0171875 0.034375
0 0.67578125 0.17890625 0.021875 0.03515625
0 0.62578125 0.23828125 0.02578125 0.03984375
0 0.65234375 0.21796875 0.01640625 0.03515625
0 0.66796875 0.2203125 0.0171875 0.0390625
0 0.690625 0.21328125 0.01171875 0.03046875
0 0.728125 0.22265625 0.01875 0.03671875