0 0.91953125 0.14375 0.01640625 0.02890625
0 0.96171875 0.18984375 0.0125 0.03125
0 0.91875 0.175 0.01171875 0.025
0 0.9078125 0.1953125 0.0125 0.028125
0 0.94453125 0.203125 0.01640625 0.02734375
0 0.940625 0.2453125 0.0203125 0.034375
0 0.89609375 0.23046875 0.01640625 0.03203125
0 0.88125 0.1765625 0.0140625 0.03125
0 0.86484375 0.15 0.0125 0.03046875
0 0.85 0.15390625 0.01328125 0.03203125
0 0.8296875 0.140625 0.015625 0.02734375
0 0.8046875 0.13515625 0.01328125 0.02265625
0 0.77578125 0.12578125 0.0140625 0.03125
0 0.7515625 0.16015625 0.015625 0.0359375
0 0.7375 0.14609375 0.015625 0.03671875
0 0.8015625 0.16328125 0.015625 0.0328125
0 0.83515625 0.171875 0.01484375 0.034375
0 0.8203125 0.1953125 0.015625 0.034375
0 0.80390625 0.20546875 0.01640625 0.04140625
0 0.85703125 0.21875 0.01796875 0.03671875
0 0.840625 0.2453125 0.01875 0.0421875
0 0.921875 0.33359375 0.02421875 0.053125
0 0.81015625 0.2890625 0.021875 0.05078125
0 0.7546875 0.20234375 0.01640625 0.03984375
0 0.7171875 0.18515625 0.01875 0.0375
0 0.7625 0.2546875 0.021875 0.04609375
0 0.725 0.24296875 0.0203125 0.04296875
0 0.68828125 0.221875 0.0203125 0.0328125
0 0.6453125 0.2328125 0.02265625 0.04140625
0 0.5953125 0.22265625 0.021875 0.04375
0 0.66796875 0.18203125 0.01875 0.0328125
0 0.6484375 0.1984375 0.0140625 0.0265625
0 0.69296875 0.27109375 0.01953125 0.04921875
0 0.70546875 0.3125 0.028125 0.0625
0 0.76796875 0.35234375 0.0296875 0.0640625
0 0.07265625 0.29375 0.02421875 0.05546875
0 0.71328125 0.10703125 0.01171875 0.02734375
0 0.68671875 0.12578125 0.0125 0.0296875
0 0.65625 0.11328125 0.01171875 0.02421875
0 0.60546875 0.109375 0.01171875 0.02734375
0 0.65390625 0.15390625 0.0171875 0.02890625
0 0.61328125 0.15859375 0.01640625 0.0375
0 0.578125 0.1546875 0.01484375 0.040625
0 0.584375 0.1328125 0.0140625 0.0234375
0 0.55703125 0.1328125 0.0125 0.03046875
0 0.565625 0.121875 0.0125 0.028125
0 0.53984375 0.14921875 0.01640625 0.03125
0 0.55703125 0.1796875 0.01796875 0.04609375
0 0.51875 0.14921875 0.0125 0.02890625
0 0.5078125 0.115625 0.0140625 0.02734375
0 0.490625 0.14375 0.015625 0.034375
0 0.48046875 0.12890625 0.0109375 0.02578125
0 0.52734375 0.12890625 0.0125 0.03046875
0 0.4328125 0.1515625 0.0125 0.03046875
0 0.4171875 0.16015625 0.01484375 0.03203125
0 0.44453125 0.1625 0.0109375 0.02578125
0 0.4796875 0.20625 0.01640625 0.040625
0 0.4578125 0.1859375 0.01328125 0.02578125
0 0.44296875 0.2 0.01796875 0.03984375
0 0.421875 0.19921875 0.01640625 0.0375
0 0.384375 0.1734375 0.0171875 0.03046875
0 0.3578125 0.18984375 0.0140625 0.03828125
0 0.37890625 0.21015625 0.01640625 0.0328125
0 0.41171875 0.2359375 0.015625 0.0375
0 0.4265625 0.24453125 0.0203125 0.040625
0 0.3296875 0.20234375 0.01484375 0.03671875
0 0.27734375 0.2171875 0.0171875 0.0328125
0 0.315625 0.22734375 0.01328125 0.0296875
0 0.34609375 0.225 0.015625 0.0328125
0 0.34921875 0.2609375 0.0203125 0.03828125
0 0.5328125 0.17890625 0.01484375 0.03046875