0 0.50703125 0.259375 0.04453125 0.07890625
0 0.47890625 0.18828125 0.0296875 0.065625
0 0.53984375 0.1984375 0.0234375 0.05078125
0 0.625 0.19296875 0.02578125 0.04453125
0 0.65859375 0.1890625 0.01484375 0.0375
0 0.67265625 0.2078125 0.0234375 0.04609375
0 0.69921875 0.19296875 0.0203125 0.04296875
0 0.6609375 0.25234375 0.02734375 0.0671875
0 0.7171875 0.2640625 0.03125 0.06328125
0 0.74375 0.2015625 0.02109375 0.04765625
0 0.76875 0.2359375 0.0265625 0.0578125
0 0.81796875 0.25078125 0.02421875 0.05390625
0 0.734375 0.3578125 0.03515625 0.0890625
0 0.8125 0.384375 0.03671875 0.08203125
0 0.88984375 0.41328125 0.034375 0.09765625