0 0.7875 0.22265625 0.03046875 0.05390625
0 0.68515625 0.27578125 0.03828125 0.09921875
0 0.63359375 0.24765625 0.03359375 0.0890625
0 0.571875 0.28671875 0.03515625 0.0390625
0 0.571875 0.175 0.034375 0.04140625
0 0.5421875 0.153125 0.03828125 0.0421875
0 0.48203125 0.171875 0.03046875 0.0671875
0 0.50390625 0.153125 0.0296875 0.0609375
0 0.40859375 0.17734375 0.028125 0.06796875
0 0.3046875 0.184375 0.0265625 0.03125
0 0.27578125 0.18671875 0.021875 0.05546875
0 0.0796875 0.34375 0.05078125 0.06953125