0 0.9578125 0.3921875 0.028125 0.06640625
0 0.325 0.325 0.03046875 0.0609375
0 0.296875 0.28125 0.02109375 0.04609375
0 0.26015625 0.234375 0.02578125 0.0390625
0 0.2265625 0.28515625 0.0203125 0.04921875
0 0.190625 0.24609375 0.01953125 0.04453125
0 0.13984375 0.2359375 0.02109375 0.0296875
0 0.08828125 0.2796875 0.021875 0.0546875
0 0.11328125 0.19921875 0.0171875 0.04140625
0 0.08046875 0.18984375 0.015625 0.03515625
0 0.08125 0.153125 0.015625 0.025
0 0.10859375 0.12890625 0.0140625 0.028125
0 0.14765625 0.12265625 0.01484375 0.0203125
0 0.1421875 0.16640625 0.01171875 0.03046875
0 0.1640625 0.18125 0.01796875 0.0265625
0 0.17109375 0.14609375 0.01171875 0.02890625
0 0.190625 0.165625 0.0125 0.0265625
0 0.203125 0.184375 0.015625 0.02734375
0 0.1984375 0.13671875 0.0125 0.02890625
0 0.209375 0.13515625 0.01328125 0.03515625
0 0.22578125 0.12109375 0.01171875 0.02265625
0 0.23984375 0.13359375 0.0109375 0.03203125
0 0.2546875 0.1265625 0.0125 0.03203125
0 0.27578125 0.1203125 0.01171875 0.034375
0 0.2859375 0.13203125 0.009375 0.02890625
0 0.2640625 0.15625 0.0109375 0.03046875
0 0.25078125 0.175 0.0109375 0.03671875
0 0.26953125 0.190625 0.02109375 0.03515625
0 0.30703125 0.178125 0.021875 0.03125
0 0.31640625 0.140625 0.01484375 0.03125
0 0.31015625 0.23515625 0.0234375 0.0453125
0 0.34609375 0.25859375 0.01640625 0.03984375
0 0.3453125 0.20546875 0.01796875 0.03515625
0 0.3578125 0.1796875 0.0171875 0.03046875
0 0.39765625 0.26171875 0.02109375 0.0515625
0 0.4109375 0.2234375 0.01640625 0.03828125
0 0.4328125 0.24296875 0.025 0.04765625
0 0.45234375 0.28828125 0.02734375 0.05625
0 0.4265625 0.36328125 0.02578125 0.06015625
0 0.5046875 0.28984375 0.0171875 0.0515625
0 0.32421875 0.096875 0.01640625 0.0234375
0 0.33515625 0.121875 0.01484375 0.0296875
0 0.3546875 0.09609375 0.01171875 0.02265625
0 0.36484375 0.12265625 0.0140625 0.02578125
0 0.3859375 0.1140625 0.0125 0.028125
0 0.38046875 0.146875 0.0171875 0.03828125
0 0.409375 0.13515625 0.0109375 0.02421875
0 0.4171875 0.11875 0.0125 0.03125
0 0.41640625 0.09765625 0.009375 0.02265625
0 0.44921875 0.11171875 0.01015625 0.0203125
0 0.43203125 0.1765625 0.015625 0.03046875
0 0.44765625 0.134375 0.01015625 0.02578125
0 0.428125 0.1546875 0.0125 0.02578125
0 0.47265625 0.134375 0.01328125 0.028125
0 0.465625 0.17109375 0.01484375 0.03984375
0 0.4875 0.2078125 0.01640625 0.04765625
0 0.5140625 0.12421875 0.01953125 0.0234375
0 0.5375 0.15078125 0.00703125 0.021875
0 0.52734375 0.16796875 0.01328125 0.02890625
0 0.51796875 0.1984375 0.0140625 0.03203125
0 0.5296875 0.22265625 0.0171875 0.0421875
0 0.540625 0.1875 0.0109375 0.028125
0 0.5453125 0.17265625 0.0125 0.02734375
0 0.55390625 0.13984375 0.01015625 0.021875
0 0.59453125 0.17734375 0.0109375 0.03125
0 0.55859375 0.2140625 0.02578125 0.0453125
0 0.5828125 0.2125 0.01171875 0.02578125
0 0.578125 0.26640625 0.0234375 0.05390625
0 0.62421875 0.21328125 0.01953125 0.03828125
0 0.6109375 0.1984375 0.0203125 0.0453125
0 0.6484375 0.22421875 0.015625 0.04140625
0 0.6609375 0.26640625 0.01875 0.04296875
0 0.70390625 0.25859375 0.01640625 0.0375
0 0.68125 0.28046875 0.0203125 0.0421875
0 0.6921875 0.23671875 0.01171875 0.02578125
0 0.74296875 0.27734375 0.01484375 0.025