0 0.81015625 0.45546875 0.04375 0.1203125
0 0.69375 0.2375 0.02734375 0.05546875
0 0.6578125 0.20703125 0.0265625 0.05546875
0 0.590625 0.21640625 0.01796875 0.04609375
0 0.584375 0.19296875 0.02421875 0.03828125
0 0.515625 0.23203125 0.02421875 0.0515625
0 0.55859375 0.2359375 0.0234375 0.0515625
0 0.5203125 0.178125 0.0171875 0.03515625
0 0.58125 0.16015625 0.01640625 0.03359375
0 0.57421875 0.1171875 0.01796875 0.04140625
0 0.5140625 0.1484375 0.01796875 0.03046875
0 0.49296875 0.15078125 0.0171875 0.0390625
0 0.475 0.153125 0.01953125 0.03828125
0 0.4578125 0.1390625 0.0171875 0.03203125
0 0.44140625 0.1859375 0.01875 0.03828125
0 0.4375 0.1546875 0.01796875 0.0375
0 0.4 0.146875 0.01875 0.04375
0 0.50234375 0.2828125 0.0296875 0.0578125
0 0.428125 0.29375 0.0265625 0.06171875
0 0.43828125 0.259375 0.02421875 0.05546875
0 0.3765625 0.30234375 0.03203125 0.06484375
0 0.3265625 0.33359375 0.0328125 0.06953125
0 0.3890625 0.2796875 0.01953125 0.0546875
0 0.33359375 0.296875 0.02890625 0.04609375
0 0.36640625 0.20546875 0.0234375 0.05078125
0 0.3390625 0.190625 0.0203125 0.04296875
0 0.3265625 0.21796875 0.02421875 0.05
0 0.37734375 0.13671875 0.01796875 0.0359375
0 0.29609375 0.2015625 0.021875 0.053125
0 0.27734375 0.2328125 0.02265625 0.059375
0 0.259375 0.1953125 0.01875 0.04140625
0 0.2734375 0.1609375 0.01484375 0.0296875
0 0.29609375 0.18046875 0.01796875 0.03984375
0 0.1953125 0.20703125 0.02578125 0.05
0 0.1609375 0.22421875 0.0234375 0.04765625
0 0.19609375 0.2953125 0.028125 0.0546875
0 0.1828125 0.253125 0.02421875 0.05
0 0.13203125 0.32734375 0.02578125 0.05078125
0 0.13125 0.2890625 0.021875 0.04296875
0 0.0984375 0.33046875 0.0265625 0.071875
0 0.02734375 0.1171875 0.01796875 0.02734375
0 0.07890625 0.1234375 0.01875 0.04140625
0 0.096875 0.1046875 0.01640625 0.0328125
0 0.06953125 0.24921875 0.021875 0.05078125
0 0.03203125 0.1546875 0.01953125 0.0375
0 0.103125 0.4234375 0.03515625 0.09609375