0 0.04765625 0.2359375 0.01953125 0.05234375
0 0.309375 0.2234375 0.0234375 0.04296875
0 0.31796875 0.17109375 0.0203125 0.04453125
0 0.3625 0.21875 0.0234375 0.0484375
0 0.3671875 0.26328125 0.02578125 0.05859375
0 0.42578125 0.19296875 0.02109375 0.04296875
0 0.425 0.15625 0.02109375 0.03125
0 0.5359375 0.225 0.0265625 0.04765625
0 0.578125 0.22265625 0.0203125 0.04453125
0 0.6796875 0.15234375 0.01953125 0.04453125
0 0.80390625 0.24140625 0.02578125 0.059375
0 0.8890625 0.24765625 0.0203125 0.0453125