0 0.20859375 0.3359375 0.0578125 0.11015625
0 0.30625 0.16796875 0.01953125 0.0359375
0 0.34921875 0.19453125 0.025 0.040625
0 0.54453125 0.134375 0.0265625 0.06015625
0 0.6265625 0.1859375 0.025 0.05234375
0 0.6171875 0.2375 0.02421875 0.0546875
0 0.64453125 0.2328125 0.034375 0.06796875
0 0.68515625 0.1671875 0.021875 0.03828125
0 0.6828125 0.20546875 0.02734375 0.05078125
0 0.71875 0.190625 0.021875 0.0453125
0 0.696875 0.253125 0.02578125 0.0640625
0 0.734375 0.27421875 0.028125 0.071875
0 0.83828125 0.2453125 0.02578125 0.06484375
0 0.8828125 0.25703125 0.0265625 0.05546875
0 0.93203125 0.43125 0.071875 0.1171875