0 0.19765625 0.4578125 0.04921875 0.07734375
0 0.9265625 0.2375 0.01796875 0.0390625
0 0.8796875 0.22109375 0.01953125 0.04296875
0 0.91328125 0.3359375 0.028125 0.06484375
0 0.8703125 0.28125 0.02734375 0.04609375
0 0.85703125 0.40078125 0.03125 0.06640625
0 0.82265625 0.40859375 0.03203125 0.059375
0 0.8390625 0.31796875 0.02265625 0.0515625
0 0.8078125 0.25546875 0.0234375 0.04375
0 0.74609375 0.39765625 0.03125 0.0625
0 0.78671875 0.32265625 0.028125 0.0578125
0 0.80703125 0.203125 0.02109375 0.03828125
0 0.77109375 0.24453125 0.02109375 0.0515625
0 0.7265625 0.28359375 0.0265625 0.05078125
0 0.6640625 0.36796875 0.0296875 0.065625
0 0.6796875 0.27109375 0.02734375 0.0578125
0 0.715625 0.23203125 0.01953125 0.0390625
0 0.81171875 0.153125 0.015625 0.03359375
0 0.78671875 0.15703125 0.015625 0.03515625
0 0.76640625 0.15 0.015625 0.02578125
0 0.75859375 0.17734375 0.0171875 0.03671875
0 0.74765625 0.2046875 0.0203125 0.03671875
0 0.728125 0.14921875 0.01640625 0.0359375
0 0.6828125 0.1875 0.01875 0.03671875
0 0.62890625 0.2546875 0.025 0.05078125
0 0.59609375 0.3484375 0.0203125 0.0546875
0 0.70546875 0.1921875 0.01953125 0.04296875
0 0.709375 0.11015625 0.0109375 0.028125
0 0.69296875 0.10546875 0.0125 0.025
0 0.67265625 0.0984375 0.01015625 0.0234375
0 0.6515625 0.140625 0.0125 0.028125
0 0.66171875 0.11953125 0.01328125 0.02578125
0 0.6359375 0.2109375 0.0171875 0.03828125
0 0.5703125 0.25 0.02109375 0.04765625
0 0.54453125 0.28984375 0.025 0.06484375
0 0.50703125 0.284375 0.02265625 0.06171875
0 0.58359375 0.171875 0.015625 0.0359375
0 0.61796875 0.15546875 0.0171875 0.03125
0 0.56015625 0.16015625 0.0203125 0.034375
0 0.55546875 0.19609375 0.01875 0.04296875
0 0.58515625 0.12890625 0.01484375 0.02578125
0 0.61328125 0.121875 0.01796875 0.03359375
0 0.5453125 0.12578125 0.01484375 0.02421875
0 0.525 0.1359375 0.0125 0.02578125
0 0.5109375 0.14140625 0.0125 0.02890625
0 0.49453125 0.13359375 0.01328125 0.021875
0 0.4734375 0.171875 0.01875 0.03359375
0 0.4484375 0.15546875 0.01484375 0.03359375
0 0.4171875 0.15546875 0.01484375 0.025
0 0.47734375 0.228125 0.02109375 0.04375
0 0.41328125 0.1875 0.0140625 0.03359375
0 0.42890625 0.21015625 0.0203125 0.03125
0 0.440625 0.24765625 0.0234375 0.040625
0 0.5046875 0.1890625 0.0203125 0.0390625
0 0.38984375 0.20859375 0.0171875 0.03359375
0 0.36796875 0.1953125 0.01640625 0.03515625
0 0.34453125 0.19453125 0.01484375 0.040625
0 0.33046875 0.19140625 0.015625 0.03515625
0 0.33203125 0.23828125 0.0125 0.0375
0 0.31015625 0.25 0.015625 0.0375
0 0.2953125 0.2265625 0.01796875 0.0359375
0 0.35625 0.2359375 0.01796875 0.0390625