0 0.18359375 0.48046875 0.04296875 0.0828125
0 0.2703125 0.27734375 0.0203125 0.04296875
0 0.278125 0.24296875 0.0171875 0.0390625
0 0.3078125 0.228125 0.01796875 0.0359375
0 0.3015625 0.26640625 0.0203125 0.03515625
0 0.31640625 0.28671875 0.02265625 0.0421875
0 0.33515625 0.22421875 0.0171875 0.0421875
0 0.35625 0.2359375 0.02109375 0.04375
0 0.34765625 0.2734375 0.02265625 0.0484375
0 0.38125 0.2671875 0.0203125 0.05078125
0 0.4078125 0.26328125 0.021875 0.05
0 0.38125 0.1921875 0.021875 0.03515625
0 0.4078125 0.1984375 0.015625 0.03046875
0 0.45234375 0.228125 0.021875 0.04296875
0 0.475 0.2484375 0.02265625 0.05
0 0.515625 0.215625 0.02109375 0.04140625
0 0.49453125 0.21015625 0.02421875 0.04375
0 0.44453125 0.1765625 0.0171875 0.02890625
0 0.4796875 0.14296875 0.0125 0.0265625
0 0.45546875 0.159375 0.0171875 0.02734375
0 0.5078125 0.17734375 0.0171875 0.0359375
0 0.5265625 0.18125 0.0203125 0.03828125
0 0.5546875 0.16171875 0.01484375 0.03203125
0 0.55625 0.12421875 0.01484375 0.02734375
0 0.58125 0.171875 0.0171875 0.03203125
0 0.56796875 0.234375 0.02109375 0.05
0 0.51875 0.303125 0.0265625 0.05703125
0 0.578125 0.2921875 0.03046875 0.06640625
0 0.6171875 0.24921875 0.02578125 0.059375
0 0.61796875 0.15 0.0109375 0.0328125
0 0.59453125 0.1515625 0.01328125 0.0359375
0 0.6109375 0.13203125 0.01484375 0.03046875
0 0.39296875 0.2265625 0.0203125 0.04375
0 0.63515625 0.2109375 0.0203125 0.040625
0 0.65234375 0.18671875 0.02265625 0.04140625
0 0.6390625 0.13671875 0.015625 0.03671875
0 0.665625 0.13203125 0.01484375 0.03515625
0 0.69140625 0.15703125 0.0171875 0.040625
0 0.70703125 0.15078125 0.01484375 0.0296875
0 0.72734375 0.134375 0.01484375 0.02734375
0 0.73984375 0.1515625 0.01484375 0.03125
0 0.72578125 0.16640625 0.01640625 0.02890625
0 0.76328125 0.165625 0.015625 0.03203125
0 0.79375 0.1703125 0.01875 0.03828125
0 0.83046875 0.15546875 0.0203125 0.0359375
0 0.85859375 0.1546875 0.02265625 0.0375
0 0.890625 0.15859375 0.015625 0.0421875
0 0.8734375 0.19375 0.01875 0.0421875
0 0.84140625 0.20390625 0.01640625 0.0390625
0 0.81875 0.22890625 0.02421875 0.05390625
0 0.77109375 0.20703125 0.02421875 0.05390625
0 0.71328125 0.225 0.021875 0.06171875
0 0.7296875 0.2078125 0.0203125 0.0375
0 0.6765625 0.21796875 0.0203125 0.04921875
0 0.75234375 0.240625 0.021875 0.05546875
0 0.76953125 0.2765625 0.028125 0.06328125
0 0.8390625 0.32421875 0.02890625 0.059375
0 0.85625 0.25625 0.02578125 0.05078125
0 0.91953125 0.2640625 0.02578125 0.06953125
0 0.63984375 0.32578125 0.0296875 0.0703125
0 0.7125 0.2875 0.028125 0.0671875