0 0.63984375 0.11328125 0.0125 0.03359375
0 0.609375 0.10859375 0.015625 0.0328125
0 0.58125 0.1125 0.0140625 0.028125
0 0.6359375 0.2421875 0.02890625 0.03671875
0 0.58671875 0.24609375 0.025 0.0359375
0 0.50546875 0.2109375 0.01640625 0.0453125
0 0.47421875 0.2203125 0.015625 0.05078125
0 0.44921875 0.20859375 0.0140625 0.040625
0 0.41328125 0.19921875 0.01875 0.0390625
0 0.40546875 0.25234375 0.0203125 0.05703125
0 0.36640625 0.4953125 0.053125 0.1125
0 0.29609375 0.40703125 0.04921875 0.11171875
0 0.2234375 0.33984375 0.0421875 0.06015625