0 0.04140625 0.36640625 0.02109375 0.04375
0 0.840625 0.3015625 0.0203125 0.053125
0 0.834375 0.2640625 0.01640625 0.0375
0 0.9109375 0.253125 0.0171875 0.0484375
0 0.9046875 0.2171875 0.0171875 0.0328125
0 0.88671875 0.209375 0.0171875 0.0375
0 0.878125 0.1703125 0.0140625 0.03125
0 0.8875 0.15390625 0.01484375 0.02578125
0 0.84453125 0.15234375 0.015625 0.03515625
0 0.8265625 0.1484375 0.01328125 0.03515625
0 0.83046875 0.19921875 0.0171875 0.03984375
0 0.7890625 0.1625 0.01953125 0.028125
0 0.7734375 0.1359375 0.0140625 0.03984375
0 0.75625 0.121875 0.01484375 0.03671875
0 0.728125 0.11953125 0.0140625 0.03671875
0 0.7578125 0.1546875 0.01640625 0.03125
0 0.7640625 0.19921875 0.01953125 0.034375
0 0.76328125 0.25 0.02109375 0.04765625
0 0.74609375 0.23046875 0.0234375 0.03125
0 0.72890625 0.1921875 0.01484375 0.04609375
0 0.7125 0.165625 0.0140625 0.03984375
0 0.7 0.1390625 0.01328125 0.034375
0 0.696875 0.1796875 0.0171875 0.03984375
0 0.678125 0.14453125 0.01484375 0.03671875
0 0.7015625 0.21484375 0.0171875 0.0390625
0 0.7078125 0.28046875 0.028125 0.0484375
0 0.66953125 0.25 0.02578125 0.0578125
0 0.646875 0.203125 0.0203125 0.0484375
0 0.64296875 0.17109375 0.0140625 0.02421875
0 0.615625 0.20078125 0.0234375 0.0375
0 0.603125 0.2515625 0.0203125 0.05703125
0 0.62421875 0.2921875 0.0296875 0.04375
0 0.57890625 0.28046875 0.02578125 0.05390625
0 0.55078125 0.23671875 0.025 0.053125
0 0.49296875 0.290625 0.0203125 0.0609375
0 0.534375 0.1890625 0.021875 0.03984375
0 0.5453125 0.1671875 0.01875 0.0375
0 0.57109375 0.16953125 0.0125 0.0359375
0 0.5609375 0.146875 0.0171875 0.02265625
0 0.56484375 0.1140625 0.01171875 0.03671875
0 0.584375 0.1484375 0.0109375 0.0328125
0 0.59765625 0.1234375 0.0078125 0.02578125
0 0.615625 0.14453125 0.009375 0.0375
0 0.6359375 0.11640625 0.01171875 0.02890625
0 0.67265625 0.10390625 0.0140625 0.02578125
0 0.5140625 0.15546875 0.02109375 0.0265625
0 0.509375 0.18828125 0.02265625 0.02578125
0 0.47734375 0.19296875 0.01875 0.025
0 0.471875 0.16171875 0.01328125 0.03515625
0 0.48125 0.13515625 0.01171875 0.03125
0 0.45546875 0.1484375 0.01328125 0.02578125
0 0.44609375 0.1890625 0.01875 0.03203125
0 0.46640625 0.22890625 0.021875 0.0390625
0 0.4484375 0.22265625 0.01171875 0.0296875
0 0.40625 0.26328125 0.0203125 0.03828125
0 0.3875 0.25390625 0.01875 0.0421875
0 0.39453125 0.2109375 0.01953125 0.040625
0 0.415625 0.18359375 0.01875 0.040625
0 0.37890625 0.184375 0.01796875 0.03984375
0 0.3625 0.19453125 0.015625 0.0359375
0 0.3484375 0.26484375 0.02109375 0.05859375
0 0.3484375 0.22109375 0.0234375 0.03828125
0 0.321875 0.20703125 0.00859375 0.02421875
0 0.33984375 0.203125 0.0203125 0.025
0 0.32421875 0.24296875 0.0140625 0.0328125
0 0.27578125 0.26171875 0.0203125 0.03359375
0 0.25859375 0.24609375 0.01484375 0.034375