0 0.93046875 0.3046875 0.025 0.025
0 0.8640625 0.2984375 0.0375 0.03359375
0 0.8203125 0.43203125 0.065625 0.1
0 0.721875 0.48828125 0.06015625 0.1046875
0 0.540625 0.41484375 0.0640625 0.0875
0 0.5296875 0.53984375 0.05703125 0.10390625
0 0.4828125 0.26953125 0.046875 0.046875
0 0.5328125 0.2296875 0.028125 0.046875
0 0.62109375 0.2125 0.03515625 0.065625
0 0.67265625 0.1703125 0.0265625 0.04921875
0 0.77265625 0.203125 0.03046875 0.0546875
0 0.61015625 0.190625 0.0125 0.04609375
0 0.26875 0.065625 0.01953125 0.0515625
0 0.29921875 0.12421875 0.028125 0.05546875
0 0.3421875 0.1296875 0.0140625 0.06328125
0 0.33515625 0.08984375 0.0390625 0.0578125
0 0.37265625 0.11640625 0.01875 0.06484375
0 0.38671875 0.09296875 0.021875 0.04375
0 0.44453125 0.11875 0.02890625 0.0453125
0 0.4203125 0.07734375 0.0203125 0.04140625