0 0.075 0.49609375 0.04765625 0.13515625
0 0.17421875 0.3046875 0.02578125 0.06875
0 0.203125 0.31875 0.0265625 0.07421875
0 0.24609375 0.26328125 0.02265625 0.06484375
0 0.284375 0.265625 0.01953125 0.0546875
0 0.28828125 0.23046875 0.021875 0.04765625
0 0.3109375 0.25390625 0.021875 0.0625
0 0.32578125 0.23828125 0.01875 0.04921875
0 0.34609375 0.290625 0.02109375 0.06328125
0 0.37421875 0.26171875 0.01640625 0.0578125
0 0.34140625 0.2203125 0.01875 0.0515625
0 0.36796875 0.2109375 0.02109375 0.05390625
0 0.41796875 0.33515625 0.02890625 0.06875
0 0.453125 0.27265625 0.0265625 0.065625
0 0.41171875 0.21953125 0.01796875 0.04765625
0 0.41015625 0.18984375 0.01875 0.04921875
0 0.43125 0.19140625 0.021875 0.05703125
0 0.48203125 0.23046875 0.021875 0.0546875
0 0.53828125 0.24765625 0.02109375 0.0546875
0 0.5609375 0.22265625 0.021875 0.04609375
0 0.50390625 0.18984375 0.02578125 0.05546875
0 0.53828125 0.15546875 0.01875 0.040625
0 0.5421875 0.1875 0.01796875 0.046875
0 0.56640625 0.15546875 0.0203125 0.04375
0 0.5828125 0.13984375 0.0203125 0.0390625
0 0.59375 0.1765625 0.01484375 0.040625
0 0.5984375 0.20234375 0.01875 0.0515625
0 0.6109375 0.2203125 0.01875 0.05078125
0 0.61796875 0.14765625 0.015625 0.04609375
0 0.603125 0.3140625 0.0265625 0.06796875
0 0.559375 0.36015625 0.02890625 0.06640625
0 0.6421875 0.17578125 0.0171875 0.0453125
0 0.6578125 0.16015625 0.01640625 0.0453125
0 0.68359375 0.153125 0.01640625 0.03984375
0 0.70390625 0.17890625 0.01796875 0.0421875
0 0.6765625 0.1828125 0.015625 0.046875
0 0.646875 0.20625 0.01796875 0.04765625
0 0.653125 0.26171875 0.02265625 0.06171875
0 0.68984375 0.25078125 0.0203125 0.05546875
0 0.7328125 0.2546875 0.01953125 0.05703125
0 0.74453125 0.221875 0.01875 0.05078125
0 0.76640625 0.24453125 0.01953125 0.059375
0 0.80546875 0.2125 0.01875 0.0515625
0 0.8234375 0.24296875 0.0171875 0.05234375
0 0.81171875 0.25078125 0.0203125 0.06015625
0 0.8625 0.2546875 0.0171875 0.05625
0 0.784375 0.284375 0.02109375 0.0609375
0 0.809375 0.33046875 0.02578125 0.07109375
0 0.74453125 0.3265625 0.02421875 0.06875
0 0.70859375 0.303125 0.025 0.0625
0 0.8984375 0.253125 0.01640625 0.0375
0 0.90078125 0.284375 0.01953125 0.04296875
0 0.928125 0.2984375 0.01953125 0.05703125
0 0.94921875 0.2703125 0.01796875 0.04296875
0 0.984375 0.28515625 0.01796875 0.04140625
0 0.9765625 0.3328125 0.01484375 0.040625
0 0.92734375 0.35625 0.02421875 0.0546875
0 0.97578125 0.3953125 0.0203125 0.05390625
0 0.946875 0.40625 0.021875 0.07421875
0 0.87109375 0.3390625 0.02421875 0.053125
0 0.88828125 0.30546875 0.0203125 0.04921875
0 0.86171875 0.4015625 0.02421875 0.065625
0 0.88125 0.434375 0.028125 0.078125
0 0.96015625 0.4890625 0.02890625 0.0953125
0 0.86640625 0.525 0.03515625 0.1
0 0.7765625 0.4921875 0.0328125 0.09921875
0 0.7125 0.428125 0.03046875 0.09140625
0 0.59375 0.4015625 0.03125 0.0765625
0 0.65546875 0.43046875 0.03203125 0.07890625