0 0.11953125 0.5375 0.05 0.13125
0 0.21875 0.284375 0.02109375 0.05625
0 0.24140625 0.28984375 0.025 0.06171875
0 0.290625 0.234375 0.021875 0.04921875
0 0.31015625 0.23828125 0.01875 0.04921875
0 0.32109375 0.209375 0.02109375 0.05078125
0 0.3453125 0.22578125 0.0234375 0.0578125
0 0.38359375 0.259375 0.02109375 0.0609375
0 0.3609375 0.2125 0.01875 0.04921875
0 0.37578125 0.2015625 0.01875 0.04453125
0 0.4015625 0.190625 0.01796875 0.046875
0 0.41328125 0.23125 0.02109375 0.04375
0 0.44140625 0.3046875 0.02578125 0.06640625
0 0.4421875 0.19609375 0.01640625 0.04453125
0 0.48125 0.24296875 0.02421875 0.05859375
0 0.4515625 0.16484375 0.0140625 0.04453125
0 0.4640625 0.175 0.0171875 0.04453125
0 0.475 0.16015625 0.01484375 0.04140625
0 0.4890625 0.17734375 0.01875 0.05078125
0 0.5046875 0.15546875 0.02109375 0.046875
0 0.50703125 0.21015625 0.0234375 0.05390625
0 0.52890625 0.1734375 0.01953125 0.04921875
0 0.53984375 0.1640625 0.0171875 0.04375
0 0.5625 0.15546875 0.02109375 0.04609375
0 0.56015625 0.21484375 0.0265625 0.04921875
0 0.58671875 0.20859375 0.021875 0.06328125
0 0.603125 0.21796875 0.0234375 0.05390625
0 0.61953125 0.18359375 0.02109375 0.0515625
0 0.60546875 0.134375 0.01640625 0.04140625
0 0.58671875 0.14453125 0.02109375 0.04140625
0 0.63984375 0.13203125 0.0203125 0.0421875
0 0.6625 0.15390625 0.01875 0.03828125
0 0.67265625 0.14921875 0.0140625 0.03828125
0 0.6984375 0.13984375 0.01640625 0.03828125
0 0.71796875 0.1609375 0.015625 0.04140625
0 0.665625 0.18203125 0.01875 0.04453125
0 0.62265625 0.2921875 0.03046875 0.06171875
0 0.58671875 0.328125 0.0296875 0.06796875
0 0.62109375 0.35546875 0.0296875 0.06875
0 0.6625 0.3921875 0.03203125 0.0734375
0 0.7296875 0.3953125 0.034375 0.0796875
0 0.8 0.4375 0.03828125 0.090625
0 0.6671875 0.2453125 0.0265625 0.05859375
0 0.70390625 0.21328125 0.02109375 0.05625
0 0.72890625 0.26015625 0.02578125 0.05546875
0 0.74921875 0.2265625 0.02109375 0.053125
0 0.759375 0.20078125 0.01875 0.04453125
0 0.7734375 0.18828125 0.01484375 0.040625
0 0.78125 0.209375 0.01875 0.04140625
0 0.8109375 0.190625 0.01875 0.0484375
0 0.75859375 0.290625 0.02734375 0.0609375
0 0.8 0.23828125 0.01875 0.04453125
0 0.821875 0.228125 0.0203125 0.0515625
0 0.83828125 0.2109375 0.01875 0.0421875
0 0.8671875 0.23359375 0.02109375 0.0484375
0 0.87890625 0.22421875 0.01640625 0.04375
0 0.91171875 0.23125 0.02109375 0.04375
0 0.94765625 0.24140625 0.0203125 0.0484375
0 0.98515625 0.25859375 0.0203125 0.053125
0 0.93359375 0.26796875 0.01796875 0.06015625
0 0.90546875 0.25546875 0.01953125 0.04609375
0 0.8078125 0.3015625 0.02734375 0.06796875
0 0.86328125 0.3328125 0.021875 0.05859375
0 0.8734375 0.296875 0.021875 0.05078125
0 0.8890625 0.29140625 0.02421875 0.05390625
0 0.928125 0.32421875 0.0265625 0.06015625
0 0.97421875 0.31484375 0.02265625 0.04140625
0 0.975 0.35234375 0.02421875 0.05859375
0 0.95 0.3734375 0.028125 0.06875
0 0.9609375 0.4515625 0.028125 0.07734375
0 0.8609375 0.49921875 0.03515625 0.0828125