0 0.2078125 0.3578125 0.05546875 0.0984375
0 0.9078125 0.384375 0.0359375 0.08046875
0 0.81875 0.35078125 0.0328125 0.07265625
0 0.7453125 0.3296875 0.034375 0.0875
0 0.68828125 0.309375 0.0328125 0.08046875
0 0.67734375 0.26484375 0.02265625 0.05234375
0 0.778125 0.27890625 0.02734375 0.0625
0 0.80703125 0.26328125 0.02578125 0.05703125
0 0.84140625 0.28984375 0.03046875 0.0515625
0 0.8734375 0.2734375 0.0296875 0.05703125
0 0.9234375 0.27578125 0.03125 0.04921875
0 0.88203125 0.2296875 0.0234375 0.05078125
0 0.8453125 0.21328125 0.02109375 0.053125
0 0.79609375 0.20078125 0.01953125 0.0609375
0 0.7796875 0.1828125 0.01640625 0.04375
0 0.8015625 0.159375 0.01640625 0.0359375
0 0.828125 0.1640625 0.01953125 0.04296875
0 0.840625 0.1515625 0.01953125 0.0421875
0 0.8640625 0.18203125 0.01640625 0.0359375
0 0.87890625 0.1328125 0.01328125 0.01796875
0 0.87421875 0.1578125 0.0140625 0.0328125
0 0.89375 0.18671875 0.01796875 0.04296875
0 0.91328125 0.171875 0.0171875 0.0359375
0 0.94453125 0.17109375 0.02109375 0.03359375
0 0.93203125 0.1859375 0.01796875 0.02734375
0 0.72421875 0.22578125 0.0296875 0.04296875
0 0.7140625 0.18203125 0.021875 0.0390625
0 0.7828125 0.13359375 0.015625 0.03828125
0 0.7640625 0.13671875 0.01328125 0.04921875
0 0.75390625 0.1265625 0.01484375 0.0359375
0 0.740625 0.16875 0.0171875 0.0453125
0 0.634375 0.29921875 0.03046875 0.07734375
0 0.61796875 0.24609375 0.021875 0.05234375
0 0.58984375 0.275 0.02578125 0.065625
0 0.56875 0.2453125 0.02421875 0.04921875
0 0.5296875 0.278125 0.02421875 0.053125
0 0.675 0.20859375 0.02265625 0.05
0 0.6328125 0.19296875 0.0203125 0.05546875
0 0.70625 0.15234375 0.0171875 0.02421875
0 0.70078125 0.12578125 0.01875 0.03203125
0 0.6734375 0.16875 0.01953125 0.03671875
0 0.64375 0.146875 0.0171875 0.03515625
0 0.66875 0.1109375 0.01328125 0.034375
0 0.646875 0.10234375 0.015625 0.02890625
0 0.62265625 0.103125 0.01640625 0.025
0 0.58671875 0.10859375 0.01640625 0.03125
0 0.59453125 0.14453125 0.02109375 0.03828125
0 0.58203125 0.18515625 0.021875 0.0375
0 0.56640625 0.146875 0.015625 0.04140625
0 0.546875 0.12734375 0.015625 0.025
0 0.55234375 0.16875 0.01796875 0.04453125
0 0.534375 0.14765625 0.01484375 0.0328125
0 0.5359375 0.18828125 0.01875 0.04296875
0 0.51484375 0.1296875 0.02265625 0.025
0 0.50390625 0.121875 0.0125 0.03203125
0 0.4890625 0.13671875 0.01640625 0.0328125
0 0.50546875 0.15859375 0.01328125 0.04140625
0 0.48828125 0.16484375 0.0171875 0.0375
0 0.4921875 0.2109375 0.02265625 0.0484375
0 0.4671875 0.1453125 0.01640625 0.04140625
0 0.4484375 0.17578125 0.01875 0.0453125
0 0.45 0.2140625 0.025 0.03984375
0 0.42578125 0.1765625 0.02265625 0.040625
0 0.4265625 0.14296875 0.01953125 0.03515625
0 0.409375 0.20859375 0.0296875 0.05
0 0.353125 0.19609375 0.02265625 0.0453125
0 0.32578125 0.19296875 0.0203125 0.03515625
0 0.31640625 0.23125 0.021875 0.04921875