0 0.90078125 0.47734375 0.06171875 0.08359375
0 0.76953125 0.3328125 0.0234375 0.06640625
0 0.7390625 0.3375 0.02109375 0.03359375
0 0.71875 0.35703125 0.01875 0.04375
0 0.671875 0.36796875 0.02265625 0.05234375
0 0.71640625 0.30078125 0.02421875 0.0359375
0 0.65703125 0.32421875 0.01640625 0.0265625
0 0.62890625 0.328125 0.01953125 0.03828125
0 0.5953125 0.340625 0.0234375 0.03984375
0 0.56171875 0.3375 0.01875 0.03359375
0 0.5078125 0.3234375 0.01953125 0.0328125
0 0.53515625 0.315625 0.02734375 0.040625
0 0.5734375 0.31484375 0.025 0.0265625
0 0.5765625 0.275 0.0109375 0.0390625
0 0.6078125 0.27578125 0.0171875 0.0265625
0 0.59453125 0.25546875 0.02265625 0.0375
0 0.6484375 0.28828125 0.0234375 0.04296875
0 0.4375 0.27578125 0.01796875 0.03125
0 0.4921875 0.28125 0.0203125 0.05390625
0 0.47734375 0.25390625 0.01328125 0.034375
0 0.484375 0.240625 0.01796875 0.0328125
0 0.509375 0.25625 0.0171875 0.0359375
0 0.53671875 0.2609375 0.01796875 0.03125
0 0.55234375 0.25078125 0.01875 0.03515625
0 0.45 0.215625 0.015625 0.02890625
0 0.43984375 0.225 0.01171875 0.0328125
0 0.403125 0.203125 0.01796875 0.03984375
0 0.3875 0.2140625 0.015625 0.040625
0 0.3609375 0.20859375 0.015625 0.02578125
0 0.35 0.23359375 0.01640625 0.0328125
0 0.33984375 0.22734375 0.0140625 0.0390625
0 0.38046875 0.25 0.0234375 0.02734375
0 0.415625 0.25078125 0.03046875 0.03515625
0 0.45 0.259375 0.0140625 0.03828125
0 0.55 0.4125 0.0375 0.078125
0 0.4671875 0.415625 0.02265625 0.06953125
0 0.43046875 0.4328125 0.0296875 0.07265625
0 0.38203125 0.4578125 0.0421875 0.06953125
0 0.315625 0.47109375 0.0421875 0.08125
0 0.215625 0.54375 0.04296875 0.06640625
0 0.45 0.34921875 0.0203125 0.0546875
0 0.41953125 0.32265625 0.021875 0.04453125
0 0.4046875 0.3953125 0.02265625 0.04453125
0 0.371875 0.38125 0.03203125 0.05546875
0 0.3703125 0.3265625 0.01171875 0.0515625
0 0.32890625 0.34375 0.01328125 0.03359375
0 0.38671875 0.31015625 0.01328125 0.0328125
0 0.33984375 0.271875 0.01171875 0.03046875
0 0.3109375 0.259375 0.01640625 0.03203125
0 0.2984375 0.2890625 0.02109375 0.0484375
0 0.28515625 0.25546875 0.015625 0.028125
0 0.26796875 0.228125 0.0140625 0.03671875
0 0.240625 0.2296875 0.01640625 0.02890625
0 0.2515625 0.2625 0.0203125 0.0234375
0 0.2625 0.29140625 0.025 0.0421875
0 0.27890625 0.38828125 0.021875 0.06953125
0 0.246875 0.434375 0.03046875 0.06875
0 0.21015625 0.3703125 0.021875 0.046875
0 0.1890625 0.340625 0.02265625 0.034375
0 0.2171875 0.30390625 0.0140625 0.0484375
0 0.21015625 0.27578125 0.0140625 0.0328125
0 0.18671875 0.2640625 0.02109375 0.040625
0 0.14921875 0.25078125 0.025 0.02421875
0 0.165625 0.26015625 0.01640625 0.025
0 0.1625 0.2796875 0.02265625 0.03671875
0 0.16953125 0.3171875 0.01953125 0.0296875
0 0.1734375 0.45 0.02890625 0.05703125
0 0.16484375 0.41015625 0.01796875 0.0453125
0 0.1203125 0.45546875 0.03515625 0.0578125
0 0.11484375 0.39765625 0.0203125 0.05625
0 0.1328125 0.35859375 0.01796875 0.04453125
0 0.0921875 0.36875 0.02109375 0.0546875
0 0.103125 0.334375 0.01484375 0.02890625
0 0.0859375 0.3078125 0.02109375 0.05390625
0 0.12578125 0.27578125 0.0140625 0.0359375
0 0.08828125 0.2765625 0.02890625 0.0265625