0 0.23359375 0.409375 0.05546875 0.1390625
0 0.88203125 0.37265625 0.0375 0.084375
0 0.8140625 0.39609375 0.0296875 0.0796875
0 0.75390625 0.33125 0.04453125 0.04765625
0 0.69609375 0.3109375 0.0375 0.06875
0 0.5953125 0.33515625 0.0453125 0.07421875
0 0.53671875 0.32421875 0.02421875 0.04296875
0 0.5046875 0.29453125 0.03984375 0.03515625
0 0.83359375 0.30859375 0.03359375 0.0546875
0 0.9109375 0.30625 0.03125 0.0640625
0 0.78359375 0.271875 0.02578125 0.046875
0 0.7328125 0.25078125 0.028125 0.065625
0 0.61953125 0.26015625 0.0296875 0.065625
0 0.58515625 0.240625 0.01953125 0.0453125
0 0.92578125 0.2109375 0.01640625 0.0328125
0 0.92265625 0.2546875 0.03203125 0.0546875
0 0.865625 0.259375 0.01484375 0.05390625
0 0.87734375 0.2078125 0.025 0.04453125
0 0.80859375 0.234375 0.0203125 0.05078125
0 0.82578125 0.19609375 0.0203125 0.06328125
0 0.7859375 0.18046875 0.01875 0.0421875
0 0.77109375 0.221875 0.01796875 0.0640625
0 0.72890625 0.1984375 0.02265625 0.0359375
0 0.70703125 0.18671875 0.025 0.03046875
0 0.6609375 0.1703125 0.02265625 0.0359375
0 0.66328125 0.21796875 0.02421875 0.05625
0 0.63046875 0.21328125 0.0390625 0.0515625
0 0.9296875 0.153125 0.01328125 0.05234375
0 0.890625 0.16953125 0.01796875 0.0609375
0 0.9 0.14296875 0.0140625 0.04609375
0 0.86640625 0.1296875 0.02421875 0.04296875
0 0.85625 0.16484375 0.015625 0.04765625
0 0.83671875 0.11484375 0.01796875 0.0421875
0 0.83515625 0.14609375 0.01328125 0.0390625
0 0.8140625 0.14375 0.01953125 0.0375
0 0.765625 0.14765625 0.01484375 0.03671875
0 0.77265625 0.12265625 0.02109375 0.03359375
0 0.72734375 0.13203125 0.01953125 0.03828125
0 0.70078125 0.1046875 0.0234375 0.02578125
0 0.66875 0.10234375 0.0171875 0.03046875
0 0.63515625 0.109375 0.01640625 0.03515625
0 0.62265625 0.0953125 0.0125 0.02109375
0 0.5953125 0.09921875 0.01640625 0.0203125
0 0.615625 0.15859375 0.01484375 0.03046875
0 0.64921875 0.134375 0.025 0.0375
0 0.59140625 0.1265625 0.01328125 0.0375
0 0.5765625 0.1671875 0.01875 0.053125
0 0.5625 0.1203125 0.01953125 0.05703125
0 0.5515625 0.18359375 0.01875 0.04296875
0 0.5265625 0.1734375 0.01328125 0.05625
0 0.53515625 0.1296875 0.028125 0.028125
0 0.51171875 0.12265625 0.015625 0.03359375
0 0.475 0.1640625 0.01796875 0.04140625
0 0.453125 0.1859375 0.015625 0.028125
0 0.47578125 0.19140625 0.02109375 0.02109375
0 0.5015625 0.18671875 0.01171875 0.04921875
0 0.51953125 0.21328125 0.01015625 0.03671875
0 0.4671875 0.23671875 0.01953125 0.0609375
0 0.44453125 0.22421875 0.015625 0.04453125
0 0.425 0.184375 0.0125 0.04921875
0 0.40859375 0.1921875 0.0125 0.0453125
0 0.38046875 0.190625 0.01875 0.04765625
0 0.371875 0.24921875 0.02578125 0.0765625
0 0.34296875 0.28828125 0.03515625 0.065625
0 0.3 0.27421875 0.0234375 0.0375
0 0.30234375 0.23828125 0.02578125 0.03984375
0 0.26953125 0.25390625 0.03046875 0.03359375