0 0.17109375 0.4953125 0.04296875 0.11328125
0 0.36640625 0.278125 0.0203125 0.053125
0 0.27734375 0.26171875 0.021875 0.0421875
0 0.35859375 0.19453125 0.02265625 0.03203125
0 0.41015625 0.21875 0.015625 0.034375
0 0.3671875 0.228125 0.01953125 0.03828125
0 0.4546875 0.2203125 0.025 0.04296875
0 0.4140625 0.1640625 0.015625 0.0390625
0 0.46484375 0.1390625 0.0203125 0.03046875
0 0.52109375 0.134375 0.0140625 0.0296875
0 0.53515625 0.13046875 0.0140625 0.02890625
0 0.5609375 0.11015625 0.01484375 0.025
0 0.56171875 0.13515625 0.0171875 0.021875
0 0.58125 0.12421875 0.01328125 0.0203125
0 0.60546875 0.13046875 0.0140625 0.03203125
0 0.64765625 0.13515625 0.01484375 0.0265625
0 0.6859375 0.15859375 0.01796875 0.04453125
0 0.61484375 0.159375 0.01484375 0.02578125
0 0.653125 0.178125 0.0140625 0.03359375
0 0.55546875 0.18828125 0.01875 0.0359375
0 0.653125 0.22734375 0.021875 0.04453125
0 0.609375 0.2625 0.0265625 0.059375
0 0.5515625 0.2546875 0.02578125 0.04921875
0 0.82734375 0.14140625 0.0109375 0.02578125
0 0.8359375 0.128125 0.0125 0.02265625
0 0.865625 0.12421875 0.01640625 0.02890625
0 0.85625 0.15390625 0.0125 0.0296875
0 0.8984375 0.146875 0.01796875 0.034375
0 0.92265625 0.15703125 0.01640625 0.03671875
0 0.7828125 0.2 0.01953125 0.03984375
0 0.77421875 0.15390625 0.0171875 0.025
0 0.7109375 0.1796875 0.02109375 0.0453125
0 0.753125 0.22578125 0.025 0.040625
0 0.809375 0.23359375 0.01796875 0.03984375
0 0.77265625 0.2796875 0.025 0.05546875
0 0.725 0.26015625 0.025 0.05390625
0 0.83671875 0.3078125 0.0265625 0.05859375
0 0.8953125 0.3515625 0.04375 0.08203125
0 0.78515625 0.39140625 0.03359375 0.06953125
0 0.75 0.31796875 0.03046875 0.0671875
0 0.6671875 0.3234375 0.03515625 0.0671875
0 0.49296875 0.3046875 0.03203125 0.05078125
0 0.53828125 0.3265625 0.0296875 0.05234375