0 0.79609375 0.43046875 0.05390625 0.09921875
0 0.221875 0.3453125 0.03515625 0.08046875
0 0.15625 0.309375 0.021875 0.06171875
0 0.1453125 0.25078125 0.01796875 0.0484375
0 0.109375 0.2484375 0.02578125 0.05703125
0 0.12890625 0.215625 0.0171875 0.04375
0 0.1109375 0.20546875 0.01328125 0.03359375
0 0.1234375 0.14453125 0.0140625 0.0359375
0 0.1640625 0.13515625 0.01875 0.028125
0 0.178125 0.1546875 0.01328125 0.025
0 0.19921875 0.13828125 0.01953125 0.03671875
0 0.23671875 0.1234375 0.015625 0.0328125
0 0.2484375 0.146875 0.0125 0.02890625
0 0.28046875 0.14765625 0.01953125 0.0375
0 0.2421875 0.17734375 0.0140625 0.028125
0 0.21484375 0.15390625 0.0109375 0.028125
0 0.196875 0.1765625 0.0109375 0.02734375
0 0.1609375 0.1984375 0.01484375 0.0453125
0 0.18046875 0.2078125 0.01796875 0.04609375
0 0.19296875 0.22578125 0.01484375 0.05078125
0 0.21796875 0.209375 0.01484375 0.04296875
0 0.209375 0.26953125 0.0203125 0.0484375
0 0.24921875 0.22421875 0.01875 0.0453125
0 0.26171875 0.19140625 0.01953125 0.03828125
0 0.31328125 0.1875 0.0171875 0.04609375
0 0.2953125 0.2234375 0.01875 0.05234375
0 0.29296875 0.27734375 0.03203125 0.0484375
0 0.31875 0.31015625 0.03125 0.05546875
0 0.353125 0.25703125 0.02578125 0.04140625
0 0.3484375 0.21484375 0.02421875 0.05078125
0 0.346875 0.1703125 0.0234375 0.04140625
0 0.38515625 0.20703125 0.01953125 0.04140625
0 0.3921875 0.25 0.028125 0.040625
0 0.446875 0.25 0.025 0.04609375
0 0.4609375 0.3078125 0.01875 0.05390625
0 0.51171875 0.30546875 0.021875 0.06171875
0 0.57734375 0.26015625 0.01484375 0.0546875
0 0.59921875 0.25703125 0.0234375 0.04765625
0 0.63515625 0.24609375 0.0171875 0.0359375
0 0.66484375 0.22109375 0.0234375 0.04140625
0 0.66796875 0.26171875 0.02265625 0.03515625
0 0.69921875 0.246875 0.01171875 0.0234375
0 0.728125 0.271875 0.01640625 0.03828125
0 0.60859375 0.1875 0.0171875 0.0234375
0 0.59140625 0.16953125 0.01328125 0.0359375
0 0.5734375 0.18203125 0.01640625 0.0359375
0 0.56015625 0.153125 0.01171875 0.0328125
0 0.5390625 0.16015625 0.01328125 0.03125
0 0.52421875 0.18515625 0.01171875 0.02265625
0 0.51953125 0.2265625 0.01640625 0.03984375
0 0.54375 0.21328125 0.0203125 0.04140625
0 0.49453125 0.18515625 0.0171875 0.0421875
0 0.4796875 0.153125 0.01328125 0.0328125
0 0.503125 0.128125 0.01328125 0.03125
0 0.45078125 0.16640625 0.0203125 0.03671875
0 0.45546875 0.19296875 0.015625 0.034375
0 0.4171875 0.15390625 0.01171875 0.04140625
0 0.40078125 0.15 0.01796875 0.03125
0 0.4484375 0.13671875 0.015625 0.02421875
0 0.40703125 0.1046875 0.01484375 0.02734375
0 0.37578125 0.13203125 0.01328125 0.03046875
0 0.3609375 0.115625 0.01640625 0.0359375
0 0.33515625 0.121875 0.01484375 0.03125