0 0.63203125 0.45625 0.0734375 0.1078125
0 0.765625 0.39453125 0.0515625 0.11796875
0 0.75390625 0.16015625 0.02265625 0.05078125
0 0.38671875 0.0859375 0.0171875 0.01953125
0 0.36796875 0.11796875 0.01484375 0.02265625
0 0.340625 0.103125 0.01171875 0.02421875
0 0.409375 0.10234375 0.0140625 0.03828125
0 0.36171875 0.21953125 0.03671875 0.0671875
0 0.4375 0.18046875 0.028125 0.04609375
0 0.5109375 0.20859375 0.02265625 0.0484375
0 0.5359375 0.22109375 0.02578125 0.040625
0 0.56875 0.1921875 0.01484375 0.0234375
0 0.559375 0.2484375 0.0203125 0.04921875