0 0.21640625 0.36328125 0.053125 0.0984375
0 0.90625 0.42421875 0.040625 0.08125
0 0.91875 0.37265625 0.02734375 0.0578125
0 0.82734375 0.359375 0.03125 0.071875
0 0.85625 0.31953125 0.028125 0.065625
0 0.815625 0.27421875 0.02421875 0.05546875
0 0.78984375 0.30078125 0.0328125 0.07265625
0 0.7515625 0.340625 0.03359375 0.07265625
0 0.69609375 0.3171875 0.0296875 0.07109375
0 0.734375 0.2234375 0.0265625 0.04765625
0 0.79921875 0.21640625 0.02578125 0.04609375
0 0.8203125 0.203125 0.01875 0.04609375
0 0.8828125 0.27109375 0.02578125 0.05625
0 0.93671875 0.31796875 0.03125 0.05859375
0 0.93828125 0.2609375 0.0234375 0.04140625
0 0.95546875 0.18046875 0.0140625 0.03125
0 0.94765625 0.2 0.0171875 0.03359375
0 0.946875 0.2328125 0.01953125 0.03125
0 0.93125 0.16796875 0.01171875 0.0296875
0 0.9203125 0.178125 0.01171875 0.0375
0 0.89453125 0.23046875 0.01796875 0.04140625
0 0.8921875 0.1578125 0.0109375 0.0234375
0 0.88046875 0.16875 0.01640625 0.03984375
0 0.8734375 0.196875 0.0140625 0.0359375
0 0.85 0.2140625 0.01796875 0.04921875
0 0.86015625 0.18828125 0.01171875 0.04453125
0 0.84375 0.153125 0.015625 0.03359375
0 0.83515625 0.1859375 0.0171875 0.0359375
0 0.8109375 0.1515625 0.0171875 0.0359375
0 0.78984375 0.14296875 0.01796875 0.03046875
0 0.7828125 0.1203125 0.0109375 0.0203125
0 0.765625 0.128125 0.0125 0.03046875
0 0.77421875 0.153125 0.01640625 0.0390625
0 0.753125 0.17109375 0.01640625 0.04453125
0 0.721875 0.1671875 0.01953125 0.04140625
0 0.7125 0.2 0.01640625 0.0359375
0 0.70390625 0.12890625 0.0140625 0.03671875
0 0.67578125 0.22109375 0.02109375 0.05390625
0 0.66953125 0.271875 0.02578125 0.053125
0 0.6515625 0.2484375 0.0234375 0.046875
0 0.6453125 0.203125 0.025 0.04765625
0 0.6078125 0.32109375 0.034375 0.0828125
0 0.58984375 0.275 0.028125 0.06015625
0 0.54140625 0.271875 0.02578125 0.05546875
0 0.5953125 0.234375 0.025 0.03828125
0 0.609375 0.17578125 0.0171875 0.04140625
0 0.66953125 0.109375 0.0125 0.03203125
0 0.6484375 0.10546875 0.0125 0.02734375
0 0.628125 0.10390625 0.015625 0.0265625
0 0.66015625 0.13515625 0.0140625 0.0296875
0 0.63515625 0.1484375 0.01640625 0.03515625
0 0.59765625 0.115625 0.01171875 0.03203125
0 0.5734375 0.15 0.0171875 0.04140625
0 0.56328125 0.18125 0.01796875 0.0375
0 0.56171875 0.1234375 0.0125 0.02890625
0 0.54921875 0.14140625 0.01328125 0.034375
0 0.53828125 0.1546875 0.01484375 0.03828125
0 0.534375 0.1203125 0.01015625 0.02265625
0 0.52109375 0.13515625 0.0125 0.034375
0 0.50625 0.13671875 0.01328125 0.02734375
0 0.5109375 0.1671875 0.0171875 0.03515625
0 0.46171875 0.1546875 0.0140625 0.03515625
0 0.48984375 0.221875 0.02109375 0.05078125
0 0.4515625 0.21328125 0.02109375 0.04375
0 0.425 0.1859375 0.01640625 0.02734375
0 0.4203125 0.1625 0.01875 0.025
0 0.41015625 0.2109375 0.02578125 0.0484375
0 0.35390625 0.20546875 0.01796875 0.0375
0 0.3359375 0.18828125 0.01875 0.03671875
0 0.321875 0.23125 0.02109375 0.0515625