0 0.38359375 0.2890625 0.03828125 0.06953125
0 0.31875 0.25625 0.0203125 0.046875
0 0.32109375 0.21953125 0.01796875 0.03125
0 0.284375 0.18828125 0.0203125 0.03671875
0 0.27734375 0.2296875 0.01328125 0.03203125
0 0.26171875 0.25859375 0.01796875 0.0421875
0 0.2375 0.290625 0.0234375 0.05234375
0 0.18046875 0.30234375 0.03203125 0.05234375
0 0.13359375 0.26484375 0.0234375 0.059375
0 0.0953125 0.33671875 0.02734375 0.0625
0 0.0625 0.29921875 0.02265625 0.04765625
0 0.08984375 0.25546875 0.02265625 0.0453125
0 0.0640625 0.23046875 0.01484375 0.03828125
0 0.0453125 0.21796875 0.02109375 0.03828125
0 0.090625 0.20625 0.0171875 0.03203125
0 0.08828125 0.16171875 0.0171875 0.04140625
0 0.04609375 0.17421875 0.01328125 0.028125
0 0.1046875 0.15078125 0.01875 0.0375
0 0.13125 0.1890625 0.01640625 0.0390625
0 0.15078125 0.20390625 0.01484375 0.02890625
0 0.15625 0.23359375 0.02265625 0.0375
0 0.2125 0.221875 0.0203125 0.03125
0 0.2609375 0.2046875 0.025 0.0453125
0 0.23828125 0.17890625 0.01484375 0.0328125
0 0.24921875 0.15234375 0.01484375 0.02109375
0 0.271875 0.1484375 0.015625 0.0375
0 0.19921875 0.16015625 0.01953125 0.03671875
0 0.18359375 0.1390625 0.01484375 0.0265625
0 0.15390625 0.15 0.01171875 0.0359375
0 0.13984375 0.14765625 0.0140625 0.0265625
0 0.2109375 0.1375 0.009375 0.0296875
0 0.28671875 0.109375 0.0140625 0.02421875
0 0.315625 0.1171875 0.01328125 0.03359375
0 0.32734375 0.1046875 0.01171875 0.01640625
0 0.3421875 0.1390625 0.01796875 0.0359375
0 0.37109375 0.2078125 0.0265625 0.03984375
0 0.42734375 0.26953125 0.0203125 0.05234375
0 0.3671875 0.2421875 0.021875 0.04140625
0 0.41875 0.23515625 0.01640625 0.0328125
0 0.4140625 0.16953125 0.01328125 0.02890625
0 0.38203125 0.1640625 0.0125 0.03046875
0 0.36640625 0.13671875 0.0203125 0.02890625
0 0.37421875 0.11328125 0.0109375 0.01328125
0 0.39375 0.12421875 0.015625 0.03515625
0 0.4171875 0.1171875 0.0171875 0.03125
0 0.39140625 0.09921875 0.009375 0.02109375
0 0.46640625 0.146875 0.0171875 0.03125
0 0.46328125 0.20234375 0.01796875 0.0390625
0 0.48125 0.1703125 0.02578125 0.034375
0 0.5015625 0.15703125 0.0140625 0.034375
0 0.48359375 0.1265625 0.0125 0.03203125
0 0.52734375 0.13046875 0.0140625 0.028125
0 0.52109375 0.15546875 0.0140625 0.02890625
0 0.51484375 0.21953125 0.02265625 0.04609375
0 0.55 0.2140625 0.0203125 0.0421875
0 0.57265625 0.21171875 0.02265625 0.0421875
0 0.57421875 0.17109375 0.01171875 0.03359375
0 0.57109375 0.14921875 0.01328125 0.0265625
0 0.5953125 0.165625 0.015625 0.03359375
0 0.5890625 0.26640625 0.028125 0.04140625
0 0.615625 0.2296875 0.01171875 0.02734375
0 0.61328125 0.196875 0.0171875 0.03515625
0 0.6296875 0.18984375 0.0109375 0.03125
0 0.63046875 0.26875 0.02109375 0.04296875
0 0.6578125 0.23046875 0.01875 0.05546875
0 0.72734375 0.21953125 0.0171875 0.03671875