0 0.978125 0.23984375 0.034375 0.06796875
0 0.75078125 0.16328125 0.03515625 0.03671875
0 0.72109375 0.25390625 0.028125 0.05703125
0 0.70390625 0.21171875 0.0140625 0.046875
0 0.70703125 0.1734375 0.015625 0.03828125
0 0.65078125 0.2203125 0.02109375 0.0546875
0 0.66015625 0.30546875 0.025 0.04765625
0 0.64765625 0.26015625 0.0203125 0.0609375
0 0.65078125 0.125 0.0265625 0.0546875
0 0.58984375 0.19296875 0.01875 0.04375
0 0.5734375 0.17421875 0.0140625 0.05703125
0 0.46484375 0.225 0.015625 0.0515625
0 0.39296875 0.19765625 0.0296875 0.03046875
0 0.44140625 0.21796875 0.01015625 0.0375