0 0.05078125 0.39609375 0.0328125 0.0609375
0 0.93671875 0.259375 0.01796875 0.05859375
0 0.90859375 0.2375 0.01640625 0.0453125
0 0.8640625 0.2875 0.021875 0.0578125
0 0.84296875 0.3203125 0.02578125 0.04609375
0 0.75859375 0.2890625 0.025 0.0671875
0 0.71640625 0.29453125 0.02109375 0.04453125
0 0.71171875 0.22109375 0.01796875 0.04609375
0 0.73984375 0.20078125 0.0140625 0.0453125
0 0.76796875 0.2 0.0234375 0.04140625
0 0.78828125 0.22734375 0.021875 0.0359375
0 0.828125 0.21171875 0.01796875 0.046875
0 0.8453125 0.18359375 0.01953125 0.034375
0 0.8765625 0.1515625 0.015625 0.03046875
0 0.8875 0.2109375 0.01328125 0.040625
0 0.8953125 0.184375 0.01640625 0.04375
0 0.90234375 0.1625 0.015625 0.03671875
0 0.834375 0.153125 0.01484375 0.028125
0 0.796875 0.171875 0.01875 0.03203125
0 0.81640625 0.12890625 0.0109375 0.034375
0 0.78828125 0.1421875 0.01328125 0.02734375
0 0.77421875 0.159375 0.01796875 0.02890625
0 0.77421875 0.13515625 0.01484375 0.02265625
0 0.746875 0.14765625 0.01796875 0.02578125
0 0.7296875 0.16953125 0.01484375 0.02734375
0 0.71796875 0.1546875 0.01640625 0.03203125
0 0.70625 0.18515625 0.01953125 0.0390625
0 0.69140625 0.15078125 0.021875 0.0328125
0 0.73671875 0.1171875 0.015625 0.03046875
0 0.6625 0.20859375 0.01484375 0.0421875
0 0.6515625 0.17734375 0.0234375 0.03359375
0 0.63125 0.2078125 0.021875 0.0265625
0 0.66640625 0.2609375 0.0328125 0.0375
0 0.6328125 0.3234375 0.0234375 0.03828125
0 0.6296875 0.25234375 0.0265625 0.0515625
0 0.5859375 0.2890625 0.02421875 0.04765625
0 0.58203125 0.2234375 0.02421875 0.0515625
0 0.49765625 0.31796875 0.02265625 0.06796875
0 0.67890625 0.1328125 0.01875 0.03984375
0 0.6515625 0.12734375 0.01875 0.0359375
0 0.63828125 0.1484375 0.01484375 0.03125
0 0.61015625 0.15546875 0.01328125 0.0328125
0 0.61796875 0.1296875 0.0140625 0.034375
0 0.6046875 0.121875 0.0125 0.0234375
0 0.58984375 0.15078125 0.021875 0.040625
0 0.565625 0.1265625 0.01484375 0.03046875
0 0.56875 0.1828125 0.01875 0.03671875
0 0.54609375 0.16953125 0.0171875 0.0359375
0 0.5359375 0.2046875 0.0203125 0.03984375
0 0.48984375 0.20703125 0.021875 0.03515625
0 0.5 0.15859375 0.01640625 0.02890625
0 0.484375 0.146875 0.0125 0.0296875
0 0.4671875 0.14609375 0.01484375 0.03515625
0 0.45390625 0.1765625 0.0203125 0.034375
0 0.44296875 0.1921875 0.01796875 0.03671875
0 0.4703125 0.23828125 0.0203125 0.0328125
0 0.4578125 0.21796875 0.01640625 0.040625
0 0.4140625 0.19765625 0.0203125 0.0375
0 0.403125 0.22109375 0.01953125 0.04609375
0 0.38359375 0.1984375 0.02265625 0.0328125
0 0.39453125 0.2859375 0.0171875 0.05
0 0.37578125 0.2734375 0.01796875 0.040625
0 0.35390625 0.265625 0.0234375 0.04765625
0 0.340625 0.25546875 0.015625 0.03828125
0 0.3203125 0.24765625 0.0171875 0.03828125
0 0.32734375 0.2203125 0.01640625 0.03046875
0 0.35859375 0.23046875 0.01953125 0.040625
0 0.30390625 0.25703125 0.0203125 0.03671875
0 0.2796875 0.24140625 0.01796875 0.04453125