0 0.796875 0.35546875 0.04453125 0.08046875
0 0.09765625 0.4203125 0.03125 0.08359375
0 0.07578125 0.35234375 0.034375 0.0734375
0 0.06875 0.28515625 0.02265625 0.053125
0 0.06171875 0.20625 0.021875 0.071875
0 0.1015625 0.23828125 0.02265625 0.06484375
0 0.11875 0.25859375 0.02421875 0.0375
0 0.1578125 0.35703125 0.03046875 0.0546875
0 0.17265625 0.39921875 0.0359375 0.0609375
0 0.16875 0.26484375 0.02265625 0.0703125
0 0.18984375 0.23984375 0.02265625 0.0546875
0 0.21171875 0.25390625 0.01953125 0.046875
0 0.22265625 0.31796875 0.03203125 0.0640625
0 0.24765625 0.40625 0.0265625 0.06875
0 0.30625 0.37265625 0.0265625 0.065625
0 0.26015625 0.290625 0.02890625 0.0609375
0 0.26484375 0.23125 0.0234375 0.0484375
0 0.23828125 0.2484375 0.021875 0.046875
0 0.24765625 0.20859375 0.015625 0.0328125
0 0.20234375 0.18125 0.0234375 0.04140625
0 0.19375 0.15078125 0.0171875 0.04453125
0 0.24453125 0.14609375 0.0203125 0.03828125
0 0.290625 0.19296875 0.0203125 0.03515625
0 0.2953125 0.16796875 0.0203125 0.025
0 0.321875 0.184375 0.025 0.0359375
0 0.32421875 0.2875 0.02578125 0.05390625
0 0.35 0.2453125 0.0171875 0.0515625
0 0.36796875 0.22265625 0.01796875 0.04453125
0 0.41328125 0.25078125 0.03125 0.03828125
0 0.3953125 0.3265625 0.025 0.06953125
0 0.45 0.315625 0.0296875 0.06953125
0 0.50234375 0.29609375 0.03203125 0.071875
0 0.2796875 0.11796875 0.015625 0.02421875
0 0.30234375 0.12578125 0.015625 0.028125
0 0.328125 0.11171875 0.01953125 0.0375
0 0.35546875 0.11484375 0.01484375 0.0390625
0 0.3375 0.14453125 0.0203125 0.0328125
0 0.3703125 0.1390625 0.01953125 0.04375
0 0.3765625 0.16171875 0.0171875 0.05078125
0 0.38671875 0.12109375 0.01484375 0.0328125
0 0.41015625 0.125 0.0171875 0.02578125
0 0.40703125 0.18515625 0.02578125 0.0359375
0 0.4390625 0.190625 0.01796875 0.0359375
0 0.44921875 0.13828125 0.0140625 0.02109375
0 0.4671875 0.13515625 0.02109375 0.025
0 0.4765625 0.14765625 0.01640625 0.025
0 0.48671875 0.1296875 0.01171875 0.025
0 0.5046875 0.14375 0.02109375 0.03125
0 0.52265625 0.14375 0.01640625 0.02578125
0 0.5 0.159375 0.01328125 0.02421875
0 0.47421875 0.1875 0.0171875 0.0265625
0 0.4578125 0.16953125 0.0109375 0.03203125
0 0.44296875 0.171875 0.01328125 0.02421875
0 0.51328125 0.1953125 0.02265625 0.03671875
0 0.54296875 0.18359375 0.02109375 0.053125
0 0.53125 0.1625 0.01328125 0.0421875
0 0.5796875 0.1515625 0.01328125 0.025
0 0.57421875 0.175 0.01640625 0.03046875
0 0.55390625 0.20234375 0.015625 0.01875
0 0.54765625 0.2171875 0.0125 0.0359375
0 0.5234375 0.24453125 0.02421875 0.03359375
0 0.5828125 0.2546875 0.021875 0.04453125
0 0.58359375 0.209375 0.01953125 0.0375
0 0.60390625 0.1921875 0.0203125 0.04140625
0 0.61875 0.2546875 0.02421875 0.04296875
0 0.646875 0.265625 0.0234375 0.05703125
0 0.64453125 0.20390625 0.01796875 0.053125
0 0.66875 0.19609375 0.02578125 0.0453125
0 0.66953125 0.25 0.0171875 0.05078125
0 0.6875 0.23828125 0.01796875 0.040625
0 0.7109375 0.23125 0.025 0.053125