0 0.2328125 0.296875 0.02734375 0.06796875
0 0.44140625 0.2578125 0.0390625 0.05390625
0 0.50546875 0.23125 0.034375 0.0640625
0 0.4765625 0.2109375 0.0203125 0.04609375
0 0.44375 0.2078125 0.0234375 0.040625
0 0.4734375 0.140625 0.02265625 0.06171875
0 0.65390625 0.15625 0.02578125 0.0421875
0 0.34765625 0.27109375 0.03046875 0.053125
0 0.31328125 0.259375 0.0296875 0.065625
0 0.29921875 0.21875 0.01640625 0.034375
0 0.2484375 0.24921875 0.01328125 0.05
0 0.259375 0.20859375 0.0296875 0.0421875
0 0.30546875 0.1953125 0.01953125 0.0296875
0 0.33046875 0.18046875 0.0203125 0.0546875