0 0.61171875 0.415625 0.0671875 0.12265625
0 0.234375 0.3484375 0.03828125 0.0765625
0 0.0859375 0.3515625 0.0546875 0.078125
0 0.3046875 0.3140625 0.0375 0.07734375
0 0.2 0.2875 0.028125 0.07421875
0 0.16796875 0.24921875 0.025 0.05546875
0 0.06953125 0.2515625 0.0234375 0.053125
0 0.1015625 0.23125 0.02421875 0.05078125
0 0.31015625 0.2515625 0.02890625 0.05390625
0 0.36328125 0.2484375 0.02890625 0.065625
0 0.409375 0.2203125 0.03125 0.059375
0 0.2640625 0.2328125 0.0265625 0.05546875
0 0.19921875 0.20390625 0.02421875 0.04609375
0 0.559375 0.23984375 0.0234375 0.05859375
0 0.5359375 0.20390625 0.02265625 0.06328125
0 0.6140625 0.25546875 0.02421875 0.0515625
0 0.3390625 0.175 0.025 0.04375
0 0.2828125 0.17890625 0.02265625 0.04609375
0 0.24375 0.1921875 0.02578125 0.04375
0 0.2046875 0.16328125 0.0203125 0.03515625
0 0.16640625 0.1703125 0.01796875 0.04140625
0 0.2546875 0.15859375 0.021875 0.04375
0 0.44375 0.18125 0.021875 0.05
0 0.47578125 0.1734375 0.0203125 0.04453125
0 0.50859375 0.178125 0.0234375 0.04375
0 0.62734375 0.22421875 0.02109375 0.04609375
0 0.653125 0.21328125 0.025 0.040625
0 0.65703125 0.16875 0.01875 0.04375
0 0.62109375 0.1625 0.0171875 0.034375
0 0.675 0.2109375 0.01953125 0.04453125
0 0.7046875 0.21953125 0.01796875 0.046875
0 0.728125 0.2234375 0.02265625 0.04453125
0 0.359375 0.15234375 0.0171875 0.03984375
0 0.128125 0.1796875 0.01875 0.04453125
0 0.09765625 0.1765625 0.0203125 0.0359375
0 0.21953125 0.11875 0.02421875 0.03984375
0 0.190625 0.128125 0.01640625 0.03515625
0 0.08828125 0.14375 0.01953125 0.03125
0 0.41484375 0.16171875 0.02109375 0.0390625
0 0.2875 0.1078125 0.01796875 0.034375
0 0.45234375 0.12734375 0.021875 0.0359375
0 0.428125 0.13046875 0.01796875 0.03984375
0 0.58984375 0.16015625 0.01875 0.0328125
0 0.55703125 0.14453125 0.021875 0.03671875
0 0.51484375 0.14375 0.01875 0.03359375
0 0.38125 0.13359375 0.01640625 0.03671875