0 0.19921875 0.39453125 0.04375 0.06484375
0 0.76953125 0.3296875 0.034375 0.06640625
0 0.84453125 0.3046875 0.021875 0.04921875
0 0.9125 0.2640625 0.02578125 0.05234375
0 0.853125 0.24921875 0.02734375 0.04375
0 0.875 0.23046875 0.02109375 0.04140625
0 0.87890625 0.19453125 0.01328125 0.0390625
0 0.865625 0.14140625 0.01328125 0.0390625
0 0.825 0.13203125 0.01640625 0.034375
0 0.815625 0.14921875 0.01796875 0.03203125
0 0.8375 0.20234375 0.0234375 0.03671875
0 0.81015625 0.22578125 0.02265625 0.0515625
0 0.79375 0.259375 0.02734375 0.04296875
0 0.796875 0.16796875 0.0140625 0.04453125
0 0.7734375 0.21015625 0.0203125 0.03828125
0 0.77578125 0.17578125 0.01171875 0.03515625
0 0.790625 0.1390625 0.015625 0.02890625
0 0.7546875 0.1265625 0.015625 0.0265625
0 0.7453125 0.140625 0.01484375 0.02578125
0 0.74453125 0.18828125 0.0140625 0.03203125
0 0.75546875 0.17265625 0.01015625 0.034375
0 0.74453125 0.2234375 0.02265625 0.04765625
0 0.709375 0.2765625 0.02265625 0.07109375
0 0.7046875 0.2109375 0.0171875 0.03671875
0 0.68359375 0.18984375 0.0171875 0.04140625
0 0.68046875 0.1578125 0.01484375 0.03671875
0 0.71015625 0.153125 0.01796875 0.03359375
0 0.678125 0.2953125 0.0234375 0.059375
0 0.65390625 0.26171875 0.01875 0.05625
0 0.62734375 0.2359375 0.0375 0.04375
0 0.6453125 0.20234375 0.01484375 0.05546875
0 0.64921875 0.1609375 0.01640625 0.0328125
0 0.615625 0.19375 0.0140625 0.0375
0 0.5640625 0.2390625 0.0296875 0.04609375
0 0.534375 0.3078125 0.02421875 0.05546875
0 0.4890625 0.3015625 0.02890625 0.05390625
0 0.6625 0.11484375 0.01640625 0.04453125
0 0.64140625 0.1 0.02109375 0.04140625
0 0.625 0.1421875 0.015625 0.0296875
0 0.621875 0.1140625 0.01640625 0.05390625
0 0.59296875 0.1015625 0.01484375 0.04765625
0 0.57421875 0.17734375 0.015625 0.028125
0 0.578125 0.1375 0.00859375 0.03203125
0 0.54609375 0.1515625 0.0328125 0.03515625
0 0.53203125 0.18984375 0.0171875 0.0296875
0 0.50859375 0.1484375 0.01484375 0.0359375
0 0.49140625 0.1203125 0.0125 0.0234375
0 0.50703125 0.12890625 0.009375 0.0234375
0 0.49921875 0.1828125 0.01640625 0.028125
0 0.46328125 0.15234375 0.0109375 0.028125
0 0.4421875 0.1515625 0.01484375 0.025
0 0.42265625 0.1453125 0.01640625 0.02578125
0 0.48203125 0.20859375 0.021875 0.04453125
0 0.47265625 0.18125 0.01171875 0.01953125
0 0.4453125 0.225 0.01328125 0.04765625
0 0.428125 0.18671875 0.01796875 0.03515625
0 0.390625 0.19453125 0.015625 0.0390625
0 0.4046875 0.165625 0.01328125 0.028125
0 0.41640625 0.25625 0.02265625 0.0546875
0 0.3921875 0.25078125 0.02265625 0.05859375
0 0.3234375 0.28203125 0.015625 0.046875
0 0.33125 0.21015625 0.0171875 0.03828125
0 0.31171875 0.2140625 0.01640625 0.03671875
0 0.29375 0.24375 0.0109375 0.05546875
0 0.26953125 0.2703125 0.01640625 0.04140625