0 0.390625 0.46640625 0.07578125 0.121875
0 0.24453125 0.4015625 0.07578125 0.1046875
0 0.2625 0.1796875 0.02890625 0.03984375
0 0.45546875 0.25703125 0.0296875 0.0390625
0 0.50234375 0.22265625 0.0171875 0.028125
0 0.4484375 0.2140625 0.01875 0.04140625
0 0.415625 0.21328125 0.03125 0.03046875
0 0.60078125 0.25078125 0.0234375 0.0390625
0 0.65859375 0.24140625 0.03359375 0.03671875
0 0.68125 0.1265625 0.0125 0.025
0 0.6546875 0.13515625 0.01953125 0.025
0 0.62734375 0.11015625 0.0140625 0.021875
0 0.609375 0.12265625 0.01875 0.0390625