0 0.91640625 0.2703125 0.0296875 0.04921875
0 0.25078125 0.375 0.02890625 0.0640625
0 0.30625 0.30390625 0.0296875 0.06171875
0 0.2078125 0.2890625 0.021875 0.0578125
0 0.17734375 0.2640625 0.0171875 0.05390625
0 0.08515625 0.3296875 0.02421875 0.05078125
0 0.07734375 0.2578125 0.01640625 0.046875
0 0.0515625 0.23203125 0.0171875 0.03203125
0 0.0640625 0.20625 0.0125 0.03828125
0 0.04609375 0.19921875 0.015625 0.0296875
0 0.084375 0.14765625 0.0140625 0.02421875
0 0.09921875 0.178125 0.01484375 0.03203125
0 0.10859375 0.23515625 0.01953125 0.04296875
0 0.10390625 0.203125 0.0109375 0.034375
0 0.1328125 0.1921875 0.01484375 0.034375
0 0.12109375 0.16328125 0.01484375 0.034375
0 0.140625 0.21953125 0.0203125 0.0359375
0 0.1546875 0.2171875 0.015625 0.034375
0 0.1796875 0.20234375 0.01796875 0.03125
0 0.165625 0.18125 0.0140625 0.03515625
0 0.1578125 0.1640625 0.01171875 0.02578125
0 0.14140625 0.1546875 0.0125 0.03828125
0 0.1640625 0.13984375 0.0109375 0.034375
0 0.19375 0.140625 0.01328125 0.0296875
0 0.2015625 0.17109375 0.01640625 0.0265625
0 0.2109375 0.15234375 0.0140625 0.02890625
0 0.2171875 0.13046875 0.01015625 0.02578125
0 0.2359375 0.13515625 0.01640625 0.03515625
0 0.265625 0.14609375 0.01171875 0.02890625
0 0.28203125 0.18125 0.0234375 0.04140625
0 0.2625 0.16875 0.01640625 0.0234375
0 0.24453125 0.1984375 0.0140625 0.0375
0 0.3015625 0.175 0.00859375 0.02890625
0 0.21328125 0.22734375 0.01953125 0.03828125
0 0.23125 0.23671875 0.01875 0.046875
0 0.26171875 0.234375 0.01796875 0.04453125
0 0.30625 0.2578125 0.02265625 0.03671875
0 0.3140625 0.2234375 0.021875 0.0375
0 0.3265625 0.1859375 0.0140625 0.04140625
0 0.35625 0.25625 0.0296875 0.046875
0 0.3734375 0.2046875 0.0234375 0.03359375
0 0.40625 0.2375 0.021875 0.0578125
0 0.290625 0.11796875 0.0109375 0.0296875
0 0.31484375 0.11171875 0.0109375 0.025
0 0.31953125 0.13828125 0.01171875 0.03203125
0 0.334375 0.12109375 0.01328125 0.028125
0 0.35625 0.1203125 0.01328125 0.03046875
0 0.3578125 0.15625 0.01171875 0.0296875
0 0.3421875 0.1421875 0.00859375 0.0296875
0 0.3703125 0.14140625 0.01640625 0.034375
0 0.38671875 0.125 0.015625 0.02421875
0 0.390625 0.165625 0.0140625 0.02890625
0 0.40703125 0.1359375 0.00703125 0.01796875
0 0.43828125 0.1859375 0.0140625 0.04140625
0 0.43046875 0.16015625 0.015625 0.02578125
0 0.421875 0.13828125 0.01640625 0.0265625
0 0.44453125 0.14140625 0.01171875 0.02890625
0 0.4578125 0.15703125 0.01640625 0.03203125
0 0.47109375 0.17890625 0.01484375 0.03828125
0 0.48125 0.1359375 0.01484375 0.02578125
0 0.5015625 0.15078125 0.009375 0.02890625
0 0.515625 0.153125 0.01171875 0.025
0 0.4921875 0.134375 0.0125 0.02578125
0 0.496875 0.1828125 0.0109375 0.03046875
0 0.5375 0.20859375 0.0234375 0.04375
0 0.553125 0.25 0.01796875 0.0453125
0 0.590625 0.2359375 0.01328125 0.05
0 0.57421875 0.2015625 0.02265625 0.03359375
0 0.55546875 0.16796875 0.01328125 0.02890625
0 0.57890625 0.171875 0.009375 0.0328125
0 0.59375 0.17109375 0.0140625 0.0265625
0 0.615625 0.16953125 0.0125 0.03671875
0 0.6078125 0.20546875 0.0109375 0.0296875
0 0.6203125 0.23125 0.01484375 0.03671875
0 0.621875 0.19765625 0.01171875 0.0265625
0 0.64140625 0.2265625 0.021875 0.04140625
0 0.646875 0.1875 0.021875 0.03046875
0 0.66953125 0.18828125 0.01640625 0.03671875
0 0.703125 0.2234375 0.01875 0.034375
0 0.72109375 0.22578125 0.01328125 0.03671875