0 0.25625 0.39296875 0.05390625 0.103125
0 0.09375 0.2453125 0.01875 0.03828125
0 0.1171875 0.246875 0.0203125 0.04375
0 0.16953125 0.25859375 0.0234375 0.0640625
0 0.21796875 0.23046875 0.02890625 0.05703125
0 0.28125 0.20625 0.02578125 0.04375
0 0.34453125 0.23359375 0.02578125 0.06875
0 0.46640625 0.17421875 0.0359375 0.06484375
0 0.44453125 0.17265625 0.01484375 0.0296875
0 0.403125 0.10703125 0.01875 0.034375
0 0.5125 0.09296875 0.0171875 0.040625
0 0.5765625 0.0875 0.0171875 0.0265625
0 0.58828125 0.0703125 0.0125 0.02265625
0 0.6109375 0.10625 0.0109375 0.0296875
0 0.65 0.0640625 0.0125 0.01640625
0 0.64609375 0.078125 0.015625 0.021875
0 0.62734375 0.20546875 0.02890625 0.05078125
0 0.66328125 0.15859375 0.025 0.05546875
0 0.6890625 0.1484375 0.0265625 0.0546875
0 0.690625 0.08359375 0.0140625 0.02734375
0 0.7109375 0.08984375 0.01875 0.03046875
0 0.73671875 0.06796875 0.01484375 0.025
0 0.725 0.0703125 0.01171875 0.03046875
0 0.80859375 0.09765625 0.01796875 0.03359375
0 0.78828125 0.12421875 0.01796875 0.0421875
0 0.76875 0.14296875 0.02109375 0.05078125
0 0.846875 0.15234375 0.0203125 0.03984375
0 0.8703125 0.15 0.0171875 0.0484375
0 0.88359375 0.15390625 0.0125 0.025
0 0.859375 0.14296875 0.00859375 0.03359375
0 0.90859375 0.17890625 0.015625 0.0265625
0 0.90390625 0.21484375 0.025 0.05390625
0 0.9296875 0.16796875 0.0109375 0.03203125
0 0.940625 0.1703125 0.0125 0.03671875