0 0.3265625 0.19375 0.01875 0.04296875
0 0.3421875 0.1984375 0.021875 0.04453125
0 0.30546875 0.2109375 0.0265625 0.0546875
0 0.53125 0.15859375 0.02265625 0.05234375
0 0.56875 0.29765625 0.0484375 0.084375
0 0.615625 0.2359375 0.02734375 0.0640625
0 0.68046875 0.17890625 0.02265625 0.046875
0 0.7140625 0.1921875 0.02265625 0.04453125
0 0.8359375 0.2703125 0.0328125 0.0640625
0 0.74921875 0.28671875 0.03671875 0.084375
0 0.78046875 0.35703125 0.0625 0.11640625
0 0.66953125 0.25859375 0.03203125 0.06953125
0 0.72734375 0.2796875 0.02734375 0.06953125
0 0.6671875 0.2203125 0.028125 0.046875