0 0.05625 0.44921875 0.04140625 0.06484375
0 0.80390625 0.5046875 0.03203125 0.06640625
0 0.6921875 0.47578125 0.03828125 0.071875
0 0.6234375 0.459375 0.0375 0.06640625
0 0.58671875 0.4296875 0.02890625 0.06015625
0 0.53125 0.3984375 0.03046875 0.05234375
0 0.45546875 0.40390625 0.03046875 0.0484375
0 0.8859375 0.46328125 0.03125 0.053125
0 0.82421875 0.43828125 0.03046875 0.05625
0 0.7515625 0.4375 0.0328125 0.053125
0 0.703125 0.40859375 0.0296875 0.05078125
0 0.640625 0.36796875 0.0265625 0.0484375
0 0.78984375 0.35859375 0.02421875 0.0453125
0 0.8390625 0.37109375 0.021875 0.0484375
0 0.91328125 0.35546875 0.0203125 0.04453125
0 0.8828125 0.32109375 0.01953125 0.03359375
0 0.815625 0.33125 0.0203125 0.04140625
0 0.671875 0.34296875 0.02265625 0.040625
0 0.796875 0.30234375 0.01953125 0.03671875
0 0.86875 0.2765625 0.0171875 0.0328125
0 0.85 0.2578125 0.015625 0.03046875
0 0.82109375 0.25234375 0.015625 0.028125
0 0.82890625 0.27734375 0.015625 0.03125
0 0.853125 0.30546875 0.0171875 0.03203125
0 0.6734375 0.30234375 0.021875 0.03828125
0 0.70703125 0.28515625 0.01875 0.03203125
0 0.79921875 0.2671875 0.0171875 0.0328125
0 0.76015625 0.2875 0.01953125 0.0375
0 0.85546875 0.35234375 0.015625 0.034375
0 0.909375 0.30390625 0.01640625 0.0359375
0 0.7734375 0.24375 0.01484375 0.0234375
0 0.7609375 0.2421875 0.0125 0.025
0 0.7390625 0.22578125 0.01640625 0.028125
0 0.71484375 0.25234375 0.01796875 0.03125
0 0.74140625 0.26015625 0.01796875 0.03125
0 0.68515625 0.24765625 0.01640625 0.03671875
0 0.659375 0.265625 0.01640625 0.0328125
0 0.32734375 0.3515625 0.0203125 0.04609375
0 0.2890625 0.36015625 0.02109375 0.04453125
0 0.25390625 0.36484375 0.0203125 0.04296875
0 0.23125 0.3359375 0.01640625 0.03671875
0 0.28671875 0.3015625 0.0171875 0.03203125
0 0.35078125 0.2921875 0.01484375 0.03359375
0 0.34765625 0.3265625 0.01796875 0.034375
0 0.3765625 0.33203125 0.0171875 0.0359375
0 0.4015625 0.33828125 0.01953125 0.0375
0 0.4421875 0.3390625 0.021875 0.03984375
0 0.521875 0.34609375 0.02421875 0.0421875
0 0.49140625 0.3125 0.0171875 0.0359375
0 0.4640625 0.3 0.01875 0.03046875
0 0.4265625 0.303125 0.02109375 0.0359375
0 0.40234375 0.2953125 0.01796875 0.03203125
0 0.38359375 0.26875 0.015625 0.03515625
0 0.39921875 0.26484375 0.0140625 0.02734375
0 0.4359375 0.2625 0.015625 0.0328125
0 0.4234375 0.23828125 0.0140625 0.028125
0 0.5515625 0.27265625 0.0171875 0.0328125
0 0.50859375 0.27265625 0.015625 0.03203125
0 0.53515625 0.2453125 0.0171875 0.03203125
0 0.6765625 0.21953125 0.01484375 0.021875
0 0.6578125 0.228125 0.0140625 0.02890625
0 0.6453125 0.215625 0.01171875 0.028125
0 0.62890625 0.2453125 0.015625 0.03359375
0 0.6203125 0.303125 0.0203125 0.0375
0 0.5828125 0.33671875 0.02265625 0.04609375
0 0.5671875 0.25703125 0.01796875 0.0328125
0 0.58515625 0.25 0.015625 0.02890625
0 0.59609375 0.20703125 0.015625 0.0234375
0 0.5875 0.221875 0.01640625 0.02265625
0 0.4953125 0.265625 0.01171875 0.03046875
0 0.4625 0.2375 0.0140625 0.0265625