0 0.3890625 0.34453125 0.03671875 0.0609375
0 0.4515625 0.334375 0.02734375 0.06484375
0 0.45 0.246875 0.02265625 0.0484375
0 0.3984375 0.2875 0.02578125 0.053125
0 0.3453125 0.26875 0.034375 0.053125
0 0.28515625 0.29140625 0.02734375 0.04609375
0 0.240625 0.31015625 0.0234375 0.05390625
0 0.16640625 0.303125 0.021875 0.04609375
0 0.16015625 0.25390625 0.0265625 0.0625
0 0.0890625 0.27109375 0.01875 0.0390625
0 0.09609375 0.23515625 0.01953125 0.040625
0 0.1203125 0.203125 0.02890625 0.034375
0 0.11328125 0.17109375 0.015625 0.04296875
0 0.16015625 0.16875 0.02265625 0.02578125
0 0.165625 0.20625 0.025 0.025
0 0.18125 0.1375 0.0140625 0.02734375
0 0.2 0.19140625 0.02109375 0.05546875
0 0.22578125 0.215625 0.021875 0.03515625
0 0.24375 0.22890625 0.021875 0.03671875
0 0.271875 0.16875 0.01484375 0.0265625
0 0.3 0.19140625 0.0171875 0.03828125
0 0.3 0.24296875 0.03046875 0.05234375
0 0.33125 0.221875 0.015625 0.03515625
0 0.3859375 0.2046875 0.025 0.05
0 0.30859375 0.1546875 0.00703125 0.034375
0 0.2953125 0.15 0.01640625 0.02578125
0 0.2703125 0.13359375 0.01796875 0.03203125
0 0.2234375 0.1453125 0.015625 0.0375
0 0.24140625 0.13515625 0.01640625 0.0328125
0 0.5296875 0.234375 0.01953125 0.0390625
0 0.546875 0.225 0.0234375 0.0265625
0 0.60078125 0.21953125 0.021875 0.03359375
0 0.61015625 0.29296875 0.02421875 0.046875
0 0.6296875 0.27265625 0.01171875 0.03046875
0 0.67890625 0.23828125 0.0125 0.02890625
0 0.746875 0.26484375 0.0140625 0.0328125
0 0.671875 0.2078125 0.01328125 0.04140625
0 0.653125 0.2078125 0.0109375 0.034375
0 0.63046875 0.18046875 0.0078125 0.040625
0 0.6203125 0.19921875 0.0125 0.0390625
0 0.5859375 0.18984375 0.01171875 0.0359375
0 0.55 0.18203125 0.0109375 0.040625
0 0.52109375 0.190625 0.01953125 0.03984375
0 0.49765625 0.18984375 0.021875 0.0359375
0 0.4734375 0.2171875 0.0171875 0.040625
0 0.509375 0.1703125 0.0171875 0.0296875
0 0.521875 0.12890625 0.01796875 0.0359375
0 0.471875 0.17734375 0.0125 0.03203125
0 0.41640625 0.1625 0.0171875 0.02578125
0 0.3640625 0.13515625 0.01796875 0.02890625
0 0.3515625 0.1203125 0.01640625 0.03359375
0 0.43828125 0.12578125 0.0171875 0.03203125
0 0.4234375 0.146875 0.01796875 0.02890625
0 0.3953125 0.1625 0.0171875 0.040625