0 0.0453125 0.1828125 0.01171875 0.03125
0 0.0796875 0.18046875 0.0140625 0.0328125
0 0.059375 0.19296875 0.01484375 0.03046875
0 0.1265625 0.1625 0.015625 0.03203125
0 0.14296875 0.1484375 0.01328125 0.028125
0 0.16953125 0.140625 0.01484375 0.03046875
0 0.2 0.14375 0.01171875 0.02421875
0 0.2359375 0.14453125 0.01328125 0.0265625
0 0.21875 0.153125 0.0140625 0.0375
0 0.18828125 0.16875 0.01484375 0.03515625
0 0.20703125 0.17109375 0.01484375 0.0328125
0 0.228125 0.19140625 0.01953125 0.03671875
0 0.275 0.15703125 0.015625 0.03671875
0 0.3015625 0.1828125 0.01328125 0.03671875
0 0.2859375 0.196875 0.0203125 0.0375
0 0.26328125 0.18203125 0.015625 0.02890625
0 0.25546875 0.1546875 0.01328125 0.0265625
0 0.196875 0.21484375 0.01796875 0.04453125
0 0.13984375 0.21328125 0.01484375 0.0375
0 0.1609375 0.18984375 0.01796875 0.0375
0 0.06015625 0.234375 0.015625 0.040625
0 0.0859375 0.26015625 0.01953125 0.04609375
0 0.1125 0.23671875 0.01796875 0.040625
0 0.11796875 0.2796875 0.021875 0.0421875
0 0.23359375 0.325 0.03671875 0.06875
0 0.30078125 0.2484375 0.0234375 0.04765625
0 0.334375 0.23671875 0.02421875 0.04296875
0 0.340625 0.19921875 0.01796875 0.0328125
0 0.37734375 0.21796875 0.02421875 0.04375
0 0.4265625 0.2421875 0.025 0.0515625
0 0.29375 0.125 0.0109375 0.0265625
0 0.32109375 0.1171875 0.0125 0.02734375
0 0.33203125 0.14296875 0.015625 0.03125
0 0.384375 0.1125 0.01015625 0.01953125
0 0.3390625 0.121875 0.01015625 0.021875
0 0.37734375 0.17578125 0.0140625 0.02890625
0 0.4 0.14609375 0.01640625 0.0265625
0 0.41953125 0.14921875 0.01328125 0.0296875
0 0.44375 0.1234375 0.01484375 0.028125
0 0.4671875 0.13359375 0.0140625 0.02109375
0 0.44140625 0.19453125 0.0140625 0.028125
0 0.4578125 0.1546875 0.0109375 0.02734375
0 0.50234375 0.1453125 0.01328125 0.02265625
0 0.496875 0.12421875 0.01015625 0.02265625
0 0.525 0.1390625 0.0125 0.02578125
0 0.52890625 0.1703125 0.015625 0.028125
0 0.5328125 0.21875 0.01796875 0.0390625
0 0.49375 0.2 0.01640625 0.0328125
0 0.47265625 0.17578125 0.015625 0.02734375
0 0.55546875 0.16171875 0.015625 0.0296875
0 0.584375 0.17890625 0.01640625 0.0328125
0 0.625 0.20390625 0.0140625 0.03203125
0 0.67421875 0.22109375 0.01484375 0.02421875
0 0.621875 0.18203125 0.015625 0.02421875
0 0.4171875 0.125 0.0125 0.01875
0 0.4296875 0.1390625 0.01171875 0.0234375