0 0.1375 0.559375 0.0359375 0.09296875
0 0.2296875 0.34140625 0.02734375 0.0546875
0 0.25703125 0.33515625 0.01328125 0.06484375
0 0.28046875 0.3765625 0.01875 0.05859375
0 0.328125 0.3890625 0.02734375 0.0515625
0 0.29140625 0.3171875 0.02578125 0.05703125
0 0.3484375 0.33359375 0.0203125 0.03515625
0 0.35078125 0.3 0.01796875 0.03359375
0 0.38125 0.346875 0.02265625 0.0390625
0 0.4078125 0.34375 0.02578125 0.0359375
0 0.45 0.3390625 0.0140625 0.04375
0 0.4984375 0.33984375 0.02421875 0.028125
0 0.46875 0.3015625 0.02265625 0.0421875
0 0.43828125 0.30546875 0.01328125 0.03125
0 0.4046875 0.29453125 0.01875 0.02578125
0 0.4375 0.275 0.0203125 0.03203125
0 0.39609375 0.2578125 0.015625 0.04296875
0 0.46953125 0.23671875 0.02109375 0.02734375
0 0.47578125 0.2703125 0.0234375 0.02890625
0 0.4921875 0.26640625 0.02109375 0.046875
0 0.51640625 0.27734375 0.021875 0.05625
0 0.5546875 0.290625 0.01953125 0.0375
0 0.575 0.2515625 0.01640625 0.04296875
0 0.5453125 0.24375 0.01875 0.04140625
0 0.52109375 0.24296875 0.0171875 0.0359375
0 0.56796875 0.21015625 0.02578125 0.0359375
0 0.5828125 0.23671875 0.01171875 0.02734375
0 0.60390625 0.2578125 0.01640625 0.0375
0 0.64140625 0.2515625 0.01640625 0.03125
0 0.63828125 0.228125 0.0109375 0.0265625
0 0.68984375 0.2328125 0.0125 0.0296875
0 0.671875 0.240625 0.01328125 0.028125
0 0.67109375 0.20625 0.0140625 0.03125
0 0.62734375 0.20703125 0.01953125 0.0296875
0 0.609375 0.20625 0.01953125 0.03125
0 0.603125 0.2359375 0.021875 0.0390625
0 0.70625 0.25234375 0.01171875 0.028125
0 0.7328125 0.2484375 0.01640625 0.0375
0 0.74765625 0.22421875 0.0171875 0.040625
0 0.77734375 0.2375 0.0109375 0.034375
0 0.76796875 0.27890625 0.01328125 0.03359375
0 0.80859375 0.24453125 0.01484375 0.03984375
0 0.7796875 0.26328125 0.02578125 0.04140625
0 0.8421875 0.259375 0.015625 0.03984375
0 0.87890625 0.26015625 0.02109375 0.04140625
0 0.8609375 0.28203125 0.01796875 0.04921875
0 0.89296875 0.2703125 0.0125 0.04140625
0 0.94140625 0.2703125 0.0171875 0.0328125
0 0.9234375 0.3125 0.01875 0.03203125
0 0.90703125 0.29140625 0.02109375 0.0359375
0 0.93046875 0.35 0.028125 0.0453125
0 0.89453125 0.31875 0.0234375 0.0484375
0 0.8703125 0.34375 0.0296875 0.06171875
0 0.84765625 0.32109375 0.0296875 0.05234375
0 0.81796875 0.30703125 0.021875 0.04765625
0 0.80390625 0.36328125 0.02734375 0.0453125
0 0.85859375 0.365625 0.03046875 0.046875
0 0.91015625 0.396875 0.0265625 0.0515625
0 0.91953125 0.47578125 0.04375 0.05
0 0.82109375 0.50859375 0.02734375 0.059375
0 0.85 0.45 0.0421875 0.0640625
0 0.79140625 0.42421875 0.0265625 0.059375
0 0.6953125 0.3 0.0125 0.04921875
0 0.71171875 0.30625 0.01796875 0.0421875
0 0.67265625 0.28359375 0.01875 0.0515625
0 0.6453125 0.29609375 0.0171875 0.03203125
0 0.6484375 0.3453125 0.0265625 0.03515625
0 0.69375 0.3765625 0.040625 0.046875
0 0.7265625 0.40546875 0.03203125 0.059375
0 0.66640625 0.39453125 0.02109375 0.06015625
0 0.596875 0.38046875 0.025 0.04453125
0 0.60234375 0.33828125 0.03125 0.0515625
0 0.5390625 0.34921875 0.0234375 0.06015625
0 0.48984375 0.38828125 0.0328125 0.06328125
0 0.54375 0.41796875 0.04296875 0.0765625
0 0.5875 0.44921875 0.03125 0.084375
0 0.6359375 0.45859375 0.04140625 0.08125
0 0.6953125 0.546875 0.0390625 0.07734375