0 0.21953125 0.3953125 0.06796875 0.09140625
0 0.91328125 0.3296875 0.02890625 0.0578125
0 0.8328125 0.25859375 0.021875 0.03984375
0 0.91953125 0.24375 0.01640625 0.0421875
0 0.95390625 0.225 0.01796875 0.04375
0 0.9375 0.19765625 0.01953125 0.03828125
0 0.9046875 0.14921875 0.015625 0.034375
0 0.90390625 0.19140625 0.0203125 0.0421875
0 0.8828125 0.23203125 0.02109375 0.04375
0 0.86953125 0.15859375 0.01640625 0.028125
0 0.86015625 0.18359375 0.0265625 0.02421875
0 0.840625 0.22421875 0.02109375 0.0453125
0 0.81328125 0.1828125 0.01484375 0.0328125
0 0.8265625 0.16796875 0.01171875 0.0375
0 0.840625 0.16015625 0.015625 0.04140625
0 0.8203125 0.13515625 0.0171875 0.0296875
0 0.80390625 0.13359375 0.015625 0.02265625
0 0.778125 0.1265625 0.01484375 0.02265625
0 0.77265625 0.1484375 0.01015625 0.01875
0 0.78671875 0.1625 0.0125 0.02734375
0 0.746875 0.12109375 0.021875 0.03515625
0 0.725 0.13671875 0.0203125 0.02421875
0 0.72890625 0.16640625 0.01171875 0.02890625
0 0.753125 0.1921875 0.015625 0.0296875
0 0.759375 0.25546875 0.02734375 0.07578125
0 0.71953125 0.23671875 0.01796875 0.0609375
0 0.70703125 0.1828125 0.01640625 0.05703125
0 0.66953125 0.17890625 0.01796875 0.0484375
0 0.6578125 0.2296875 0.01875 0.03984375
0 0.61015625 0.20625 0.0234375 0.0515625
0 0.61328125 0.246875 0.028125 0.059375
0 0.553125 0.2234375 0.025 0.053125
0 0.65234375 0.3421875 0.03359375 0.06796875
0 0.73671875 0.36953125 0.0265625 0.0609375
0 0.678125 0.278125 0.02734375 0.0625
0 0.79921875 0.28671875 0.025 0.071875
0 0.7 0.10390625 0.0203125 0.0265625
0 0.68125 0.1046875 0.0140625 0.01640625
0 0.671875 0.12109375 0.015625 0.0453125
0 0.64765625 0.11640625 0.01796875 0.025
0 0.6375 0.103125 0.0140625 0.028125
0 0.628125 0.10625 0.0125 0.025
0 0.64140625 0.15625 0.0171875 0.05390625
0 0.62265625 0.13671875 0.01171875 0.03203125
0 0.60390625 0.1265625 0.0171875 0.02265625
0 0.5953125 0.1171875 0.015625 0.0359375
0 0.571875 0.1140625 0.01484375 0.03828125
0 0.59765625 0.1484375 0.01796875 0.0515625
0 0.57578125 0.17265625 0.01953125 0.04765625
0 0.5625 0.1359375 0.01328125 0.028125
0 0.54375 0.15 0.01328125 0.03671875
0 0.55625 0.18515625 0.0109375 0.0359375
0 0.54375 0.12578125 0.0109375 0.03515625
0 0.53046875 0.14765625 0.015625 0.034375
0 0.5109375 0.128125 0.01328125 0.03203125
0 0.49765625 0.1171875 0.01328125 0.0296875
0 0.5203125 0.1703125 0.0171875 0.03359375
0 0.49453125 0.1484375 0.01875 0.03046875
0 0.4640625 0.1265625 0.01640625 0.02265625
0 0.46875 0.15703125 0.0125 0.03828125
0 0.47890625 0.1984375 0.0140625 0.05625
0 0.4390625 0.18671875 0.0234375 0.03203125
0 0.44765625 0.146875 0.0109375 0.034375
0 0.41953125 0.15390625 0.01328125 0.0328125
0 0.4203125 0.1796875 0.0125 0.03828125
0 0.39921875 0.171875 0.02109375 0.0453125
0 0.37421875 0.17421875 0.015625 0.0296875
0 0.4171875 0.24375 0.01640625 0.0484375
0 0.3890625 0.20703125 0.0171875 0.0390625
0 0.40703125 0.228125 0.0125 0.046875
0 0.3578125 0.2484375 0.0171875 0.0421875
0 0.3640625 0.1859375 0.01875 0.04609375
0 0.33125 0.17578125 0.02109375 0.03984375
0 0.31875 0.2296875 0.02109375 0.053125
0 0.3125 0.20546875 0.01796875 0.034375
0 0.28359375 0.225 0.015625 0.04453125