0 0.6109375 0.34453125 0.03671875 0.0609375
0 0.5484375 0.334375 0.02734375 0.06484375
0 0.55 0.246875 0.02265625 0.0484375
0 0.6015625 0.2875 0.02578125 0.053125
0 0.6546875 0.26875 0.034375 0.053125
0 0.71484375 0.29140625 0.02734375 0.04609375
0 0.759375 0.31015625 0.0234375 0.05390625
0 0.83359375 0.303125 0.021875 0.04609375
0 0.83984375 0.25390625 0.0265625 0.0625
0 0.9109375 0.27109375 0.01875 0.0390625
0 0.90390625 0.23515625 0.01953125 0.040625
0 0.8796875 0.203125 0.02890625 0.034375
0 0.88671875 0.17109375 0.015625 0.04296875
0 0.83984375 0.16875 0.02265625 0.02578125
0 0.834375 0.20625 0.025 0.025
0 0.81875 0.1375 0.0140625 0.02734375
0 0.8 0.19140625 0.02109375 0.05546875
0 0.77421875 0.215625 0.021875 0.03515625
0 0.75625 0.22890625 0.021875 0.03671875
0 0.728125 0.16875 0.01484375 0.0265625
0 0.7 0.19140625 0.0171875 0.03828125
0 0.7 0.24296875 0.03046875 0.05234375
0 0.66875 0.221875 0.015625 0.03515625
0 0.6140625 0.2046875 0.025 0.05
0 0.69140625 0.1546875 0.00703125 0.034375
0 0.7046875 0.15 0.01640625 0.02578125
0 0.7296875 0.13359375 0.01796875 0.03203125
0 0.7765625 0.1453125 0.015625 0.0375
0 0.75859375 0.13515625 0.01640625 0.0328125
0 0.4703125 0.234375 0.01953125 0.0390625
0 0.453125 0.225 0.0234375 0.0265625
0 0.39921875 0.21953125 0.021875 0.03359375
0 0.38984375 0.29296875 0.02421875 0.046875
0 0.3703125 0.27265625 0.01171875 0.03046875
0 0.32109375 0.23828125 0.0125 0.02890625
0 0.253125 0.26484375 0.0140625 0.0328125
0 0.328125 0.2078125 0.01328125 0.04140625
0 0.346875 0.2078125 0.0109375 0.034375
0 0.36953125 0.18046875 0.0078125 0.040625
0 0.3796875 0.19921875 0.0125 0.0390625
0 0.4140625 0.18984375 0.01171875 0.0359375
0 0.45 0.18203125 0.0109375 0.040625
0 0.47890625 0.190625 0.01953125 0.03984375
0 0.50234375 0.18984375 0.021875 0.0359375
0 0.5265625 0.2171875 0.0171875 0.040625
0 0.490625 0.1703125 0.0171875 0.0296875
0 0.478125 0.12890625 0.01796875 0.0359375
0 0.528125 0.17734375 0.0125 0.03203125
0 0.58359375 0.1625 0.0171875 0.02578125
0 0.6359375 0.13515625 0.01796875 0.02890625
0 0.6484375 0.1203125 0.01640625 0.03359375
0 0.56171875 0.12578125 0.0171875 0.03203125
0 0.5765625 0.146875 0.01796875 0.02890625
0 0.6046875 0.1625 0.0171875 0.040625