0 0.065625 0.4453125 0.0421875 0.0921875
0 0.67578125 0.33046875 0.0296875 0.07109375
0 0.7734375 0.2828125 0.021875 0.05390625
0 0.7640625 0.23203125 0.01796875 0.0421875
0 0.71171875 0.290625 0.0328125 0.06171875
0 0.67578125 0.24296875 0.01953125 0.05
0 0.69453125 0.2140625 0.01953125 0.04765625
0 0.934375 0.27421875 0.02265625 0.04609375
0 0.878125 0.22109375 0.0171875 0.04921875
0 0.88515625 0.18984375 0.0125 0.0375
0 0.93671875 0.1609375 0.0171875 0.0421875
0 0.8984375 0.1703125 0.01796875 0.03359375
0 0.8984375 0.12734375 0.01328125 0.0390625
0 0.87421875 0.12421875 0.0125 0.02890625
0 0.87265625 0.1515625 0.015625 0.03046875
0 0.85546875 0.14296875 0.0203125 0.02734375
0 0.8546875 0.18515625 0.01640625 0.04609375
0 0.8234375 0.16171875 0.0109375 0.0375
0 0.83359375 0.13515625 0.01171875 0.0359375
0 0.809375 0.1171875 0.01484375 0.02890625
0 0.79765625 0.13125 0.0125 0.02578125
0 0.7984375 0.18203125 0.01875 0.04375
0 0.76171875 0.153125 0.01328125 0.0296875
0 0.76953125 0.13515625 0.01328125 0.0296875
0 0.790625 0.11328125 0.01328125 0.0203125
0 0.75390625 0.1046875 0.0125 0.0234375
0 0.740625 0.11171875 0.0109375 0.0234375
0 0.73359375 0.15390625 0.0140625 0.0359375
0 0.74765625 0.140625 0.0140625 0.04375
0 0.71796875 0.1375 0.01875 0.04453125
0 0.69375 0.17890625 0.0265625 0.03984375
0 0.6515625 0.17578125 0.01875 0.0453125
0 0.6640625 0.20859375 0.0203125 0.0359375
0 0.628125 0.19296875 0.025 0.04453125
0 0.60546875 0.2578125 0.01640625 0.05625
0 0.6015625 0.3375 0.03203125 0.06171875
0 0.559375 0.2921875 0.02109375 0.06875
0 0.56875 0.24375 0.02578125 0.0484375
0 0.4953125 0.2984375 0.0265625 0.0765625
0 0.690625 0.1015625 0.01484375 0.03125
0 0.68671875 0.13828125 0.01015625 0.034375
0 0.671875 0.125 0.01171875 0.02890625
0 0.640625 0.11015625 0.01328125 0.0390625
0 0.62109375 0.09609375 0.0109375 0.03359375
0 0.596875 0.096875 0.01796875 0.03359375
0 0.5703125 0.109375 0.01171875 0.01953125
0 0.584375 0.13515625 0.0109375 0.02890625
0 0.61796875 0.13828125 0.0140625 0.03359375
0 0.571875 0.1609375 0.0171875 0.0390625
0 0.56328125 0.1375 0.0125 0.02734375
0 0.52421875 0.13125 0.01328125 0.025
0 0.534375 0.17265625 0.0125 0.0359375
0 0.50546875 0.2 0.0171875 0.04296875
0 0.49609375 0.2296875 0.0265625 0.04453125
0 0.4640625 0.20078125 0.01796875 0.0375
0 0.48125 0.16796875 0.01640625 0.03828125
0 0.47421875 0.14921875 0.01640625 0.02890625
0 0.4859375 0.13984375 0.0109375 0.0375
0 0.44921875 0.14296875 0.0140625 0.03125
0 0.45625 0.165625 0.01328125 0.0328125
0 0.42109375 0.1828125 0.0140625 0.03203125
0 0.44296875 0.1953125 0.01484375 0.0265625
0 0.40703125 0.1765625 0.0125 0.03203125
0 0.415625 0.215625 0.01875 0.04609375
0 0.37421875 0.2234375 0.021875 0.03203125
0 0.39375 0.3078125 0.02578125 0.06015625
0 0.34453125 0.275 0.0171875 0.03359375
0 0.3453125 0.2078125 0.01171875 0.03203125
0 0.34921875 0.246875 0.01796875 0.03203125
0 0.32109375 0.22109375 0.015625 0.0375
0 0.3234375 0.26171875 0.01640625 0.0421875
0 0.30390625 0.24765625 0.01796875 0.03984375
0 0.28515625 0.26640625 0.01484375 0.046875
0 0.25703125 0.2859375 0.0125 0.03671875