0 0.14140625 0.36328125 0.0390625 0.09453125
0 0.0875 0.45078125 0.03359375 0.06640625
0 0.10703125 0.3875 0.04140625 0.0703125
0 0.17421875 0.49453125 0.0546875 0.09921875
0 0.20078125 0.3421875 0.028125 0.06484375
0 0.22421875 0.3375 0.0296875 0.084375
0 0.803125 0.25 0.03984375 0.10546875
0 0.86328125 0.27734375 0.059375 0.11171875
0 0.68125 0.046875 0.02109375 0.04296875
0 0.71875 0.12578125 0.021875 0.0515625
0 0.6640625 0.109375 0.0234375 0.0515625
0 0.42890625 0.1640625 0.0296875 0.05546875
0 0.36953125 0.17109375 0.02421875 0.05859375