0 0.0796875 0.4984375 0.05 0.10703125
0 0.93125 0.2796875 0.02421875 0.05078125
0 0.925 0.20546875 0.0140625 0.046875
0 0.9296875 0.1765625 0.0125 0.03125
0 0.928125 0.15625 0.0125 0.03125
0 0.90078125 0.13046875 0.009375 0.02890625
0 0.89296875 0.1953125 0.0125 0.03203125
0 0.87265625 0.225 0.0171875 0.0421875
0 0.85078125 0.17890625 0.0125 0.03671875
0 0.865625 0.153125 0.01484375 0.034375
0 0.871875 0.1234375 0.01015625 0.02578125
0 0.8390625 0.14609375 0.015625 0.0359375
0 0.80078125 0.1765625 0.01953125 0.04140625
0 0.825 0.16484375 0.0109375 0.028125
0 0.8203125 0.2328125 0.0203125 0.04296875
0 0.78515625 0.275 0.02109375 0.05078125
0 0.74609375 0.2546875 0.02265625 0.04140625
0 0.71171875 0.28046875 0.028125 0.04609375
0 0.67578125 0.33203125 0.03203125 0.05234375
0 0.66484375 0.2578125 0.02421875 0.05
0 0.69609375 0.2140625 0.01484375 0.0484375
0 0.71640625 0.17578125 0.01484375 0.02890625
0 0.746875 0.1796875 0.01796875 0.03984375
0 0.81796875 0.12421875 0.0125 0.021875
0 0.7953125 0.1328125 0.0125 0.0296875
0 0.7796875 0.11640625 0.0125 0.021875
0 0.76796875 0.11953125 0.01171875 0.028125
0 0.74453125 0.11640625 0.01171875 0.025
0 0.72421875 0.13046875 0.01484375 0.02734375
0 0.68671875 0.1515625 0.015625 0.0359375
0 0.646875 0.1734375 0.01484375 0.0296875
0 0.6625 0.19921875 0.015625 0.04453125
0 0.6046875 0.203125 0.0234375 0.04296875
0 0.6078125 0.2625 0.01953125 0.046875
0 0.609375 0.32421875 0.03046875 0.05625
0 0.5484375 0.303125 0.02421875 0.05390625
0 0.5671875 0.234375 0.02265625 0.04765625
0 0.4796875 0.31640625 0.0265625 0.0546875
0 0.6890625 0.1 0.01328125 0.02890625
0 0.66875 0.11953125 0.0109375 0.02890625
0 0.65390625 0.09296875 0.0125 0.02890625
0 0.6390625 0.1203125 0.0125 0.025
0 0.62890625 0.1375 0.0203125 0.03671875
0 0.6265625 0.10078125 0.01015625 0.025
0 0.58828125 0.09609375 0.0125 0.025
0 0.5796875 0.1453125 0.01796875 0.03125
0 0.56484375 0.16796875 0.01640625 0.02734375
0 0.5484375 0.153125 0.01796875 0.03046875
0 0.534375 0.134375 0.01328125 0.02890625
0 0.55546875 0.10625 0.0171875 0.025
0 0.53671875 0.19453125 0.01640625 0.04375
0 0.496875 0.2203125 0.02109375 0.03515625
0 0.48671875 0.18828125 0.0140625 0.025
0 0.45859375 0.1921875 0.0171875 0.03125
0 0.4796875 0.1609375 0.0171875 0.028125
0 0.48671875 0.13671875 0.01484375 0.03125
0 0.4515625 0.1453125 0.0125 0.03125
0 0.40859375 0.16796875 0.01171875 0.02734375
0 0.446875 0.21328125 0.02109375 0.0453125
0 0.4125 0.22109375 0.01640625 0.0296875
0 0.4 0.27890625 0.0203125 0.0453125
0 0.37421875 0.22578125 0.015625 0.028125
0 0.37578125 0.19375 0.01796875 0.02890625
0 0.34609375 0.20859375 0.0171875 0.03359375
0 0.34609375 0.26875 0.02421875 0.02890625
0 0.30859375 0.225 0.01640625 0.03671875
0 0.3203125 0.265625 0.02265625 0.03359375
0 0.30078125 0.26015625 0.015625 0.03203125
0 0.2859375 0.2484375 0.01484375 0.02421875
0 0.2578125 0.28125 0.0171875 0.03125