0 0.90859375 0.41171875 0.03828125 0.096875
0 0.9375 0.4171875 0.04296875 0.078125
0 0.74765625 0.2734375 0.028125 0.0625
0 0.678125 0.2078125 0.021875 0.0484375
0 0.65078125 0.23203125 0.01640625 0.03359375
0 0.61328125 0.2203125 0.0265625 0.05234375
0 0.6046875 0.18984375 0.01953125 0.0390625
0 0.43828125 0.209375 0.03359375 0.0546875
0 0.39453125 0.29765625 0.034375 0.075
0 0.39765625 0.18359375 0.0234375 0.0625
0 0.42109375 0.153125 0.025 0.04609375
0 0.40546875 0.128125 0.02578125 0.04296875
0 0.34140625 0.140625 0.02578125 0.0546875
0 0.31875 0.13515625 0.02421875 0.05234375
0 0.29453125 0.18984375 0.0234375 0.05234375
0 0.3546875 0.1984375 0.03046875 0.06484375