0 0.1125 0.24921875 0.02578125 0.0515625
0 0.215625 0.390625 0.04921875 0.103125
0 0.58984375 0.11640625 0.01796875 0.0359375
0 0.40078125 0.15390625 0.01640625 0.03125
0 0.39140625 0.18125 0.01796875 0.028125
0 0.39921875 0.21015625 0.0171875 0.03515625
0 0.41640625 0.22890625 0.0234375 0.040625
0 0.428125 0.20546875 0.015625 0.0328125
0 0.43125 0.1703125 0.01484375 0.03203125
0 0.45703125 0.16484375 0.01484375 0.02734375
0 0.48125 0.153125 0.0171875 0.02890625
0 0.4875 0.2234375 0.025 0.0484375
0 0.534375 0.20390625 0.0234375 0.03671875
0 0.6125 0.2359375 0.02421875 0.05234375
0 0.64296875 0.24375 0.025 0.05859375
0 0.721875 0.1484375 0.01875 0.03125
0 0.7328125 0.17421875 0.0171875 0.04375
0 0.7515625 0.16171875 0.01875 0.0484375
0 0.7671875 0.1890625 0.021875 0.04765625
0 0.79375 0.1421875 0.01953125 0.02734375
0 0.79453125 0.175 0.0171875 0.04765625
0 0.8234375 0.16328125 0.01640625 0.04140625
0 0.82265625 0.20625 0.0203125 0.0421875
0 0.8578125 0.26796875 0.0234375 0.05625
0 0.8796875 0.34140625 0.046875 0.12734375
0 0.9046875 0.2578125 0.02734375 0.05703125
0 0.9703125 0.19140625 0.0171875 0.04296875
0 0.95703125 0.2265625 0.01953125 0.04609375
0 0.946875 0.265625 0.0234375 0.0515625