0 0.946875 0.20625 0.0234375 0.0328125
0 0.91328125 0.2265625 0.0171875 0.04296875
0 0.865625 0.19609375 0.015625 0.0328125
0 0.85390625 0.22890625 0.0171875 0.04296875
0 0.8921875 0.290625 0.02578125 0.06328125
0 0.86171875 0.334375 0.0234375 0.06875
0 0.7953125 0.25625 0.02109375 0.04609375
0 0.74609375 0.27265625 0.0265625 0.06171875
0 0.73515625 0.18984375 0.02109375 0.06484375
0 0.6765625 0.1921875 0.01484375 0.04296875
0 0.71484375 0.0609375 0.01953125 0.05703125
0 0.63984375 0.14296875 0.01484375 0.0484375
0 0.65703125 0.2625 0.02265625 0.06796875
0 0.59765625 0.16015625 0.015625 0.03125
0 0.553125 0.1890625 0.02109375 0.05
0 0.515625 0.17890625 0.021875 0.05
0 0.50859375 0.2125 0.0203125 0.05390625
0 0.4578125 0.21796875 0.02734375 0.05078125
0 0.42890625 0.21328125 0.0203125 0.05
0 0.40390625 0.25234375 0.02109375 0.06015625
0 0.35234375 0.20859375 0.01171875 0.0546875
0 0.4359375 0.08515625 0.0203125 0.0359375