0 0.6875 0.284375 0.0390625 0.075
0 0.6078125 0.23515625 0.0390625 0.06484375
0 0.553125 0.2 0.03515625 0.0765625
0 0.51640625 0.1671875 0.03046875 0.0546875
0 0.46953125 0.19609375 0.03125 0.04609375
0 0.41015625 0.21953125 0.03671875 0.05078125
0 0.4109375 0.16953125 0.03203125 0.06796875
0 0.38203125 0.203125 0.03125 0.03515625
0 0.33359375 0.20078125 0.02265625 0.053125
0 0.29375 0.2171875 0.0125 0.0625
0 0.31015625 0.20546875 0.02109375 0.03046875
0 0.25 0.21328125 0.02890625 0.05
0 0.34921875 0.18515625 0.021875 0.046875