0 0.74765625 0.228125 0.02265625 0.04921875
0 0.68671875 0.1734375 0.034375 0.0453125
0 0.61328125 0.2296875 0.02109375 0.04296875
0 0.55234375 0.25703125 0.02734375 0.04453125
0 0.52734375 0.22265625 0.01875 0.04921875
0 0.54296875 0.20390625 0.015625 0.03125
0 0.5765625 0.21875 0.02109375 0.05
0 0.59140625 0.19140625 0.0171875 0.0328125
0 0.61953125 0.178125 0.0140625 0.0296875
0 0.584375 0.13046875 0.0171875 0.04921875
0 0.615625 0.1140625 0.01328125 0.03984375
0 0.6078125 0.0828125 0.01484375 0.0171875
0 0.53828125 0.13359375 0.01953125 0.03828125
0 0.55078125 0.10390625 0.015625 0.03203125
0 0.578125 0.10546875 0.02109375 0.03125
0 0.49140625 0.1734375 0.02109375 0.03203125
0 0.44921875 0.203125 0.01875 0.05234375
0 0.43359375 0.1578125 0.01640625 0.03125
0 0.47265625 0.15078125 0.02265625 0.05625
0 0.5171875 0.11640625 0.01640625 0.05390625
0 0.4703125 0.09140625 0.0171875 0.034375
0 0.453125 0.1171875 0.0109375 0.02890625
0 0.4359375 0.103125 0.01875 0.04375
0 0.41328125 0.1078125 0.0109375 0.03046875
0 0.396875 0.1265625 0.01171875 0.03828125
0 0.3953125 0.09765625 0.0125 0.0328125
0 0.340625 0.10078125 0.01640625 0.0296875
0 0.36875 0.13828125 0.015625 0.034375
0 0.34609375 0.1359375 0.015625 0.04375
0 0.3203125 0.06484375 0.02578125 0.0359375
0 0.31484375 0.1125 0.0171875 0.05
0 0.29140625 0.115625 0.0125 0.03359375
0 0.44140625 0.27421875 0.0296875 0.03671875
0 0.38359375 0.3328125 0.03125 0.05546875
0 0.39609375 0.25078125 0.0171875 0.0625
0 0.3859375 0.215625 0.01875 0.034375
0 0.35546875 0.19140625 0.02578125 0.04921875
0 0.328125 0.17578125 0.0203125 0.04375
0 0.29375 0.1875 0.025 0.05390625
0 0.27421875 0.13984375 0.021875 0.03828125
0 0.25546875 0.09765625 0.01328125 0.040625
0 0.23359375 0.11328125 0.01640625 0.04453125
0 0.178125 0.0984375 0.01953125 0.05078125
0 0.1390625 0.1015625 0.02265625 0.040625
0 0.16640625 0.16640625 0.02421875 0.0296875
0 0.13984375 0.17578125 0.0140625 0.03046875
0 0.215625 0.209375 0.015625 0.02890625
0 0.2265625 0.23046875 0.0234375 0.04140625
0 0.259375 0.1859375 0.02109375 0.0484375
0 0.1984375 0.26015625 0.028125 0.05390625
0 0.159375 0.22109375 0.0265625 0.0421875
0 0.0859375 0.13984375 0.02734375 0.06171875
0 0.0328125 0.11875 0.00859375 0.02578125
0 0.02265625 0.14453125 0.0171875 0.04140625
0 0.04921875 0.17421875 0.0234375 0.0703125
0 0.0640625 0.19453125 0.0203125 0.0484375
0 0.028125 0.28359375 0.0421875 0.059375
0 0.0375 0.36953125 0.0328125 0.0625
0 0.11171875 0.18828125 0.025 0.046875