0 0.10625 0.56015625 0.06875 0.13515625
0 0.6171875 0.30390625 0.028125 0.0546875
0 0.85234375 0.29609375 0.028125 0.0609375
0 0.771875 0.27109375 0.0265625 0.05078125
0 0.75234375 0.23203125 0.028125 0.059375
0 0.715625 0.28046875 0.025 0.05
0 0.7015625 0.22890625 0.03359375 0.05859375
0 0.67109375 0.2765625 0.0328125 0.06171875
0 0.6671875 0.22265625 0.02578125 0.04921875
0 0.61875 0.1984375 0.0234375 0.04921875
0 0.5859375 0.28828125 0.02421875 0.05859375
0 0.615625 0.259375 0.02734375 0.03515625
0 0.56015625 0.24375 0.0328125 0.0484375
0 0.49453125 0.30546875 0.03046875 0.06015625
0 0.93359375 0.25234375 0.02578125 0.05703125
0 0.9125 0.2375 0.021875 0.053125
0 0.88359375 0.1953125 0.01953125 0.04375
0 0.89375 0.1625 0.021875 0.059375
0 0.85625 0.16171875 0.01640625 0.03984375
0 0.84765625 0.19140625 0.01640625 0.046875
0 0.834375 0.21953125 0.0203125 0.03671875
0 0.83203125 0.153125 0.0125 0.03984375
0 0.7953125 0.16796875 0.0203125 0.0484375
0 0.7859375 0.14921875 0.01796875 0.0359375
0 0.775 0.20078125 0.01875 0.0515625
0 0.7734375 0.165625 0.01796875 0.04296875
0 0.753125 0.14453125 0.0171875 0.0390625
0 0.76640625 0.13046875 0.0171875 0.04609375
0 0.75078125 0.12578125 0.0171875 0.0265625
0 0.72265625 0.16640625 0.0171875 0.02109375
0 0.73125 0.209375 0.015625 0.03828125
0 0.7046875 0.1859375 0.0140625 0.0359375
0 0.72265625 0.1296875 0.02265625 0.03359375
0 0.68046875 0.16171875 0.02109375 0.03515625
0 0.6734375 0.121875 0.01328125 0.040625
0 0.63046875 0.134375 0.015625 0.0375
0 0.61875 0.12109375 0.009375 0.03203125
0 0.5890625 0.1171875 0.0109375 0.0328125
0 0.5953125 0.14921875 0.01171875 0.03203125
0 0.61953125 0.14609375 0.0140625 0.0234375
0 0.55859375 0.15234375 0.02109375 0.03359375
0 0.5546875 0.1234375 0.015625 0.0296875
0 0.57265625 0.16875 0.021875 0.0359375
0 0.53359375 0.178125 0.0109375 0.0546875
0 0.4796875 0.13984375 0.01953125 0.01875
0 0.47734375 0.16640625 0.0203125 0.0296875
0 0.446875 0.1578125 0.02109375 0.0328125
0 0.43828125 0.1734375 0.01875 0.0203125
0 0.47578125 0.19375 0.02421875 0.0453125
0 0.521875 0.20078125 0.01796875 0.03046875
0 0.47578125 0.23515625 0.021875 0.0359375
0 0.45390625 0.20078125 0.02265625 0.04375
0 0.43046875 0.24296875 0.02265625 0.04140625
0 0.41796875 0.18671875 0.01875 0.03671875
0 0.38984375 0.19296875 0.01953125 0.059375
0 0.378125 0.17421875 0.009375 0.02734375
0 0.37734375 0.2265625 0.01796875 0.04296875
0 0.34921875 0.2265625 0.01328125 0.04609375
0 0.33125 0.2359375 0.0203125 0.03828125
0 0.390625 0.28671875 0.02578125 0.04609375
0 0.36875 0.28671875 0.02265625 0.07421875
0 0.35390625 0.2765625 0.01796875 0.0421875
0 0.32890625 0.2859375 0.01953125 0.06171875
0 0.30078125 0.27109375 0.025 0.05546875
0 0.2765625 0.28125 0.01953125 0.0578125
0 0.24765625 0.275 0.0234375 0.0453125