0 0.809375 0.46015625 0.0421875 0.10078125
0 0.1125 0.47890625 0.03828125 0.1015625
0 0.1 0.20859375 0.01796875 0.04296875
0 0.1703125 0.16875 0.01640625 0.04453125
0 0.22734375 0.1171875 0.01875 0.03984375
0 0.265625 0.15390625 0.0171875 0.02734375
0 0.290625 0.15234375 0.025 0.028125
0 0.1765625 0.12421875 0.02109375 0.025
0 0.19453125 0.26640625 0.03359375 0.059375
0 0.259375 0.2609375 0.0296875 0.04375
0 0.31640625 0.25 0.025 0.046875
0 0.5125 0.321875 0.034375 0.06015625
0 0.41171875 0.159375 0.015625 0.03359375
0 0.42890625 0.14921875 0.0125 0.03828125
0 0.4515625 0.13515625 0.01796875 0.0265625
0 0.4625 0.20859375 0.02109375 0.04296875
0 0.50078125 0.14453125 0.02109375 0.0296875
0 0.5296875 0.14609375 0.0125 0.02421875
0 0.5109375 0.1875 0.01171875 0.0296875
0 0.54296875 0.178125 0.01953125 0.03515625
0 0.54296875 0.2265625 0.01640625 0.040625
0 0.56875 0.21484375 0.015625 0.034375
0 0.56171875 0.2671875 0.01640625 0.04453125
0 0.62734375 0.2609375 0.0140625 0.04765625
0 0.66953125 0.25859375 0.01875 0.0390625