0 0.89921875 0.36015625 0.03515625 0.07578125
0 0.85859375 0.29296875 0.01875 0.04765625
0 0.9140625 0.26328125 0.02109375 0.04140625
0 0.8765625 0.2046875 0.025 0.0484375
0 0.83125 0.2109375 0.021875 0.046875
0 0.80546875 0.23828125 0.02109375 0.04921875
0 0.78515625 0.275 0.0203125 0.0515625
0 0.77578125 0.3796875 0.02109375 0.06875
0 0.746875 0.33828125 0.03046875 0.0578125
0 0.68046875 0.31796875 0.028125 0.0515625
0 0.72734375 0.2453125 0.034375 0.04375
0 0.75546875 0.21953125 0.01640625 0.05
0 0.78046875 0.1984375 0.01796875 0.04609375
0 0.796875 0.16015625 0.01328125 0.03671875
0 0.83125 0.13828125 0.0125 0.040625
0 0.83984375 0.11328125 0.01015625 0.02421875
0 0.859375 0.1484375 0.015625 0.03203125
0 0.853125 0.1765625 0.0140625 0.0375
0 0.86171875 0.128125 0.009375 0.0296875
0 0.8890625 0.13515625 0.01484375 0.015625
0 0.890625 0.1578125 0.01015625 0.03359375
0 0.90078125 0.18515625 0.0109375 0.02421875
0 0.928125 0.21484375 0.01875 0.02578125
0 0.92578125 0.15625 0.009375 0.02890625
0 0.78125 0.15859375 0.01875 0.03359375
0 0.76953125 0.13203125 0.0109375 0.02890625
0 0.74140625 0.1125 0.0265625 0.03203125
0 0.74765625 0.15390625 0.0125 0.0359375
0 0.73046875 0.19453125 0.01484375 0.03828125
0 0.69375 0.18671875 0.0171875 0.04140625
0 0.665625 0.17109375 0.0203125 0.03984375
0 0.66875 0.2046875 0.02109375 0.04375
0 0.628125 0.2015625 0.021875 0.0390625
0 0.615625 0.2703125 0.01953125 0.040625
0 0.55625 0.24921875 0.01875 0.04140625
0 0.61171875 0.3171875 0.025 0.0703125
0 0.54140625 0.321875 0.025 0.053125
0 0.49765625 0.30390625 0.03046875 0.05078125
0 0.45546875 0.18984375 0.01953125 0.04609375
0 0.37109375 0.2890625 0.015625 0.0328125
0 0.36015625 0.2578125 0.0140625 0.04921875
0 0.29609375 0.2765625 0.01796875 0.03828125
0 0.2890625 0.240625 0.0109375 0.034375
0 0.2734375 0.25390625 0.01953125 0.03828125
0 0.3671875 0.19296875 0.0125 0.034375
0 0.3859375 0.20859375 0.0140625 0.03671875
0 0.40625 0.2 0.01640625 0.03828125
0 0.37890625 0.23203125 0.0125 0.040625
0 0.4390625 0.15546875 0.0078125 0.02265625
0 0.45078125 0.15390625 0.01171875 0.01640625
0 0.4625 0.15625 0.0078125 0.02109375
0 0.4796875 0.17890625 0.0140625 0.028125
0 0.49375 0.2046875 0.01171875 0.040625
0 0.484375 0.16015625 0.00859375 0.02578125
0 0.525 0.2125 0.01875 0.0375
0 0.53984375 0.18125 0.01328125 0.03984375
0 0.51953125 0.1765625 0.01328125 0.02578125
0 0.565625 0.171875 0.01796875 0.02109375
0 0.6046875 0.1671875 0.015625 0.03828125
0 0.61640625 0.13203125 0.01328125 0.02890625
0 0.64296875 0.13515625 0.01796875 0.021875
0 0.64921875 0.115625 0.0140625 0.02421875
0 0.67265625 0.10703125 0.01328125 0.02578125
0 0.70234375 0.10234375 0.0171875 0.02890625
0 0.64140625 0.09765625 0.01640625 0.01640625
0 0.6140625 0.1046875 0.01484375 0.02421875
0 0.5953125 0.109375 0.01640625 0.02578125
0 0.5828125 0.14375 0.01796875 0.021875
0 0.565625 0.13046875 0.01328125 0.03046875
0 0.54296875 0.121875 0.01171875 0.03203125
0 0.51015625 0.1234375 0.0140625 0.0234375
0 0.51484375 0.15390625 0.01953125 0.0296875