0 0.046875 0.6734375 0.05703125 0.16015625
0 0.271875 0.2578125 0.01796875 0.0578125
0 0.3234375 0.25078125 0.015625 0.04609375
0 0.3546875 0.24609375 0.01640625 0.0484375
0 0.32890625 0.21796875 0.0203125 0.04296875
0 0.365625 0.21640625 0.0140625 0.04765625
0 0.3828125 0.2046875 0.01796875 0.03515625
0 0.384375 0.28046875 0.021875 0.0546875
0 0.415625 0.2453125 0.0203125 0.0484375
0 0.4484375 0.32734375 0.028125 0.06171875
0 0.4921875 0.25 0.0234375 0.0546875
0 0.446875 0.203125 0.01796875 0.04609375
0 0.41328125 0.19375 0.015625 0.0359375
0 0.428125 0.18671875 0.0203125 0.03828125
0 0.51171875 0.21875 0.0171875 0.0453125
0 0.490625 0.18125 0.01796875 0.05078125
0 0.5109375 0.15859375 0.01484375 0.03828125
0 0.5421875 0.17109375 0.01640625 0.0421875
0 0.56015625 0.2265625 0.01953125 0.04609375
0 0.58984375 0.20703125 0.0171875 0.0484375
0 0.5671875 0.17421875 0.015625 0.04453125
0 0.59140625 0.14453125 0.0140625 0.02890625
0 0.640625 0.13359375 0.01640625 0.0375
0 0.6578125 0.14765625 0.01875 0.0375
0 0.61875 0.1890625 0.0140625 0.03984375
0 0.62890625 0.16796875 0.0171875 0.0265625
0 0.62890625 0.2046875 0.02109375 0.04296875
0 0.67578125 0.19140625 0.01875 0.04296875
0 0.69140625 0.1734375 0.0171875 0.04609375
0 0.703125 0.14140625 0.01484375 0.03125
0 0.71953125 0.1671875 0.01640625 0.0421875
0 0.63125 0.30234375 0.025 0.05703125
0 0.5671875 0.35 0.028125 0.06875
0 0.615625 0.3734375 0.028125 0.0734375
0 0.6671875 0.41171875 0.028125 0.059375
0 0.6671875 0.2640625 0.02578125 0.0640625
0 0.7203125 0.2953125 0.02578125 0.0546875
0 0.72421875 0.225 0.01796875 0.0484375
0 0.74921875 0.20703125 0.0171875 0.0375
0 0.75234375 0.24609375 0.0203125 0.0484375
0 0.76015625 0.20234375 0.01640625 0.04453125
0 0.78984375 0.18046875 0.0203125 0.0453125
0 0.81796875 0.20390625 0.02265625 0.04296875
0 0.8296875 0.23515625 0.01953125 0.040625
0 0.78359375 0.22109375 0.01796875 0.040625
0 0.79765625 0.2765625 0.01875 0.05078125
0 0.821875 0.3078125 0.021875 0.06015625
0 0.77265625 0.29375 0.0203125 0.0625
0 0.87109375 0.35859375 0.02265625 0.06484375
0 0.87734375 0.24765625 0.01796875 0.0453125
0 0.91015625 0.23203125 0.01796875 0.0375
0 0.9546875 0.2515625 0.01953125 0.04296875
0 0.990625 0.275 0.01484375 0.0640625
0 0.93828125 0.2890625 0.0203125 0.06015625
0 0.98203125 0.309375 0.0203125 0.04609375
0 0.95859375 0.37734375 0.02421875 0.06171875
0 0.98203125 0.378125 0.0234375 0.06171875
0 0.9265625 0.340625 0.021875 0.059375
0 0.90390625 0.29765625 0.021875 0.04765625
0 0.90234375 0.40859375 0.02578125 0.07109375
0 0.965625 0.44765625 0.03359375 0.07421875
0 0.86875 0.52890625 0.0390625 0.090625
0 0.77890625 0.44609375 0.040625 0.0953125
0 0.73125 0.41328125 0.03515625 0.08046875