0 0.20703125 0.3984375 0.03984375 0.103125
0 0.8796875 0.41328125 0.034375 0.1
0 0.79140625 0.38828125 0.04296875 0.0828125
0 0.8921875 0.30078125 0.03203125 0.065625
0 0.834375 0.31015625 0.04921875 0.05234375
0 0.76875 0.2984375 0.03203125 0.0515625
0 0.65625 0.26875 0.02890625 0.04375
0 0.6265625 0.29453125 0.0359375 0.05390625
0 0.59609375 0.21171875 0.0203125 0.0375
0 0.60625 0.25859375 0.0265625 0.04140625
0 0.5625 0.24921875 0.02421875 0.0515625
0 0.5453125 0.28984375 0.03125 0.06796875
0 0.7078125 0.22265625 0.028125 0.06796875
0 0.6515625 0.2234375 0.01953125 0.04140625
0 0.6765625 0.190625 0.01875 0.05
0 0.815625 0.24296875 0.0265625 0.053125
0 0.7671875 0.2234375 0.02109375 0.05546875
0 0.909375 0.25078125 0.025 0.059375
0 0.85546875 0.24609375 0.02734375 0.0546875
0 0.8703125 0.22265625 0.01796875 0.0578125
0 0.79921875 0.17578125 0.02421875 0.03515625
0 0.72109375 0.1859375 0.02421875 0.059375
0 0.890625 0.1828125 0.015625 0.05859375
0 0.89296875 0.15546875 0.015625 0.03984375
0 0.8484375 0.15703125 0.021875 0.0390625
0 0.86328125 0.15234375 0.01953125 0.0484375
0 0.83515625 0.125 0.0296875 0.02578125
0 0.815625 0.14765625 0.01640625 0.04765625
0 0.81015625 0.11796875 0.01640625 0.03515625
0 0.78125 0.11015625 0.0203125 0.02890625
0 0.7765625 0.15546875 0.01796875 0.03515625
0 0.74765625 0.1328125 0.01328125 0.046875
0 0.73359375 0.11171875 0.01953125 0.04140625
0 0.68984375 0.10078125 0.02421875 0.025
0 0.6671875 0.128125 0.0140625 0.04140625
0 0.6484375 0.1109375 0.01328125 0.03046875
0 0.6375 0.0953125 0.01796875 0.021875
0 0.63828125 0.13359375 0.01640625 0.0296875
0 0.6125 0.13984375 0.0203125 0.02265625
0 0.565625 0.12578125 0.01171875 0.02734375
0 0.58515625 0.13984375 0.021875 0.0328125
0 0.56484375 0.17734375 0.0203125 0.0328125
0 0.54140625 0.15625 0.01328125 0.02265625
0 0.55 0.13203125 0.009375 0.03046875
0 0.53125 0.13984375 0.01328125 0.0328125
0 0.50234375 0.1375 0.01484375 0.01875
0 0.51953125 0.15859375 0.0171875 0.0140625
0 0.51015625 0.18359375 0.025 0.05390625
0 0.46875 0.15 0.02421875 0.0390625
0 0.45234375 0.134375 0.0125 0.021875
0 0.43671875 0.1703125 0.0203125 0.03203125
0 0.4515625 0.16796875 0.0109375 0.0140625
0 0.465625 0.23359375 0.02109375 0.028125
0 0.45625 0.21640625 0.03125 0.046875
0 0.415625 0.196875 0.03203125 0.04921875
0 0.39453125 0.23125 0.021875 0.02890625
0 0.37265625 0.22890625 0.02265625 0.01953125
0 0.3453125 0.20859375 0.02109375 0.03984375
0 0.3953125 0.26171875 0.025 0.0390625
0 0.35625 0.26015625 0.021875 0.059375
0 0.33125 0.2578125 0.021875 0.04609375
0 0.30859375 0.24140625 0.03125 0.04921875