0 0.18515625 0.3640625 0.0390625 0.0796875
0 0.14453125 0.43046875 0.05390625 0.096875
0 0.61484375 0.303125 0.0296875 0.08203125
0 0.95703125 0.19921875 0.015625 0.03828125
0 0.9015625 0.20390625 0.01640625 0.04140625
0 0.94453125 0.2328125 0.01640625 0.03515625
0 0.93359375 0.26953125 0.01796875 0.04375
0 0.8796875 0.28828125 0.02109375 0.046875
0 0.81484375 0.1609375 0.0140625 0.03125
0 0.8359375 0.25078125 0.02421875 0.0453125
0 0.81015625 0.20546875 0.01640625 0.040625
0 0.78203125 0.14765625 0.01796875 0.040625
0 0.78671875 0.18671875 0.0171875 0.040625
0 0.76484375 0.19765625 0.01640625 0.03984375
0 0.7265625 0.16171875 0.01640625 0.03203125
0 0.72265625 0.1 0.0140625 0.03359375
0 0.68046875 0.18359375 0.01796875 0.04140625
0 0.71328125 0.19765625 0.01875 0.03984375
0 0.6078125 0.2375 0.02265625 0.046875
0 0.6421875 0.246875 0.02890625 0.046875
0 0.715625 0.28359375 0.03125 0.053125
0 0.6640625 0.0546875 0.01796875 0.03125
0 0.33125 0.19765625 0.0171875 0.0328125
0 0.584375 0.12109375 0.015625 0.02890625
0 0.54375 0.1875 0.015625 0.03515625
0 0.52109375 0.1828125 0.0171875 0.03828125
0 0.434375 0.16875 0.01640625 0.03125
0 0.40078125 0.15859375 0.01328125 0.0359375
0 0.45390625 0.228125 0.015625 0.03046875
0 0.4125 0.23515625 0.01875 0.03984375
0 0.396875 0.20625 0.0171875 0.034375