0 0.54296875 0.47734375 0.0296875 0.07578125
0 0.12734375 0.60703125 0.04140625 0.05703125
0 0.07578125 0.49296875 0.03203125 0.06640625
0 0.06484375 0.40859375 0.02421875 0.07109375
0 0.20546875 0.49765625 0.0328125 0.06171875
0 0.21328125 0.35078125 0.01953125 0.06953125
0 0.246875 0.29453125 0.01484375 0.05390625
0 0.17734375 0.26875 0.021875 0.04296875
0 0.1234375 0.21640625 0.01640625 0.05703125
0 0.18203125 0.18671875 0.02265625 0.053125
0 0.15703125 0.14921875 0.02109375 0.0328125
0 0.2234375 0.1515625 0.0171875 0.028125
0 0.259375 0.12265625 0.01171875 0.03515625
0 0.29375 0.16796875 0.02109375 0.02890625
0 0.2890625 0.20703125 0.02421875 0.02421875
0 0.31484375 0.2421875 0.01796875 0.03515625
0 0.36015625 0.2234375 0.01484375 0.04296875
0 0.45625 0.28515625 0.02734375 0.04375
0 0.55234375 0.303125 0.01796875 0.04765625
0 0.69375 0.3546875 0.02109375 0.06875
0 0.7921875 0.3734375 0.03203125 0.0421875
0 0.93828125 0.3796875 0.02578125 0.03671875
0 0.88046875 0.30546875 0.021875 0.04296875
0 0.8640625 0.2765625 0.0171875 0.04921875
0 0.825 0.2390625 0.015625 0.04375
0 0.784375 0.20703125 0.01640625 0.0609375
0 0.73359375 0.209375 0.01875 0.03359375
0 0.71015625 0.2125 0.0171875 0.02734375
0 0.721875 0.275 0.01953125 0.0375
0 0.61953125 0.240625 0.0234375 0.0375
0 0.58203125 0.2125 0.015625 0.06796875
0 0.65859375 0.1546875 0.0171875 0.04375
0 0.6140625 0.13671875 0.01796875 0.02578125
0 0.51484375 0.17578125 0.01484375 0.05390625
0 0.4828125 0.22578125 0.0296875 0.03828125
0 0.38359375 0.175 0.021875 0.04765625
0 0.4265625 0.16796875 0.0125 0.0515625
0 0.4671875 0.17578125 0.01953125 0.03125
0 0.4703125 0.13359375 0.009375 0.03828125
0 0.48671875 0.1140625 0.0125 0.04453125
0 0.51484375 0.10703125 0.0125 0.0484375
0 0.546875 0.078125 0.01640625 0.04453125
0 0.49140625 0.0703125 0.0125 0.03828125
0 0.43984375 0.090625 0.01015625 0.04375
0 0.396875 0.0921875 0.01796875 0.02734375
0 0.36640625 0.08203125 0.0140625 0.03984375