0 0.071875 0.35703125 0.0609375 0.075
0 0.75 0.34375 0.05078125 0.1125
0 0.6125 0.30078125 0.03125 0.06484375
0 0.57265625 0.2734375 0.03203125 0.0828125
0 0.63984375 0.175 0.03828125 0.06015625
0 0.56953125 0.15703125 0.0375 0.06640625
0 0.51328125 0.15390625 0.0390625 0.040625
0 0.4625 0.16875 0.03125 0.04765625
0 0.39609375 0.20859375 0.028125 0.05859375
0 0.425 0.215625 0.021875 0.059375
0 0.3234375 0.18203125 0.0265625 0.04609375
0 0.2875 0.2234375 0.025 0.0515625
0 0.30625 0.17734375 0.01953125 0.0515625
0 0.26328125 0.19453125 0.04296875 0.04375