0 0.7 0.17109375 0.02421875 0.05
0 0.63984375 0.1546875 0.0234375 0.05
0 0.59453125 0.2375 0.03359375 0.06875
0 0.5609375 0.178125 0.028125 0.075
0 0.5109375 0.18359375 0.0375 0.075
0 0.4546875 0.19921875 0.02734375 0.05234375
0 0.3546875 0.165625 0.03359375 0.0578125
0 0.30625 0.209375 0.03203125 0.05703125
0 0.24296875 0.278125 0.03203125 0.0609375
0 0.21640625 0.2796875 0.02734375 0.05390625
0 0.15546875 0.25390625 0.02890625 0.05
0 0.075 0.2578125 0.0421875 0.0703125
0 0.13828125 0.28984375 0.040625 0.07890625