0 0.14296875 0.428125 0.04296875 0.0859375
0 0.60078125 0.33828125 0.034375 0.07109375
0 0.57109375 0.28359375 0.02578125 0.05625
0 0.48828125 0.315625 0.0296875 0.05234375
0 0.3890625 0.2796875 0.025 0.0484375
0 0.359375 0.25859375 0.02578125 0.04765625
0 0.31015625 0.28828125 0.02578125 0.03984375
0 0.83984375 0.3265625 0.0296875 0.06171875
0 0.78125 0.2796875 0.028125 0.05703125
0 0.7359375 0.26328125 0.0265625 0.04609375
0 0.67734375 0.25546875 0.03046875 0.04765625
0 0.62109375 0.23984375 0.021875 0.04375
0 0.92109375 0.26171875 0.021875 0.04921875
0 0.8609375 0.26875 0.025 0.05546875
0 0.83125 0.22265625 0.0203125 0.05
0 0.7546875 0.21953125 0.02265625 0.04375
0 0.7265625 0.21953125 0.02265625 0.0484375
0 0.65859375 0.2171875 0.01953125 0.04296875
0 0.77890625 0.20625 0.0234375 0.04609375
0 0.8875 0.20390625 0.01953125 0.03515625
0 0.84453125 0.19140625 0.0171875 0.034375
0 0.80625 0.18203125 0.0203125 0.040625
0 0.8109375 0.12265625 0.0140625 0.0296875
0 0.8390625 0.146875 0.0171875 0.03203125
0 0.76875 0.13515625 0.01328125 0.0296875
0 0.74140625 0.12109375 0.0140625 0.02890625
0 0.67734375 0.11953125 0.01484375 0.03125
0 0.709375 0.15234375 0.01640625 0.034375
0 0.584375 0.17578125 0.01484375 0.03046875
0 0.471875 0.23125 0.01796875 0.03984375
0 0.52734375 0.20546875 0.01953125 0.040625
0 0.5453125 0.1609375 0.0171875 0.03359375
0 0.565625 0.1515625 0.01484375 0.0296875
0 0.4328125 0.24296875 0.021875 0.0390625
0 0.44296875 0.16875 0.01875 0.03984375
0 0.4078125 0.19453125 0.0171875 0.0375
0 0.38828125 0.18359375 0.01484375 0.0375
0 0.3625 0.20078125 0.0171875 0.03203125
0 0.275 0.27265625 0.01640625 0.03203125
0 0.31171875 0.23515625 0.01796875 0.02890625
0 0.3328125 0.225 0.01640625 0.03515625
0 0.61875 0.1515625 0.0140625 0.02734375
0 0.5546875 0.2515625 0.02109375 0.0453125
0 0.25546875 0.26953125 0.0171875 0.03671875
0 0.765625 0.1703125 0.01640625 0.0390625
0 0.78671875 0.153125 0.01484375 0.03515625
0 0.48671875 0.1390625 0.01171875 0.0234375
0 0.4953125 0.153125 0.01640625 0.0234375
0 0.665625 0.18125 0.01953125 0.034375