0 0.15859375 0.38828125 0.06640625 0.11328125
0 0.340625 0.18515625 0.02109375 0.0390625
0 0.25859375 0.14140625 0.01328125 0.0296875
0 0.39140625 0.1625 0.0171875 0.028125
0 0.384375 0.1875 0.0171875 0.0359375
0 0.39453125 0.2140625 0.021875 0.04296875
0 0.41953125 0.2140625 0.01796875 0.0328125
0 0.45234375 0.234375 0.0203125 0.0390625
0 0.47890625 0.1671875 0.015625 0.03671875
0 0.45234375 0.1765625 0.01953125 0.028125
0 0.51796875 0.19375 0.021875 0.0484375
0 0.54921875 0.19609375 0.021875 0.0453125
0 0.5796875 0.128125 0.0140625 0.03203125
0 0.625 0.2625 0.0265625 0.0484375
0 0.81796875 0.26484375 0.02421875 0.05546875
0 0.79140625 0.21171875 0.0203125 0.04140625
0 0.865625 0.11953125 0.02265625 0.040625
0 0.9296875 0.26875 0.0203125 0.04609375
0 0.2375 0.1640625 0.01640625 0.02734375