0 0.84296875 0.34375 0.0328125 0.06015625
0 0.93046875 0.2890625 0.02421875 0.04140625
0 0.88984375 0.140625 0.0296875 0.059375
0 0.82109375 0.13984375 0.025 0.053125
0 0.83671875 0.2390625 0.021875 0.0515625
0 0.7234375 0.296875 0.028125 0.06796875
0 0.709375 0.1234375 0.01953125 0.04140625
0 0.678125 0.1875 0.02265625 0.04375
0 0.64140625 0.2609375 0.02734375 0.05390625
0 0.621875 0.14765625 0.01875 0.0390625
0 0.590625 0.17734375 0.02265625 0.046875
0 0.55 0.196875 0.025 0.04765625
0 0.509375 0.184375 0.021875 0.04609375
0 0.4890625 0.225 0.02265625 0.0515625
0 0.44453125 0.22265625 0.0234375 0.05078125
0 0.33984375 0.21640625 0.01953125 0.0375