0 0.61640625 0.2890625 0.03828125 0.06953125
0 0.68125 0.25625 0.0203125 0.046875
0 0.67890625 0.21953125 0.01796875 0.03125
0 0.715625 0.18828125 0.0203125 0.03671875
0 0.72265625 0.2296875 0.01328125 0.03203125
0 0.73828125 0.25859375 0.01796875 0.0421875
0 0.7625 0.290625 0.0234375 0.05234375
0 0.81953125 0.30234375 0.03203125 0.05234375
0 0.86640625 0.26484375 0.0234375 0.059375
0 0.9046875 0.33671875 0.02734375 0.0625
0 0.9375 0.29921875 0.02265625 0.04765625
0 0.91015625 0.25546875 0.02265625 0.0453125
0 0.9359375 0.23046875 0.01484375 0.03828125
0 0.9546875 0.21796875 0.02109375 0.03828125
0 0.909375 0.20625 0.0171875 0.03203125
0 0.91171875 0.16171875 0.0171875 0.04140625
0 0.95390625 0.17421875 0.01328125 0.028125
0 0.8953125 0.15078125 0.01875 0.0375
0 0.86875 0.1890625 0.01640625 0.0390625
0 0.84921875 0.20390625 0.01484375 0.02890625
0 0.84375 0.23359375 0.02265625 0.0375
0 0.7875 0.221875 0.0203125 0.03125
0 0.7390625 0.2046875 0.025 0.0453125
0 0.76171875 0.17890625 0.01484375 0.0328125
0 0.75078125 0.15234375 0.01484375 0.02109375
0 0.728125 0.1484375 0.015625 0.0375
0 0.80078125 0.16015625 0.01953125 0.03671875
0 0.81640625 0.1390625 0.01484375 0.0265625
0 0.84609375 0.15 0.01171875 0.0359375
0 0.86015625 0.14765625 0.0140625 0.0265625
0 0.7890625 0.1375 0.009375 0.0296875
0 0.71328125 0.109375 0.0140625 0.02421875
0 0.684375 0.1171875 0.01328125 0.03359375
0 0.67265625 0.1046875 0.01171875 0.01640625
0 0.6578125 0.1390625 0.01796875 0.0359375
0 0.62890625 0.2078125 0.0265625 0.03984375
0 0.57265625 0.26953125 0.0203125 0.05234375
0 0.6328125 0.2421875 0.021875 0.04140625
0 0.58125 0.23515625 0.01640625 0.0328125
0 0.5859375 0.16953125 0.01328125 0.02890625
0 0.61796875 0.1640625 0.0125 0.03046875
0 0.63359375 0.13671875 0.0203125 0.02890625
0 0.62578125 0.11328125 0.0109375 0.01328125
0 0.60625 0.12421875 0.015625 0.03515625
0 0.5828125 0.1171875 0.0171875 0.03125
0 0.60859375 0.09921875 0.009375 0.02109375
0 0.53359375 0.146875 0.0171875 0.03125
0 0.53671875 0.20234375 0.01796875 0.0390625
0 0.51875 0.1703125 0.02578125 0.034375
0 0.4984375 0.15703125 0.0140625 0.034375
0 0.51640625 0.1265625 0.0125 0.03203125
0 0.47265625 0.13046875 0.0140625 0.028125
0 0.47890625 0.15546875 0.0140625 0.02890625
0 0.48515625 0.21953125 0.02265625 0.04609375
0 0.45 0.2140625 0.0203125 0.0421875
0 0.42734375 0.21171875 0.02265625 0.0421875
0 0.42578125 0.17109375 0.01171875 0.03359375
0 0.42890625 0.14921875 0.01328125 0.0265625
0 0.4046875 0.165625 0.015625 0.03359375
0 0.4109375 0.26640625 0.028125 0.04140625
0 0.384375 0.2296875 0.01171875 0.02734375
0 0.38671875 0.196875 0.0171875 0.03515625
0 0.3703125 0.18984375 0.0109375 0.03125
0 0.36953125 0.26875 0.02109375 0.04296875
0 0.3421875 0.23046875 0.01875 0.05546875
0 0.27265625 0.21953125 0.0171875 0.03671875