0 0.12109375 0.51015625 0.0484375 0.1328125
0 0.27421875 0.23515625 0.0234375 0.05625
0 0.3125 0.2203125 0.021875 0.04453125
0 0.33203125 0.1984375 0.02421875 0.0453125
0 0.34921875 0.21875 0.02421875 0.0484375
0 0.3859375 0.24453125 0.01953125 0.0421875
0 0.446875 0.2828125 0.02109375 0.0578125
0 0.415625 0.22578125 0.0203125 0.03515625
0 0.3734375 0.20234375 0.01796875 0.03671875
0 0.38046875 0.184375 0.01640625 0.0328125
0 0.42578125 0.17109375 0.01796875 0.0390625
0 0.4453125 0.1890625 0.021875 0.0421875
0 0.490625 0.22109375 0.021875 0.04453125
0 0.53984375 0.2109375 0.01875 0.04140625
0 0.4703125 0.15625 0.01640625 0.03828125
0 0.509375 0.14375 0.01640625 0.0296875
0 0.4875 0.15859375 0.01640625 0.04765625
0 0.5046875 0.19765625 0.01796875 0.0328125
0 0.54296875 0.1546875 0.01796875 0.04453125
0 0.565625 0.1265625 0.01640625 0.03203125
0 0.5703125 0.14921875 0.01640625 0.0390625
0 0.59140625 0.13984375 0.01484375 0.034375
0 0.60625 0.12421875 0.0140625 0.04375
0 0.640625 0.1171875 0.01484375 0.03046875
0 0.65546875 0.13046875 0.0125 0.0375
0 0.62890625 0.14921875 0.0171875 0.02890625
0 0.62734375 0.18671875 0.0203125 0.0375
0 0.5890625 0.190625 0.0171875 0.04296875
0 0.62578125 0.27109375 0.0265625 0.0578125
0 0.5703125 0.33203125 0.0265625 0.0546875
0 0.6203125 0.3515625 0.03203125 0.06171875
0 0.66640625 0.37109375 0.0265625 0.06328125
0 0.74765625 0.38671875 0.02734375 0.06484375
0 0.8109375 0.41796875 0.03203125 0.075
0 0.8671875 0.4765625 0.03203125 0.0671875
0 0.89765625 0.39609375 0.0296875 0.0609375
0 0.9546875 0.4265625 0.02578125 0.06953125
0 0.9828125 0.3359375 0.02265625 0.04921875
0 0.9484375 0.34765625 0.0203125 0.0640625
0 0.92890625 0.31640625 0.0171875 0.04140625
0 0.8703125 0.33359375 0.01953125 0.05
0 0.821875 0.28046875 0.0203125 0.05390625
0 0.98203125 0.30234375 0.01953125 0.02890625
0 0.98046875 0.27265625 0.0140625 0.02578125
0 0.9859375 0.2390625 0.0125 0.0359375
0 0.95 0.21953125 0.015625 0.02890625
0 0.9453125 0.25546875 0.01640625 0.03125
0 0.9171875 0.209375 0.01484375 0.0234375
0 0.89609375 0.25546875 0.01953125 0.03828125
0 0.9109375 0.23515625 0.01484375 0.03515625
0 0.94375 0.25234375 0.01640625 0.0375
0 0.8828125 0.21171875 0.0125 0.03515625
0 0.87109375 0.22578125 0.01796875 0.0421875
0 0.8359375 0.20625 0.01328125 0.03671875
0 0.8140625 0.1828125 0.01484375 0.03984375
0 0.79140625 0.1609375 0.01484375 0.0390625
0 0.7671875 0.178125 0.0140625 0.0390625
0 0.7828125 0.2140625 0.0203125 0.0421875
0 0.81953125 0.2203125 0.015625 0.03828125
0 0.80703125 0.2390625 0.01953125 0.040625
0 0.77421875 0.26015625 0.0203125 0.05
0 0.75234375 0.21796875 0.01875 0.0484375
0 0.721875 0.2359375 0.01875 0.04609375
0 0.72109375 0.2015625 0.01640625 0.05
0 0.72421875 0.1484375 0.01328125 0.0421875
0 0.696875 0.12734375 0.0140625 0.02421875
0 0.69140625 0.15078125 0.01875 0.0375
0 0.6625 0.1734375 0.01875 0.03515625
0 0.6609375 0.23671875 0.0203125 0.05625