0 0.79453125 0.4453125 0.04296875 0.07421875
0 0.1421875 0.1453125 0.0140625 0.02734375
0 0.16875 0.14296875 0.01171875 0.02734375
0 0.18359375 0.153125 0.01484375 0.0328125
0 0.2 0.140625 0.01328125 0.0328125
0 0.14453125 0.23359375 0.021875 0.04375
0 0.1625 0.19140625 0.01875 0.034375
0 0.19921875 0.1765625 0.01640625 0.0328125
0 0.22578125 0.2125 0.0203125 0.04296875
0 0.17578125 0.22890625 0.02109375 0.04453125
0 0.0984375 0.265625 0.021875 0.05234375
0 0.146875 0.3078125 0.0234375 0.05234375
0 0.21796875 0.2859375 0.02421875 0.0578125
0 0.2515625 0.2203125 0.01875 0.03671875
0 0.2890625 0.21640625 0.01875 0.0390625
0 0.2734375 0.1890625 0.01953125 0.034375
0 0.30859375 0.18515625 0.01875 0.040625
0 0.35546875 0.171875 0.01796875 0.0375
0 0.3140625 0.1578125 0.0140625 0.0296875
0 0.28203125 0.1578125 0.0140625 0.0296875
0 0.25078125 0.1640625 0.01875 0.03046875
0 0.3546875 0.22109375 0.0203125 0.03671875
0 0.28203125 0.290625 0.02421875 0.05546875
0 0.3046875 0.31875 0.028125 0.065625
0 0.246875 0.340625 0.03359375 0.065625
0 0.46875 0.31171875 0.025 0.05234375
0 0.35546875 0.2640625 0.02265625 0.04765625
0 0.39609375 0.21796875 0.025 0.0453125
0 0.50703125 0.3140625 0.02421875 0.04921875
0 0.43046875 0.2640625 0.025 0.04609375
0 0.34296875 0.1171875 0.01484375 0.0265625
0 0.36171875 0.11953125 0.01328125 0.03203125
0 0.390625 0.1453125 0.01484375 0.03671875
0 0.44765625 0.1625 0.015625 0.0328125
0 0.43125 0.17109375 0.01640625 0.03203125
0 0.4640625 0.19140625 0.01640625 0.0359375
0 0.60546875 0.28125 0.02421875 0.04140625
0 0.6234375 0.2609375 0.01796875 0.03671875
0 0.68046875 0.28671875 0.02890625 0.03828125
0 0.72734375 0.2609375 0.01796875 0.034375
0 0.70703125 0.265625 0.0203125 0.0359375
0 0.67109375 0.21640625 0.0171875 0.03359375
0 0.5609375 0.22109375 0.01875 0.040625
0 0.53515625 0.23046875 0.02578125 0.04375
0 0.603125 0.23125 0.02265625 0.03359375
0 0.496875 0.19296875 0.01953125 0.03984375
0 0.58203125 0.18125 0.01796875 0.0328125
0 0.5984375 0.190625 0.01796875 0.0296875
0 0.54296875 0.14453125 0.01328125 0.0265625
0 0.52109375 0.13828125 0.01328125 0.028125
0 0.48828125 0.146875 0.015625 0.0265625
0 0.43671875 0.13828125 0.01484375 0.02890625
0 0.42109375 0.14921875 0.015625 0.02890625
0 0.546875 0.17265625 0.01640625 0.028125