0 0.94453125 0.23203125 0.0296875 0.0453125
0 0.73671875 0.22421875 0.02421875 0.07109375
0 0.6953125 0.28828125 0.034375 0.03671875
0 0.63671875 0.33828125 0.025 0.06015625
0 0.61875 0.284375 0.01875 0.05546875
0 0.634375 0.22734375 0.03046875 0.040625
0 0.68125 0.22421875 0.0265625 0.04296875
0 0.6734375 0.18671875 0.01875 0.03984375
0 0.6359375 0.12421875 0.02734375 0.04140625
0 0.5640625 0.19296875 0.02265625 0.04453125
0 0.5453125 0.17890625 0.02109375 0.0375
0 0.4796875 0.13125 0.01328125 0.0375
0 0.4859375 0.175 0.01875 0.03046875
0 0.4625 0.17890625 0.0203125 0.04296875
0 0.446875 0.240625 0.0296875 0.0359375
0 0.41171875 0.20546875 0.02265625 0.04140625