0 0.6953125 0.603125 0.08125 0.159375
0 0.72109375 0.42265625 0.0578125 0.1296875
0 0.8296875 0.26171875 0.02734375 0.03828125
0 0.95 0.2078125 0.01796875 0.03359375
0 0.92578125 0.27578125 0.01875 0.0421875
0 0.7890625 0.23125 0.0234375 0.0484375
0 0.63203125 0.2515625 0.02734375 0.0421875
0 0.57890625 0.21640625 0.02421875 0.04296875
0 0.709375 0.140625 0.0203125 0.028125
0 0.58046875 0.1328125 0.01328125 0.028125
0 0.4828125 0.14140625 0.01484375 0.04296875
0 0.5203125 0.1953125 0.0203125 0.0453125
0 0.55625 0.19765625 0.021875 0.0265625
0 0.44296875 0.23046875 0.01953125 0.025
0 0.4171875 0.2296875 0.01484375 0.03984375
0 0.3875 0.21796875 0.0234375 0.0421875
0 0.403125 0.1921875 0.021875 0.02421875
0 0.38125 0.17109375 0.01328125 0.034375
0 0.328125 0.20390625 0.01953125 0.03828125
0 0.46953125 0.16484375 0.01328125 0.0359375