0 0.8671875 0.54765625 0.0375 0.08359375
0 0.7859375 0.3671875 0.0171875 0.0421875
0 0.7421875 0.34921875 0.01796875 0.04140625
0 0.71484375 0.36484375 0.01875 0.04453125
0 0.67265625 0.38046875 0.01796875 0.046875
0 0.70859375 0.3015625 0.01640625 0.04296875
0 0.6515625 0.3078125 0.01484375 0.03046875
0 0.596875 0.3421875 0.025 0.03359375
0 0.65234375 0.33828125 0.01796875 0.03359375
0 0.60078125 0.303125 0.0171875 0.0328125
0 0.65234375 0.303125 0.0109375 0.0359375
0 0.61484375 0.271875 0.01953125 0.03046875
0 0.596875 0.27421875 0.0125 0.02890625
0 0.5703125 0.27421875 0.01328125 0.02890625
0 0.57890625 0.24921875 0.0125 0.03671875
0 0.54765625 0.27734375 0.0171875 0.03046875
0 0.51484375 0.28203125 0.01640625 0.0359375
0 0.553125 0.24921875 0.01875 0.028125
0 0.48828125 0.24921875 0.01328125 0.0390625
0 0.4703125 0.25546875 0.0125 0.02890625
0 0.48125 0.275 0.009375 0.03125
0 0.45703125 0.284375 0.01640625 0.0328125
0 0.54375 0.33984375 0.01796875 0.0421875
0 0.45859375 0.23359375 0.01484375 0.02265625
0 0.3359375 0.23046875 0.01328125 0.021875
0 0.35703125 0.23515625 0.015625 0.028125
0 0.4140625 0.253125 0.01640625 0.01953125
0 0.30546875 0.253125 0.0125 0.0359375
0 0.41015625 0.21640625 0.0125 0.02734375
0 0.52578125 0.39609375 0.02421875 0.0578125
0 0.50390625 0.4875 0.025 0.04921875
0 0.43046875 0.45625 0.02265625 0.075
0 0.3765625 0.4953125 0.02890625 0.0703125
0 0.30546875 0.5 0.0328125 0.06796875
0 0.20546875 0.540625 0.02734375 0.078125
0 0.478125 0.3671875 0.02265625 0.05390625
0 0.41015625 0.33359375 0.0203125 0.0359375
0 0.3859375 0.221875 0.0171875 0.03046875
0 0.27734375 0.2609375 0.0140625 0.0390625
0 0.23359375 0.2453125 0.0125 0.03125
0 0.203125 0.24609375 0.01484375 0.02734375
0 0.1765625 0.26171875 0.01171875 0.03671875
0 0.1484375 0.25703125 0.0203125 0.0328125
0 0.08671875 0.2703125 0.015625 0.0359375
0 0.121875 0.28046875 0.015625 0.03359375
0 0.1625 0.2703125 0.015625 0.03203125
0 0.33359375 0.321875 0.01796875 0.0421875
0 0.30859375 0.30390625 0.01875 0.0375
0 0.36875 0.3453125 0.01875 0.04609375
0 0.32109375 0.3609375 0.021875 0.03359375
0 0.36953125 0.4046875 0.02109375 0.04296875
0 0.2734375 0.415625 0.02109375 0.07109375
0 0.240625 0.453125 0.02578125 0.06640625
0 0.4140625 0.3796875 0.0234375 0.05390625
0 0.1984375 0.31328125 0.0171875 0.03828125
0 0.171875 0.321875 0.01953125 0.03203125
0 0.1296875 0.3328125 0.01953125 0.0375
0 0.09296875 0.3515625 0.01953125 0.04609375
0 0.10390625 0.415625 0.01875 0.0546875
0 0.096875 0.48828125 0.03046875 0.07578125
0 0.175 0.45703125 0.028125 0.065625
0 0.1484375 0.37578125 0.021875 0.06640625
0 0.16171875 0.41171875 0.02421875 0.05390625
0 0.20390625 0.36015625 0.0234375 0.05390625
0 0.24921875 0.27421875 0.01953125 0.03984375