0 0.203125 0.35546875 0.04453125 0.08046875
0 0.90234375 0.4203125 0.03125 0.08359375
0 0.92421875 0.35234375 0.034375 0.0734375
0 0.93125 0.28515625 0.02265625 0.053125
0 0.93828125 0.20625 0.021875 0.071875
0 0.8984375 0.23828125 0.02265625 0.06484375
0 0.88125 0.25859375 0.02421875 0.0375
0 0.8421875 0.35703125 0.03046875 0.0546875
0 0.82734375 0.39921875 0.0359375 0.0609375
0 0.83125 0.26484375 0.02265625 0.0703125
0 0.81015625 0.23984375 0.02265625 0.0546875
0 0.78828125 0.25390625 0.01953125 0.046875
0 0.77734375 0.31796875 0.03203125 0.0640625
0 0.75234375 0.40625 0.0265625 0.06875
0 0.69375 0.37265625 0.0265625 0.065625
0 0.73984375 0.290625 0.02890625 0.0609375
0 0.73515625 0.23125 0.0234375 0.0484375
0 0.76171875 0.2484375 0.021875 0.046875
0 0.75234375 0.20859375 0.015625 0.0328125
0 0.79765625 0.18125 0.0234375 0.04140625
0 0.80625 0.15078125 0.0171875 0.04453125
0 0.75546875 0.14609375 0.0203125 0.03828125
0 0.709375 0.19296875 0.0203125 0.03515625
0 0.7046875 0.16796875 0.0203125 0.025
0 0.678125 0.184375 0.025 0.0359375
0 0.67578125 0.2875 0.02578125 0.05390625
0 0.65 0.2453125 0.0171875 0.0515625
0 0.63203125 0.22265625 0.01796875 0.04453125
0 0.58671875 0.25078125 0.03125 0.03828125
0 0.6046875 0.3265625 0.025 0.06953125
0 0.55 0.315625 0.0296875 0.06953125
0 0.49765625 0.29609375 0.03203125 0.071875
0 0.7203125 0.11796875 0.015625 0.02421875
0 0.69765625 0.12578125 0.015625 0.028125
0 0.671875 0.11171875 0.01953125 0.0375
0 0.64453125 0.11484375 0.01484375 0.0390625
0 0.6625 0.14453125 0.0203125 0.0328125
0 0.6296875 0.1390625 0.01953125 0.04375
0 0.6234375 0.16171875 0.0171875 0.05078125
0 0.61328125 0.12109375 0.01484375 0.0328125
0 0.58984375 0.125 0.0171875 0.02578125
0 0.59296875 0.18515625 0.02578125 0.0359375
0 0.5609375 0.190625 0.01796875 0.0359375
0 0.55078125 0.13828125 0.0140625 0.02109375
0 0.5328125 0.13515625 0.02109375 0.025
0 0.5234375 0.14765625 0.01640625 0.025
0 0.51328125 0.1296875 0.01171875 0.025
0 0.4953125 0.14375 0.02109375 0.03125
0 0.47734375 0.14375 0.01640625 0.02578125
0 0.5 0.159375 0.01328125 0.02421875
0 0.52578125 0.1875 0.0171875 0.0265625
0 0.5421875 0.16953125 0.0109375 0.03203125
0 0.55703125 0.171875 0.01328125 0.02421875
0 0.48671875 0.1953125 0.02265625 0.03671875
0 0.45703125 0.18359375 0.02109375 0.053125
0 0.46875 0.1625 0.01328125 0.0421875
0 0.4203125 0.1515625 0.01328125 0.025
0 0.42578125 0.175 0.01640625 0.03046875
0 0.44609375 0.20234375 0.015625 0.01875
0 0.45234375 0.2171875 0.0125 0.0359375
0 0.4765625 0.24453125 0.02421875 0.03359375
0 0.4171875 0.2546875 0.021875 0.04453125
0 0.41640625 0.209375 0.01953125 0.0375
0 0.39609375 0.1921875 0.0203125 0.04140625
0 0.38125 0.2546875 0.02421875 0.04296875
0 0.353125 0.265625 0.0234375 0.05703125
0 0.35546875 0.20390625 0.01796875 0.053125
0 0.33125 0.19609375 0.02578125 0.0453125
0 0.33046875 0.25 0.0171875 0.05078125
0 0.3125 0.23828125 0.01796875 0.040625
0 0.2890625 0.23125 0.025 0.053125