0 0.08359375 0.425 0.046875 0.084375
0 0.67578125 0.353125 0.040625 0.0703125
0 0.59765625 0.340625 0.03203125 0.0734375
0 0.56015625 0.303125 0.03203125 0.05078125
0 0.48359375 0.321875 0.0359375 0.05234375
0 0.4078125 0.29140625 0.02109375 0.059375
0 0.34140625 0.2890625 0.01953125 0.046875
0 0.2984375 0.26796875 0.0171875 0.04453125
0 0.2828125 0.265625 0.02109375 0.03125
0 0.26015625 0.26171875 0.015625 0.0484375
0 0.32421875 0.2203125 0.02109375 0.034375
0 0.3484375 0.2203125 0.0140625 0.0328125
0 0.33125 0.25703125 0.02109375 0.046875
0 0.3703125 0.2125 0.01640625 0.04140625
0 0.38359375 0.20078125 0.01328125 0.034375
0 0.4109375 0.2328125 0.02421875 0.0375
0 0.46640625 0.2546875 0.0234375 0.040625
0 0.44375 0.23203125 0.01796875 0.0328125
0 0.409375 0.17265625 0.015625 0.03828125
0 0.42734375 0.1859375 0.01640625 0.0375
0 0.446875 0.1921875 0.0234375 0.03984375
0 0.46171875 0.171875 0.0109375 0.02421875
0 0.45234375 0.1453125 0.0140625 0.03046875
0 0.48125 0.19140625 0.02109375 0.0375
0 0.48046875 0.1625 0.01640625 0.0296875
0 0.52890625 0.21796875 0.0234375 0.05078125
0 0.5046875 0.203125 0.02109375 0.03515625
0 0.58359375 0.15546875 0.02421875 0.03515625
0 0.60859375 0.20625 0.0203125 0.03828125
0 0.5578125 0.11484375 0.01640625 0.0265625
0 0.53359375 0.13515625 0.01796875 0.0265625
0 0.52109375 0.16015625 0.0171875 0.0296875
0 0.54375 0.1703125 0.02109375 0.0375
0 0.615625 0.13828125 0.025 0.04296875
0 0.646875 0.1125 0.0171875 0.0296875
0 0.778125 0.296875 0.03359375 0.05703125
0 0.75625 0.23203125 0.0234375 0.0515625
0 0.70625 0.228125 0.01875 0.046875
0 0.69609375 0.18125 0.0171875 0.034375
0 0.671875 0.2140625 0.0140625 0.03828125
0 0.65703125 0.1828125 0.01640625 0.0375
0 0.61328125 0.26953125 0.03515625 0.0453125
0 0.66328125 0.259375 0.0265625 0.046875
0 0.7109375 0.29375 0.0359375 0.046875
0 0.69296875 0.0890625 0.01875 0.03515625
0 0.66953125 0.11796875 0.0109375 0.02578125
0 0.684375 0.14765625 0.0140625 0.03671875
0 0.70546875 0.13515625 0.01640625 0.04140625
0 0.7171875 0.16640625 0.01640625 0.03515625
0 0.734375 0.209375 0.0203125 0.04140625
0 0.734375 0.11953125 0.0140625 0.028125
0 0.74765625 0.1046875 0.0140625 0.0328125
0 0.74140625 0.1421875 0.0125 0.03125
0 0.784375 0.11484375 0.015625 0.028125
0 0.77109375 0.125 0.0125 0.034375
0 0.8296875 0.13359375 0.02265625 0.040625
0 0.8109375 0.11875 0.01015625 0.046875
0 0.79921875 0.12734375 0.015625 0.034375
0 0.8 0.175 0.02421875 0.0328125
0 0.75546875 0.17578125 0.01875 0.0328125
0 0.86640625 0.23046875 0.0265625 0.04140625
0 0.89296875 0.12421875 0.021875 0.03671875
0 0.865625 0.121875 0.01796875 0.053125
0 0.84453125 0.17421875 0.02890625 0.046875
0 0.9203125 0.28125 0.02578125 0.05390625
0 0.9203125 0.1953125 0.01640625 0.0375
0 0.9265625 0.146875 0.01328125 0.025
0 0.88359375 0.1953125 0.01484375 0.0328125