0 0.94609375 0.52890625 0.0515625 0.1125
0 0.3265625 0.3203125 0.03203125 0.06328125
0 0.2828125 0.278125 0.02421875 0.05390625
0 0.22265625 0.28828125 0.02109375 0.06171875
0 0.2390625 0.2203125 0.02578125 0.04765625
0 0.29453125 0.225 0.0171875 0.05078125
0 0.33515625 0.196875 0.02890625 0.0375
0 0.3390625 0.2390625 0.02265625 0.0484375
0 0.396875 0.19296875 0.01796875 0.04296875
0 0.39296875 0.23828125 0.01875 0.03828125
0 0.40078125 0.31640625 0.04375 0.06953125
0 0.4515625 0.28671875 0.028125 0.06484375
0 0.43515625 0.23203125 0.01640625 0.04765625
0 0.51796875 0.29765625 0.01328125 0.071875
0 0.30859375 0.165625 0.0125 0.02421875
0 0.34609375 0.16796875 0.00859375 0.034375
0 0.30859375 0.134375 0.0125 0.034375
0 0.296875 0.13359375 0.01015625 0.0328125
0 0.2671875 0.1171875 0.01171875 0.03671875
0 0.2484375 0.09296875 0.01796875 0.021875
0 0.23828125 0.12578125 0.01171875 0.02890625
0 0.2375 0.16015625 0.01328125 0.03125
0 0.2546875 0.17734375 0.0203125 0.03828125
0 0.2640625 0.14609375 0.00859375 0.0234375
0 0.2046875 0.171875 0.01015625 0.04453125
0 0.18984375 0.15703125 0.01484375 0.04296875
0 0.203125 0.13046875 0.0078125 0.03515625
0 0.190625 0.12109375 0.01015625 0.0265625
0 0.20703125 0.10546875 0.00859375 0.02578125
0 0.17421875 0.1328125 0.01640625 0.034375
0 0.1515625 0.14375 0.009375 0.034375
0 0.134375 0.1171875 0.0109375 0.0328125
0 0.13671875 0.1484375 0.01484375 0.028125
0 0.10078125 0.12734375 0.0125 0.03203125
0 0.071875 0.14921875 0.0125 0.0265625
0 0.0765625 0.18671875 0.015625 0.04140625
0 0.10859375 0.159375 0.015625 0.040625
0 0.1203125 0.17890625 0.01640625 0.04140625
0 0.13046875 0.21796875 0.0203125 0.04296875
0 0.15546875 0.17890625 0.01640625 0.040625
0 0.0859375 0.27578125 0.0265625 0.0375
0 0.31015625 0.0890625 0.0171875 0.025
0 0.32890625 0.1171875 0.0140625 0.0328125
0 0.3578125 0.1 0.0171875 0.0265625
0 0.3765625 0.09375 0.00859375 0.0296875
0 0.40625 0.08984375 0.01640625 0.0265625
0 0.39375 0.11171875 0.00859375 0.01875
0 0.3828125 0.1359375 0.01328125 0.02578125
0 0.4171875 0.11328125 0.01796875 0.028125
0 0.44765625 0.09921875 0.01015625 0.021875
0 0.425 0.13671875 0.0125 0.03359375
0 0.42890625 0.15859375 0.0171875 0.034375
0 0.45625 0.1546875 0.021875 0.03203125
0 0.4703125 0.11953125 0.01328125 0.03203125
0 0.48515625 0.13671875 0.00859375 0.0265625
0 0.459375 0.190625 0.015625 0.05
0 0.48984375 0.18203125 0.0171875 0.0328125
0 0.52109375 0.16328125 0.015625 0.03046875
0 0.5296875 0.140625 0.0109375 0.021875
0 0.51953125 0.1234375 0.01015625 0.02421875
0 0.5484375 0.13125 0.0109375 0.02421875
0 0.5484375 0.1578125 0.01953125 0.02890625
0 0.5375 0.18828125 0.0140625 0.04140625
0 0.5421875 0.23203125 0.01796875 0.03828125
0 0.5578125 0.21484375 0.015625 0.03671875
0 0.57734375 0.20390625 0.00859375 0.03359375
0 0.57109375 0.1609375 0.01328125 0.0296875
0 0.5953125 0.16875 0.0140625 0.03828125
0 0.61328125 0.1859375 0.009375 0.028125
0 0.621875 0.2125 0.01640625 0.0453125
0 0.6390625 0.21015625 0.0140625 0.03046875
0 0.66171875 0.2140625 0.0109375 0.0328125
0 0.6015625 0.2765625 0.02890625 0.059375
0 0.6625 0.25859375 0.01484375 0.0265625
0 0.6859375 0.259375 0.01640625 0.034375
0 0.70390625 0.25078125 0.0140625 0.0390625
0 0.69140625 0.22109375 0.015625 0.03359375
0 0.72578125 0.253125 0.0203125 0.0375
0 0.753125 0.26796875 0.02109375 0.04609375