0 0.0359375 0.38359375 0.034375 0.05625
0 0.67890625 0.334375 0.0265625 0.06875
0 0.77890625 0.29140625 0.01875 0.053125
0 0.81640625 0.25703125 0.01796875 0.04453125
0 0.91875 0.290625 0.01875 0.05625
0 0.87109375 0.221875 0.0203125 0.05
0 0.8890625 0.19296875 0.0140625 0.03359375
0 0.921875 0.2109375 0.0171875 0.0328125
0 0.9234375 0.1796875 0.01171875 0.0234375
0 0.925 0.159375 0.0125 0.02890625
0 0.89921875 0.13046875 0.0125 0.03203125
0 0.8578125 0.125 0.01328125 0.03125
0 0.8625 0.1609375 0.01328125 0.02734375
0 0.84296875 0.1890625 0.01875 0.0421875
0 0.82578125 0.16484375 0.01484375 0.0234375
0 0.8234375 0.14609375 0.0125 0.02578125
0 0.80859375 0.13125 0.0125 0.034375
0 0.7953125 0.1328125 0.0140625 0.03828125
0 0.79921875 0.165625 0.01796875 0.03515625
0 0.77734375 0.1640625 0.0171875 0.02890625
0 0.77578125 0.1234375 0.00859375 0.0328125
0 0.76328125 0.125 0.01328125 0.03203125
0 0.75390625 0.109375 0.0109375 0.03046875
0 0.7328125 0.12421875 0.01640625 0.03046875
0 0.72890625 0.1953125 0.01484375 0.0375
0 0.74453125 0.2078125 0.015625 0.03984375
0 0.7140625 0.278125 0.028125 0.06171875
0 0.70625 0.21015625 0.01953125 0.04296875
0 0.69609375 0.18125 0.0140625 0.02734375
0 0.709375 0.146875 0.01171875 0.0296875
0 0.7375 0.14375 0.0125 0.03046875
0 0.68125 0.15546875 0.01640625 0.053125
0 0.6578125 0.20234375 0.0203125 0.025
0 0.62578125 0.203125 0.0234375 0.04765625
0 0.64375 0.171875 0.01875 0.040625
0 0.6625 0.2640625 0.02421875 0.05078125
0 0.6078125 0.25078125 0.02578125 0.0578125
0 0.6 0.33671875 0.034375 0.0640625
0 0.55859375 0.24296875 0.028125 0.0453125
0 0.5375 0.3203125 0.02421875 0.06171875
0 0.48203125 0.303125 0.02578125 0.05703125
0 0.684375 0.10625 0.0171875 0.03515625
0 0.65234375 0.11953125 0.0171875 0.0234375
0 0.65 0.090625 0.01640625 0.03125
0 0.62734375 0.1 0.0109375 0.03046875
0 0.621875 0.11796875 0.01328125 0.0328125
0 0.5890625 0.096875 0.01015625 0.0296875
0 0.55703125 0.11171875 0.0109375 0.02578125
0 0.5984375 0.14296875 0.0171875 0.0328125
0 0.5625 0.16484375 0.01015625 0.03125
0 0.5734375 0.1546875 0.0140625 0.025
0 0.54765625 0.13671875 0.01328125 0.02578125
0 0.5359375 0.1671875 0.01796875 0.028125
0 0.53359375 0.203125 0.0171875 0.03671875
0 0.50234375 0.19296875 0.01796875 0.0328125
0 0.50859375 0.15546875 0.01015625 0.03203125
0 0.5234375 0.1421875 0.0140625 0.0296875
0 0.47734375 0.16796875 0.01328125 0.03515625
0 0.48828125 0.1328125 0.01484375 0.02265625
0 0.47421875 0.14375 0.01328125 0.01953125
0 0.4484375 0.14609375 0.01015625 0.02578125
0 0.46484375 0.2359375 0.0171875 0.04375
0 0.440625 0.2171875 0.01171875 0.028125
0 0.45625 0.20234375 0.01328125 0.02734375
0 0.4125 0.175 0.01484375 0.034375
0 0.4234375 0.27890625 0.01640625 0.05078125
0 0.4484375 0.26328125 0.0171875 0.034375
0 0.4046875 0.23671875 0.01796875 0.03046875
0 0.39140625 0.221875 0.0171875 0.03984375
0 0.375 0.2140625 0.01640625 0.040625
0 0.346875 0.2828125 0.0140625 0.04375
0 0.321875 0.2828125 0.02265625 0.040625
0 0.2984375 0.26875 0.01640625 0.0453125
0 0.309375 0.23125 0.01796875 0.0296875
0 0.32890625 0.2234375 0.01328125 0.03359375
0 0.2828125 0.2734375 0.01640625 0.0375
0 0.25625 0.29296875 0.01328125 0.0453125