0 0.36796875 0.45625 0.0734375 0.1078125
0 0.234375 0.39453125 0.0515625 0.11796875
0 0.24609375 0.16015625 0.02265625 0.05078125
0 0.61328125 0.0859375 0.0171875 0.01953125
0 0.63203125 0.11796875 0.01484375 0.02265625
0 0.659375 0.103125 0.01171875 0.02421875
0 0.590625 0.10234375 0.0140625 0.03828125
0 0.63828125 0.21953125 0.03671875 0.0671875
0 0.5625 0.18046875 0.028125 0.04609375
0 0.4890625 0.20859375 0.02265625 0.0484375
0 0.4640625 0.22109375 0.02578125 0.040625
0 0.43125 0.1921875 0.01484375 0.0234375
0 0.440625 0.2484375 0.0203125 0.04921875