0 0.23046875 0.3296875 0.03125 0.05859375
0 0.32734375 0.30546875 0.03125 0.07109375
0 0.4546875 0.29609375 0.028125 0.0609375
0 0.52734375 0.32109375 0.0234375 0.05546875
0 0.56953125 0.25859375 0.02109375 0.05390625
0 0.8 0.4296875 0.0390625 0.096875
0 0.1375 0.28671875 0.03046875 0.05390625
0 0.1984375 0.275 0.03046875 0.05546875
0 0.27265625 0.2609375 0.03671875 0.05
0 0.3421875 0.25625 0.0234375 0.046875
0 0.409375 0.23515625 0.02421875 0.05234375
0 0.51953125 0.221875 0.0234375 0.0375
0 0.66328125 0.21171875 0.0203125 0.03671875
0 0.7015625 0.24296875 0.01953125 0.0390625
0 0.5890625 0.16875 0.01484375 0.03515625
0 0.57109375 0.15625 0.01328125 0.021875
0 0.52578125 0.15078125 0.01484375 0.03046875
0 0.43828125 0.16015625 0.01328125 0.034375
0 0.28515625 0.2171875 0.0203125 0.0359375
0 0.10546875 0.20703125 0.01484375 0.03203125
0 0.16484375 0.15546875 0.0171875 0.028125
0 0.3125 0.15 0.02109375 0.03203125
0 0.4734375 0.1921875 0.025 0.0375
0 0.125 0.13984375 0.01640625 0.0390625
0 0.15703125 0.13125 0.0140625 0.03203125
0 0.18984375 0.12578125 0.0140625 0.03984375
0 0.21953125 0.1265625 0.01015625 0.03203125
0 0.2359375 0.14453125 0.01484375 0.028125
0 0.40078125 0.1546875 0.01953125 0.0375
0 0.23359375 0.21484375 0.01875 0.03984375
0 0.196875 0.19921875 0.01875 0.03828125
0 0.2296875 0.17421875 0.01484375 0.028125
0 0.26171875 0.1859375 0.01953125 0.04140625
0 0.2765625 0.153125 0.01484375 0.02890625
0 0.32109375 0.1078125 0.01328125 0.0328125
0 0.33984375 0.1078125 0.0140625 0.028125
0 0.37109375 0.13046875 0.0109375 0.0234375
0 0.384375 0.14296875 0.01328125 0.0265625
0 0.43359375 0.13125 0.0140625 0.028125
0 0.4640625 0.13125 0.01640625 0.034375
0 0.509375 0.13203125 0.0140625 0.028125
0 0.53359375 0.1359375 0.01484375 0.025
0 0.35 0.2171875 0.00078125 0.003125
0 0.35703125 0.23203125 0.02421875 0.04375
0 0.340625 0.21015625 0.02265625 0.0453125
0 0.38046875 0.20078125 0.02421875 0.04609375
0 0.3453125 0.1640625 0.02421875 0.040625
0 0.478125 0.12421875 0.01796875 0.03203125
0 0.1625 0.22265625 0.02421875 0.03984375
0 0.15078125 0.20078125 0.01796875 0.034375
0 0.14453125 0.18046875 0.01484375 0.025
0 0.20703125 0.1578125 0.01484375 0.0296875
0 0.07890625 0.259375 0.0234375 0.05078125
0 0.59765625 0.25390625 0.01953125 0.04140625
0 0.66953125 0.26328125 0.01875 0.03828125
0 0.5703125 0.184375 0.01875 0.03125
0 0.51875 0.1859375 0.02265625 0.0359375
0 0.67578125 0.2078125 0.015625 0.03671875
0 0.5 0.11875 0.01171875 0.028125
0 0.4 0.10625 0.0125 0.03046875
0 0.41171875 0.1 0.0171875 0.03671875