0 0.86953125 0.1390625 0.01484375 0.0328125
0 0.8359375 0.13359375 0.0140625 0.0328125
0 0.79921875 0.1234375 0.01171875 0.03515625
0 0.76796875 0.125 0.015625 0.03203125
0 0.725 0.146875 0.0125 0.03828125
0 0.7421875 0.146875 0.01640625 0.03828125
0 0.80546875 0.16640625 0.0140625 0.03359375
0 0.84609375 0.175 0.02109375 0.0390625
0 0.88984375 0.19140625 0.0203125 0.040625
0 0.69296875 0.14375 0.01796875 0.03984375
0 0.76171875 0.1703125 0.0171875 0.040625
0 0.7890625 0.18125 0.02109375 0.0484375
0 0.840625 0.21484375 0.01953125 0.04375
0 0.81953125 0.22890625 0.02578125 0.06328125
0 0.8703125 0.25390625 0.03125 0.06640625
0 0.9109375 0.2640625 0.02109375 0.0546875
0 0.74140625 0.19765625 0.02265625 0.0375
0 0.71328125 0.18984375 0.01640625 0.03671875
0 0.65234375 0.1578125 0.01875 0.0296875
0 0.62734375 0.2 0.0234375 0.0515625
0 0.65234375 0.1953125 0.02578125 0.04453125
0 0.70078125 0.21953125 0.01953125 0.05
0 0.6671875 0.2421875 0.02265625 0.06015625
0 0.578125 0.23984375 0.02421875 0.05
0 0.60546875 0.25625 0.02734375 0.04921875
0 0.71796875 0.25234375 0.0265625 0.053125
0 0.7734375 0.28359375 0.02578125 0.0609375
0 0.74296875 0.32734375 0.0359375 0.07265625
0 0.67421875 0.3 0.03046875 0.06328125
0 0.54609375 0.3078125 0.02734375 0.0546875
0 0.50078125 0.2859375 0.02734375 0.0578125
0 0.1953125 0.403125 0.04765625 0.09140625
0 0.66328125 0.12109375 0.01796875 0.03515625
0 0.64453125 0.11171875 0.015625 0.0296875
0 0.62421875 0.13359375 0.01328125 0.03046875
0 0.61171875 0.15 0.0171875 0.03359375
0 0.5875 0.1484375 0.01953125 0.0328125
0 0.5578125 0.1390625 0.01640625 0.03671875
0 0.50546875 0.121875 0.01328125 0.028125
0 0.525 0.14453125 0.01640625 0.03359375
0 0.56953125 0.16875 0.0203125 0.03828125
0 0.52890625 0.20390625 0.02265625 0.040625
0 0.4796875 0.1328125 0.0203125 0.034375
0 0.46171875 0.159375 0.01875 0.034375
0 0.49609375 0.1890625 0.01953125 0.040625
0 0.47890625 0.209375 0.01953125 0.0484375
0 0.4296875 0.24375 0.02578125 0.04609375
0 0.4359375 0.15703125 0.01953125 0.04453125
0 0.41640625 0.1796875 0.01796875 0.03359375
0 0.40546875 0.1703125 0.0140625 0.028125
0 0.38203125 0.196875 0.01953125 0.040625
0 0.384375 0.25703125 0.025 0.05
0 0.4140625 0.271875 0.025 0.05546875
0 0.35390625 0.25234375 0.02265625 0.04140625
0 0.32421875 0.20546875 0.01484375 0.0390625
0 0.33671875 0.21796875 0.01796875 0.03671875
0 0.32265625 0.2484375 0.0234375 0.0390625
0 0.29453125 0.24609375 0.01484375 0.0421875
0 0.26484375 0.2671875 0.01796875 0.0421875
0 0.30234375 0.25546875 0.01875 0.03828125