0 0.9390625 0.30546875 0.0265625 0.06875
0 0.0703125 0.36875 0.021875 0.05625
0 0.0625 0.30703125 0.02265625 0.0546875
0 0.06953125 0.25703125 0.01953125 0.0453125
0 0.0625 0.22109375 0.01640625 0.03359375
0 0.06171875 0.19453125 0.01171875 0.0328125
0 0.059375 0.16953125 0.0125 0.028125
0 0.08984375 0.16328125 0.01328125 0.028125
0 0.10859375 0.15078125 0.0109375 0.02109375
0 0.13046875 0.16796875 0.01484375 0.028125
0 0.15859375 0.15234375 0.0125 0.02265625
0 0.146875 0.14765625 0.0109375 0.02734375
0 0.1453125 0.17265625 0.01640625 0.03046875
0 0.1171875 0.23203125 0.01484375 0.04296875
0 0.1328125 0.2484375 0.021875 0.0484375
0 0.1609375 0.22890625 0.01875 0.0390625
0 0.159375 0.203125 0.01640625 0.03046875
0 0.17109375 0.1765625 0.009375 0.025
0 0.2109375 0.15078125 0.0109375 0.02890625
0 0.18515625 0.14375 0.009375 0.028125
0 0.203125 0.128125 0.01328125 0.0296875
0 0.22109375 0.13671875 0.0109375 0.03046875
0 0.23984375 0.14375 0.01796875 0.0375
0 0.2671875 0.13203125 0.015625 0.02734375
0 0.2515625 0.1703125 0.01484375 0.034375
0 0.28671875 0.1578125 0.01484375 0.02734375
0 0.296875 0.1890625 0.015625 0.0453125
0 0.25234375 0.20078125 0.01953125 0.03125
0 0.2265625 0.23828125 0.01484375 0.0453125
0 0.20859375 0.21484375 0.01328125 0.03359375
0 0.21015625 0.278125 0.025 0.0484375
0 0.15859375 0.33359375 0.025 0.0578125
0 0.25859375 0.26171875 0.02578125 0.0546875
0 0.28359375 0.240625 0.02109375 0.04453125
0 0.3140625 0.2578125 0.01875 0.05078125
0 0.32734375 0.21171875 0.02109375 0.0421875
0 0.3484375 0.1859375 0.01875 0.03671875
0 0.38203125 0.20625 0.01796875 0.05234375
0 0.35625 0.2484375 0.025 0.0578125
0 0.4234375 0.278125 0.025 0.0578125
0 0.4296875 0.23828125 0.01875 0.03046875
0 0.2890625 0.10859375 0.01015625 0.03046875
0 0.31484375 0.1015625 0.015625 0.021875
0 0.32109375 0.1265625 0.0109375 0.0328125
0 0.33828125 0.0984375 0.009375 0.0203125
0 0.33828125 0.11953125 0.009375 0.0265625
0 0.3453125 0.1390625 0.01875 0.03046875
0 0.3609375 0.153125 0.01953125 0.03359375
0 0.36953125 0.115625 0.01171875 0.01875
0 0.39375 0.12265625 0.01171875 0.028125
0 0.38984375 0.10234375 0.01328125 0.02734375
0 0.4109375 0.1203125 0.01484375 0.03359375
0 0.4265625 0.11796875 0.0125 0.028125
0 0.4078125 0.1578125 0.0203125 0.03828125
0 0.4453125 0.17890625 0.01875 0.046875
0 0.4609375 0.13359375 0.0125 0.03515625
0 0.47265625 0.12578125 0.0125 0.02421875
0 0.50859375 0.13359375 0.0140625 0.0296875
0 0.53203125 0.13203125 0.009375 0.02734375
0 0.5203125 0.1484375 0.01015625 0.02734375
0 0.5109375 0.1703125 0.0125 0.03359375
0 0.4796875 0.18125 0.01796875 0.0390625
0 0.49453125 0.21875 0.0234375 0.05703125
0 0.52578125 0.20546875 0.01875 0.0359375
0 0.57578125 0.17421875 0.0125 0.0234375
0 0.57265625 0.14296875 0.0109375 0.0234375
0 0.59609375 0.159375 0.0125 0.028125
0 0.6078125 0.1578125 0.0109375 0.0171875
0 0.6140625 0.18828125 0.0140625 0.0328125
0 0.6328125 0.18984375 0.0140625 0.03671875
0 0.59375 0.23125 0.0203125 0.02890625
0 0.6125 0.234375 0.01484375 0.03046875
0 0.55625 0.25234375 0.021875 0.0328125
0 0.64296875 0.2328125 0.01796875 0.04765625
0 0.67265625 0.19609375 0.0140625 0.034375
0 0.73125 0.2234375 0.0109375 0.028125