0 0.08359375 0.2703125 0.0296875 0.04921875
0 0.74921875 0.375 0.02890625 0.0640625
0 0.69375 0.30390625 0.0296875 0.06171875
0 0.7921875 0.2890625 0.021875 0.0578125
0 0.82265625 0.2640625 0.0171875 0.05390625
0 0.91484375 0.3296875 0.02421875 0.05078125
0 0.92265625 0.2578125 0.01640625 0.046875
0 0.9484375 0.23203125 0.0171875 0.03203125
0 0.9359375 0.20625 0.0125 0.03828125
0 0.95390625 0.19921875 0.015625 0.0296875
0 0.915625 0.14765625 0.0140625 0.02421875
0 0.90078125 0.178125 0.01484375 0.03203125
0 0.89140625 0.23515625 0.01953125 0.04296875
0 0.89609375 0.203125 0.0109375 0.034375
0 0.8671875 0.1921875 0.01484375 0.034375
0 0.87890625 0.16328125 0.01484375 0.034375
0 0.859375 0.21953125 0.0203125 0.0359375
0 0.8453125 0.2171875 0.015625 0.034375
0 0.8203125 0.20234375 0.01796875 0.03125
0 0.834375 0.18125 0.0140625 0.03515625
0 0.8421875 0.1640625 0.01171875 0.02578125
0 0.85859375 0.1546875 0.0125 0.03828125
0 0.8359375 0.13984375 0.0109375 0.034375
0 0.80625 0.140625 0.01328125 0.0296875
0 0.7984375 0.17109375 0.01640625 0.0265625
0 0.7890625 0.15234375 0.0140625 0.02890625
0 0.7828125 0.13046875 0.01015625 0.02578125
0 0.7640625 0.13515625 0.01640625 0.03515625
0 0.734375 0.14609375 0.01171875 0.02890625
0 0.71796875 0.18125 0.0234375 0.04140625
0 0.7375 0.16875 0.01640625 0.0234375
0 0.75546875 0.1984375 0.0140625 0.0375
0 0.6984375 0.175 0.00859375 0.02890625
0 0.78671875 0.22734375 0.01953125 0.03828125
0 0.76875 0.23671875 0.01875 0.046875
0 0.73828125 0.234375 0.01796875 0.04453125
0 0.69375 0.2578125 0.02265625 0.03671875
0 0.6859375 0.2234375 0.021875 0.0375
0 0.6734375 0.1859375 0.0140625 0.04140625
0 0.64375 0.25625 0.0296875 0.046875
0 0.6265625 0.2046875 0.0234375 0.03359375
0 0.59375 0.2375 0.021875 0.0578125
0 0.709375 0.11796875 0.0109375 0.0296875
0 0.68515625 0.11171875 0.0109375 0.025
0 0.68046875 0.13828125 0.01171875 0.03203125
0 0.665625 0.12109375 0.01328125 0.028125
0 0.64375 0.1203125 0.01328125 0.03046875
0 0.6421875 0.15625 0.01171875 0.0296875
0 0.6578125 0.1421875 0.00859375 0.0296875
0 0.6296875 0.14140625 0.01640625 0.034375
0 0.61328125 0.125 0.015625 0.02421875
0 0.609375 0.165625 0.0140625 0.02890625
0 0.59296875 0.1359375 0.00703125 0.01796875
0 0.56171875 0.1859375 0.0140625 0.04140625
0 0.56953125 0.16015625 0.015625 0.02578125
0 0.578125 0.13828125 0.01640625 0.0265625
0 0.55546875 0.14140625 0.01171875 0.02890625
0 0.5421875 0.15703125 0.01640625 0.03203125
0 0.52890625 0.17890625 0.01484375 0.03828125
0 0.51875 0.1359375 0.01484375 0.02578125
0 0.4984375 0.15078125 0.009375 0.02890625
0 0.484375 0.153125 0.01171875 0.025
0 0.5078125 0.134375 0.0125 0.02578125
0 0.503125 0.1828125 0.0109375 0.03046875
0 0.4625 0.20859375 0.0234375 0.04375
0 0.446875 0.25 0.01796875 0.0453125
0 0.409375 0.2359375 0.01328125 0.05
0 0.42578125 0.2015625 0.02265625 0.03359375
0 0.44453125 0.16796875 0.01328125 0.02890625
0 0.42109375 0.171875 0.009375 0.0328125
0 0.40625 0.17109375 0.0140625 0.0265625
0 0.384375 0.16953125 0.0125 0.03671875
0 0.3921875 0.20546875 0.0109375 0.0296875
0 0.3796875 0.23125 0.01484375 0.03671875
0 0.378125 0.19765625 0.01171875 0.0265625
0 0.35859375 0.2265625 0.021875 0.04140625
0 0.353125 0.1875 0.021875 0.03046875
0 0.33046875 0.18828125 0.01640625 0.03671875
0 0.296875 0.2234375 0.01875 0.034375
0 0.27890625 0.22578125 0.01328125 0.03671875