0 0.21015625 0.346875 0.05546875 0.103125
0 0.67109375 0.33046875 0.0359375 0.0578125
0 0.76640625 0.28203125 0.0265625 0.06171875
0 0.71953125 0.290625 0.03046875 0.0765625
0 0.92109375 0.27109375 0.02421875 0.04453125
0 0.8703125 0.2234375 0.02890625 0.046875
0 0.9015625 0.221875 0.01875 0.05546875
0 0.91796875 0.20546875 0.0203125 0.05078125
0 0.93203125 0.1546875 0.021875 0.040625
0 0.9 0.13125 0.01328125 0.025
0 0.8984375 0.16171875 0.01875 0.03515625
0 0.87109375 0.14765625 0.0171875 0.03671875
0 0.85625 0.15390625 0.02734375 0.0453125
0 0.84609375 0.1921875 0.021875 0.05234375
0 0.80078125 0.178125 0.01640625 0.04453125
0 0.82265625 0.17109375 0.01875 0.0359375
0 0.83125 0.13984375 0.01875 0.03046875
0 0.809375 0.1234375 0.01640625 0.03515625
0 0.80234375 0.1390625 0.0265625 0.02890625
0 0.76953125 0.12578125 0.0125 0.028125
0 0.7625 0.1796875 0.02109375 0.034375
0 0.740625 0.20078125 0.01796875 0.05078125
0 0.728125 0.17109375 0.0296875 0.04296875
0 0.71953125 0.13359375 0.01484375 0.03046875
0 0.7515625 0.12890625 0.0140625 0.04296875
0 0.73671875 0.1203125 0.0171875 0.05390625
0 0.753125 0.1 0.0140625 0.0515625
0 0.703125 0.2109375 0.02265625 0.04375
0 0.7046875 0.17421875 0.01640625 0.03515625
0 0.68359375 0.15859375 0.0171875 0.04296875
0 0.66484375 0.20546875 0.02578125 0.04765625
0 0.66328125 0.25703125 0.02421875 0.05078125
0 0.60234375 0.3328125 0.02734375 0.065625
0 0.60703125 0.2484375 0.01953125 0.04921875
0 0.60625 0.203125 0.01953125 0.04609375
0 0.5671875 0.23515625 0.01796875 0.04140625
0 0.5453125 0.296875 0.02421875 0.0609375
0 0.4921875 0.29921875 0.0203125 0.05546875
0 0.68828125 0.09453125 0.0171875 0.040625
0 0.6703125 0.11875 0.0140625 0.04453125
0 0.64140625 0.109375 0.025 0.03125
0 0.61796875 0.10859375 0.025 0.03984375
0 0.58671875 0.09765625 0.0140625 0.02421875
0 0.62421875 0.15 0.01796875 0.05078125
0 0.60703125 0.13125 0.01875 0.025
0 0.5796875 0.13125 0.0140625 0.028125
0 0.5640625 0.10859375 0.01796875 0.03046875
0 0.5703125 0.1609375 0.01796875 0.02421875
0 0.559375 0.1453125 0.02578125 0.0375
0 0.5390625 0.16875 0.01796875 0.0375
0 0.53046875 0.13359375 0.0234375 0.0359375
0 0.5234375 0.20078125 0.01796875 0.05078125
0 0.5015625 0.190625 0.01796875 0.0375
0 0.47265625 0.16328125 0.01953125 0.0265625
0 0.47734375 0.15390625 0.01171875 0.0453125
0 0.4875 0.13203125 0.0125 0.03359375
0 0.45546875 0.14609375 0.021875 0.03046875
0 0.46640625 0.2046875 0.01953125 0.03984375
0 0.45703125 0.171875 0.01875 0.0375
0 0.44296875 0.190625 0.0171875 0.04296875
0 0.4234375 0.175 0.01796875 0.03359375
0 0.4234375 0.21328125 0.0125 0.03203125
0 0.4515625 0.2140625 0.01953125 0.025
0 0.428125 0.27421875 0.01640625 0.028125
0 0.38125 0.19765625 0.025 0.02890625
0 0.3828125 0.225 0.0171875 0.04375
0 0.35703125 0.24375 0.01171875 0.04609375
0 0.35 0.21015625 0.01796875 0.0234375
0 0.3265625 0.21328125 0.0203125 0.0296875
0 0.33984375 0.2796875 0.0171875 0.0578125
0 0.31484375 0.27109375 0.015625 0.05
0 0.29921875 0.240625 0.0171875 0.0390625