0 0.6578125 0.1171875 0.01484375 0.0375
0 0.628125 0.12265625 0.01953125 0.0375
0 0.5984375 0.12109375 0.0140625 0.03359375
0 0.609375 0.11484375 0.0109375 0.02109375
0 0.61484375 0.2359375 0.021875 0.0375
0 0.58203125 0.26953125 0.01875 0.03671875
0 0.51328125 0.1453125 0.021875 0.04453125
0 0.4703125 0.23984375 0.02265625 0.05078125
0 0.4140625 0.2140625 0.025 0.03828125
0 0.39296875 0.27734375 0.0265625 0.05625
0 0.30390625 0.21953125 0.03046875 0.0609375
0 0.203125 0.2609375 0.028125 0.06328125
0 0.159375 0.41171875 0.053125 0.1109375