0 0.02734375 0.39921875 0.02890625 0.06953125
0 0.23515625 0.33671875 0.01953125 0.0453125
0 0.28984375 0.2984375 0.01796875 0.0375
0 0.265625 0.33984375 0.02109375 0.0484375
0 0.28984375 0.3640625 0.02421875 0.053125
0 0.34296875 0.3609375 0.025 0.05859375
0 0.36328125 0.2875 0.01796875 0.04296875
0 0.378125 0.321875 0.0203125 0.04140625
0 0.39296875 0.33984375 0.02109375 0.04609375
0 0.41875 0.340625 0.02265625 0.0484375
0 0.4609375 0.3421875 0.03203125 0.04921875
0 0.41328125 0.29765625 0.0203125 0.0375
0 0.40859375 0.27421875 0.01484375 0.03203125
0 0.39375 0.26015625 0.01796875 0.03984375
0 0.4359375 0.27890625 0.01953125 0.0375
0 0.43046875 0.259375 0.0171875 0.028125
0 0.4671875 0.24375 0.015625 0.034375
0 0.47890625 0.23046875 0.0140625 0.02734375
0 0.48046875 0.30234375 0.0203125 0.0390625
0 0.528125 0.31640625 0.0234375 0.05546875
0 0.5015625 0.26796875 0.02421875 0.04140625
0 0.52421875 0.27265625 0.01953125 0.0421875
0 0.5265625 0.2421875 0.01640625 0.034375
0 0.54375 0.25859375 0.01953125 0.0390625
0 0.56015625 0.225 0.01796875 0.03046875
0 0.56484375 0.28125 0.02265625 0.0375
0 0.5703125 0.25390625 0.01953125 0.03515625
0 0.584375 0.22109375 0.01953125 0.04296875
0 0.6140625 0.21875 0.01640625 0.03515625
0 0.621875 0.1984375 0.01328125 0.02734375
0 0.6390625 0.2125 0.01484375 0.02578125
0 0.65546875 0.24453125 0.01796875 0.034375
0 0.62109375 0.24609375 0.01640625 0.03125
0 0.665625 0.21484375 0.01796875 0.034375
0 0.68046875 0.22421875 0.0171875 0.03203125
0 0.7 0.2265625 0.01640625 0.0359375
0 0.68515625 0.26484375 0.02109375 0.0453125
0 0.64140625 0.2984375 0.021875 0.0484375
0 0.60625 0.328125 0.02578125 0.053125
0 0.66015625 0.3265625 0.02578125 0.0453125
0 0.54921875 0.365625 0.02890625 0.0546875
0 0.5078125 0.3875 0.03125 0.07109375
0 0.55390625 0.4046875 0.03359375 0.06484375
0 0.61953125 0.37578125 0.03515625 0.0546875
0 0.61953125 0.428125 0.03671875 0.05859375
0 0.67890625 0.45390625 0.03515625 0.0796875
0 0.72578125 0.50625 0.04140625 0.08203125
0 0.6703125 0.3671875 0.03359375 0.06015625
0 0.69921875 0.34609375 0.0265625 0.05
0 0.746875 0.39375 0.03046875 0.05703125
0 0.71328125 0.2578125 0.02265625 0.0359375
0 0.73125 0.2890625 0.02109375 0.04296875
0 0.7453125 0.24921875 0.01796875 0.04140625
0 0.7546875 0.21875 0.0140625 0.03359375
0 0.79453125 0.2265625 0.01875 0.0359375
0 0.7734375 0.2484375 0.0171875 0.03359375
0 0.77578125 0.2796875 0.02109375 0.0421875
0 0.82109375 0.2453125 0.01953125 0.03671875
0 0.85546875 0.25390625 0.01953125 0.03515625
0 0.8875 0.24375 0.01796875 0.034375
0 0.91171875 0.275 0.02109375 0.040625
0 0.8734375 0.259375 0.01796875 0.0359375
0 0.8671875 0.28515625 0.01875 0.03984375
0 0.94921875 0.27421875 0.01875 0.02734375
0 0.9484375 0.3109375 0.02109375 0.0359375
0 0.93984375 0.3484375 0.02265625 0.040625
0 0.89453125 0.309375 0.021875 0.03984375
0 0.88515625 0.34140625 0.02421875 0.053125
0 0.85859375 0.3125 0.01796875 0.04921875
0 0.828125 0.3015625 0.02265625 0.0421875
0 0.8265625 0.3609375 0.03203125 0.05859375
0 0.871875 0.415625 0.03203125 0.059375
0 0.93046875 0.3875 0.025 0.06171875
0 0.91796875 0.46796875 0.02890625 0.0671875
0 0.79609375 0.409375 0.02734375 0.06875
0 0.8421875 0.4984375 0.03671875 0.0890625
0 0.85703125 0.44921875 0.0328125 0.075