0 0.103125 0.5453125 0.06640625 0.12734375
0 0.8 0.4984375 0.02890625 0.05625
0 0.8234375 0.4375 0.034375 0.06640625
0 0.8953125 0.46328125 0.03046875 0.0734375
0 0.884375 0.38671875 0.02578125 0.05
0 0.9109375 0.34453125 0.021875 0.04609375
0 0.846875 0.36484375 0.02734375 0.05859375
0 0.7953125 0.3578125 0.025 0.06015625
0 0.79921875 0.296875 0.0140625 0.046875
0 0.83203125 0.3046875 0.021875 0.0375
0 0.8703125 0.315625 0.01328125 0.0296875
0 0.92421875 0.31953125 0.0171875 0.03828125
0 0.915625 0.29375 0.01953125 0.03125
0 0.91875 0.26171875 0.01875 0.02734375
0 0.8828125 0.28125 0.01484375 0.03125
0 0.85546875 0.24609375 0.0171875 0.0328125
0 0.8453125 0.26171875 0.01875 0.0390625
0 0.825 0.25703125 0.01328125 0.02578125
0 0.809375 0.2609375 0.0171875 0.0359375
0 0.76875 0.23046875 0.01875 0.0296875
0 0.75703125 0.27109375 0.01484375 0.0484375
0 0.74296875 0.21328125 0.0171875 0.03984375
0 0.7296875 0.22890625 0.0171875 0.03125
0 0.7203125 0.2515625 0.01875 0.03671875
0 0.71171875 0.27734375 0.0203125 0.04765625
0 0.68984375 0.23671875 0.0171875 0.04453125
0 0.66796875 0.26171875 0.02421875 0.04140625
0 0.67734375 0.35078125 0.02421875 0.06796875
0 0.7296875 0.396875 0.02265625 0.05234375
0 0.7578125 0.42890625 0.028125 0.06640625
0 0.6875 0.49921875 0.03984375 0.08828125
0 0.65546875 0.36875 0.04453125 0.0609375
0 0.63828125 0.3328125 0.0265625 0.04921875
0 0.609375 0.3421875 0.02890625 0.0578125
0 0.58671875 0.31328125 0.01484375 0.03984375
0 0.628125 0.44375 0.04140625 0.06484375
0 0.5703125 0.425 0.03828125 0.05703125
0 0.53359375 0.396875 0.025 0.06015625
0 0.51640625 0.35234375 0.01875 0.04765625
0 0.4671875 0.39609375 0.02578125 0.05625
0 0.67421875 0.21875 0.0125 0.03125
0 0.66015625 0.225 0.01484375 0.0328125
0 0.64453125 0.21328125 0.01875 0.03515625
0 0.62890625 0.2390625 0.0203125 0.03125
0 0.6203125 0.20703125 0.01484375 0.02890625
0 0.60234375 0.19453125 0.01875 0.0296875
0 0.5640625 0.2140625 0.0203125 0.0265625
0 0.5921875 0.21796875 0.01640625 0.01875
0 0.58828125 0.24453125 0.0171875 0.03515625
0 0.5671875 0.24609375 0.02109375 0.03515625
0 0.54375 0.2234375 0.0140625 0.03203125
0 0.5171875 0.2359375 0.01484375 0.03515625
0 0.540625 0.27578125 0.015625 0.0328125
0 0.5234375 0.2609375 0.0171875 0.0375
0 0.4859375 0.2515625 0.02109375 0.046875
0 0.46015625 0.2375 0.01875 0.03828125
0 0.43828125 0.2421875 0.01875 0.0359375
0 0.46484375 0.2890625 0.0203125 0.03203125
0 0.51015625 0.3078125 0.021875 0.0390625
0 0.4375 0.32578125 0.02421875 0.0375
0 0.42890625 0.26015625 0.02109375 0.040625
0 0.403125 0.23515625 0.01796875 0.053125
0 0.40390625 0.2890625 0.0140625 0.0421875
0 0.43515625 0.2984375 0.0140625 0.02109375
0 0.403125 0.334375 0.01953125 0.03984375
0 0.38046875 0.3203125 0.01640625 0.02734375
0 0.35 0.325 0.021875 0.04140625
0 0.35390625 0.2875 0.02421875 0.04765625
0 0.28515625 0.30078125 0.025 0.0453125
0 0.3171875 0.38125 0.028125 0.0671875
0 0.259375 0.340625 0.02890625 0.03828125
0 0.21640625 0.33671875 0.02265625 0.05703125