0 0.203125 0.41484375 0.06640625 0.1265625
0 0.38359375 0.64140625 0.0859375 0.16953125
0 0.41328125 0.5203125 0.0578125 0.125
0 0.42578125 0.42890625 0.05703125 0.14375
0 0.303125 0.25 0.028125 0.06484375
0 0.19921875 0.228125 0.02734375 0.04921875
0 0.37734375 0.21328125 0.0296875 0.05625
0 0.3234375 0.1796875 0.02734375 0.01796875
0 0.46796875 0.2328125 0.03359375 0.06328125
0 0.50625 0.26640625 0.0265625 0.071875
0 0.55078125 0.1078125 0.03046875 0.05390625
0 0.60546875 0.128125 0.01796875 0.04609375
0 0.6296875 0.1234375 0.0109375 0.04140625
0 0.65234375 0.1015625 0.021875 0.0375
0 0.66953125 0.07421875 0.0265625 0.0453125
0 0.69296875 0.1375 0.0203125 0.04765625
0 0.58984375 0.11015625 0.01640625 0.0296875
0 0.565625 0.084375 0.03125 0.04140625