0 0.0421875 0.3921875 0.028125 0.06640625
0 0.675 0.325 0.03046875 0.0609375
0 0.703125 0.28125 0.02109375 0.04609375
0 0.73984375 0.234375 0.02578125 0.0390625
0 0.7734375 0.28515625 0.0203125 0.04921875
0 0.809375 0.24609375 0.01953125 0.04453125
0 0.86015625 0.2359375 0.02109375 0.0296875
0 0.91171875 0.2796875 0.021875 0.0546875
0 0.88671875 0.19921875 0.0171875 0.04140625
0 0.91953125 0.18984375 0.015625 0.03515625
0 0.91875 0.153125 0.015625 0.025
0 0.89140625 0.12890625 0.0140625 0.028125
0 0.85234375 0.12265625 0.01484375 0.0203125
0 0.8578125 0.16640625 0.01171875 0.03046875
0 0.8359375 0.18125 0.01796875 0.0265625
0 0.82890625 0.14609375 0.01171875 0.02890625
0 0.809375 0.165625 0.0125 0.0265625
0 0.796875 0.184375 0.015625 0.02734375
0 0.8015625 0.13671875 0.0125 0.02890625
0 0.790625 0.13515625 0.01328125 0.03515625
0 0.77421875 0.12109375 0.01171875 0.02265625
0 0.76015625 0.13359375 0.0109375 0.03203125
0 0.7453125 0.1265625 0.0125 0.03203125
0 0.72421875 0.1203125 0.01171875 0.034375
0 0.7140625 0.13203125 0.009375 0.02890625
0 0.7359375 0.15625 0.0109375 0.03046875
0 0.74921875 0.175 0.0109375 0.03671875
0 0.73046875 0.190625 0.02109375 0.03515625
0 0.69296875 0.178125 0.021875 0.03125
0 0.68359375 0.140625 0.01484375 0.03125
0 0.68984375 0.23515625 0.0234375 0.0453125
0 0.65390625 0.25859375 0.01640625 0.03984375
0 0.6546875 0.20546875 0.01796875 0.03515625
0 0.6421875 0.1796875 0.0171875 0.03046875
0 0.60234375 0.26171875 0.02109375 0.0515625
0 0.5890625 0.2234375 0.01640625 0.03828125
0 0.5671875 0.24296875 0.025 0.04765625
0 0.54765625 0.28828125 0.02734375 0.05625
0 0.5734375 0.36328125 0.02578125 0.06015625
0 0.4953125 0.28984375 0.0171875 0.0515625
0 0.67578125 0.096875 0.01640625 0.0234375
0 0.66484375 0.121875 0.01484375 0.0296875
0 0.6453125 0.09609375 0.01171875 0.02265625
0 0.63515625 0.12265625 0.0140625 0.02578125
0 0.6140625 0.1140625 0.0125 0.028125
0 0.61953125 0.146875 0.0171875 0.03828125
0 0.590625 0.13515625 0.0109375 0.02421875
0 0.5828125 0.11875 0.0125 0.03125
0 0.58359375 0.09765625 0.009375 0.02265625
0 0.55078125 0.11171875 0.01015625 0.0203125
0 0.56796875 0.1765625 0.015625 0.03046875
0 0.55234375 0.134375 0.01015625 0.02578125
0 0.571875 0.1546875 0.0125 0.02578125
0 0.52734375 0.134375 0.01328125 0.028125
0 0.534375 0.17109375 0.01484375 0.03984375
0 0.5125 0.2078125 0.01640625 0.04765625
0 0.4859375 0.12421875 0.01953125 0.0234375
0 0.4625 0.15078125 0.00703125 0.021875
0 0.47265625 0.16796875 0.01328125 0.02890625
0 0.48203125 0.1984375 0.0140625 0.03203125
0 0.4703125 0.22265625 0.0171875 0.0421875
0 0.459375 0.1875 0.0109375 0.028125
0 0.4546875 0.17265625 0.0125 0.02734375
0 0.44609375 0.13984375 0.01015625 0.021875
0 0.40546875 0.17734375 0.0109375 0.03125
0 0.44140625 0.2140625 0.02578125 0.0453125
0 0.4171875 0.2125 0.01171875 0.02578125
0 0.421875 0.26640625 0.0234375 0.05390625
0 0.37578125 0.21328125 0.01953125 0.03828125
0 0.3890625 0.1984375 0.0203125 0.0453125
0 0.3515625 0.22421875 0.015625 0.04140625
0 0.3390625 0.26640625 0.01875 0.04296875
0 0.29609375 0.25859375 0.01640625 0.0375
0 0.31875 0.28046875 0.0203125 0.0421875
0 0.3078125 0.23671875 0.01171875 0.02578125
0 0.25703125 0.27734375 0.01484375 0.025