0 0.9859375 0.14140625 0.0140625 0.0453125
0 0.95703125 0.24375 0.02578125 0.0359375
0 0.88984375 0.290625 0.034375 0.05234375
0 0.85234375 0.18515625 0.0265625 0.03359375
0 0.81484375 0.17265625 0.01640625 0.0265625
0 0.80546875 0.1875 0.01953125 0.03125
0 0.76328125 0.17421875 0.028125 0.03046875
0 0.71796875 0.17109375 0.015625 0.05
0 0.57109375 0.13125 0.0203125 0.03828125
0 0.5234375 0.18359375 0.02578125 0.0265625
0 0.4921875 0.1921875 0.02578125 0.03984375
0 0.2 0.4453125 0.0515625 0.06953125