0 0.50625 0.3015625 0.0296875 0.06796875
0 0.56015625 0.30234375 0.03203125 0.0609375
0 0.6046875 0.3203125 0.0265625 0.05859375
0 0.690625 0.32265625 0.025 0.07265625
0 0.7484375 0.325 0.0265625 0.0609375
0 0.80078125 0.40234375 0.0390625 0.0953125
0 0.8890625 0.35546875 0.0328125 0.08359375
0 0.92109375 0.29296875 0.02421875 0.06640625
0 0.83203125 0.309375 0.0296875 0.05
0 0.78359375 0.2640625 0.021875 0.06328125
0 0.71796875 0.253125 0.02265625 0.06953125
0 0.56171875 0.26484375 0.025 0.03203125
0 0.625 0.2484375 0.02265625 0.05234375
0 0.63125 0.20078125 0.0171875 0.0515625
0 0.65859375 0.2109375 0.02578125 0.04375
0 0.6671875 0.16484375 0.01640625 0.04296875
0 0.69296875 0.1796875 0.01796875 0.04765625
0 0.73046875 0.1921875 0.0171875 0.0390625
0 0.77578125 0.1953125 0.01953125 0.03671875
0 0.75234375 0.21640625 0.02734375 0.059375
0 0.8140625 0.23515625 0.02109375 0.0390625
0 0.8625 0.24921875 0.0171875 0.04140625
0 0.91640625 0.25234375 0.015625 0.0515625
0 0.92734375 0.1984375 0.015625 0.04296875
0 0.88125 0.2078125 0.021875 0.05390625
0 0.8296875 0.20390625 0.01640625 0.0546875
0 0.89375 0.16875 0.01484375 0.0421875
0 0.92890625 0.15078125 0.0140625 0.02265625
0 0.8640625 0.121875 0.0140625 0.03984375
0 0.8484375 0.15859375 0.0140625 0.05
0 0.83203125 0.1375 0.01796875 0.03828125
0 0.8359375 0.1125 0.01171875 0.03828125
0 0.8140625 0.1546875 0.0125 0.04375
0 0.778125 0.15390625 0.01484375 0.03828125
0 0.7734375 0.12890625 0.02421875 0.0328125
0 0.75234375 0.14375 0.01953125 0.0421875
0 0.7390625 0.11796875 0.01171875 0.040625
0 0.37265625 0.275 0.0234375 0.0390625
0 0.34375 0.271875 0.02109375 0.0328125
0 0.30625 0.26015625 0.02734375 0.0390625
0 0.284375 0.246875 0.015625 0.0328125
0 0.27421875 0.25078125 0.01484375 0.0484375
0 0.47421875 0.2234375 0.028125 0.03203125
0 0.44375 0.2171875 0.0328125 0.03515625
0 0.3984375 0.225 0.02265625 0.0390625
0 0.3796875 0.20703125 0.01875 0.03203125
0 0.36875 0.19375 0.01875 0.0421875
0 0.703125 0.10546875 0.0125 0.04375
0 0.67265625 0.096875 0.0140625 0.0140625
0 0.6390625 0.125 0.01796875 0.0296875
0 0.62734375 0.1 0.0109375 0.02109375
0 0.61953125 0.14140625 0.01640625 0.02421875
0 0.5796875 0.16640625 0.01484375 0.0375
0 0.58828125 0.13828125 0.01484375 0.03984375
0 0.5828125 0.1078125 0.0125 0.028125
0 0.596875 0.09609375 0.0171875 0.021875
0 0.56484375 0.09609375 0.01484375 0.0125
0 0.53515625 0.13359375 0.01328125 0.0265625
0 0.51171875 0.11953125 0.01875 0.01796875
0 0.51875 0.15078125 0.0125 0.0390625
0 0.53359375 0.190625 0.01953125 0.04140625
0 0.5140625 0.17734375 0.01796875 0.02578125
0 0.4984375 0.1921875 0.01875 0.0484375
0 0.4703125 0.1828125 0.01640625 0.028125
0 0.47734375 0.16328125 0.025 0.0234375
0 0.47265625 0.1421875 0.0140625 0.01875
0 0.45703125 0.1765625 0.0171875 0.03359375
0 0.428125 0.1671875 0.0234375 0.03125
0 0.40625 0.1796875 0.0109375 0.04375
0 0.11015625 0.52578125 0.07421875 0.15078125