0 0.79375 0.4875 0.0546875 0.11953125
0 0.703125 0.465625 0.05390625 0.11796875
0 0.6953125 0.17734375 0.0234375 0.04609375
0 0.61640625 0.175 0.02421875 0.0390625
0 0.57890625 0.16328125 0.02109375 0.04296875
0 0.55078125 0.17421875 0.0234375 0.04296875
0 0.60078125 0.10703125 0.0140625 0.0375
0 0.521875 0.18671875 0.0234375 0.040625
0 0.50390625 0.15703125 0.0203125 0.040625
0 0.48203125 0.15546875 0.01796875 0.0359375
0 0.46171875 0.1640625 0.01875 0.0390625
0 0.42890625 0.16328125 0.01953125 0.04453125
0 0.23671875 0.11953125 0.025 0.0390625