0 0.18359375 0.4859375 0.04609375 0.065625
0 0.39140625 0.2796875 0.028125 0.0375
0 0.4 0.221875 0.025 0.0453125
0 0.45546875 0.2203125 0.0203125 0.05078125
0 0.36640625 0.190625 0.01953125 0.0421875
0 0.41328125 0.16328125 0.02421875 0.0375
0 0.484375 0.14296875 0.0265625 0.03984375
0 0.5109375 0.1296875 0.01875 0.04296875
0 0.5375 0.1171875 0.01328125 0.04375
0 0.5640625 0.12890625 0.01171875 0.05078125
0 0.584375 0.1296875 0.0125 0.046875
0 0.5640625 0.1875 0.01953125 0.0484375
0 0.83984375 0.12265625 0.0296875 0.0234375
0 0.8796875 0.1390625 0.01015625 0.02734375
0 0.8953125 0.15546875 0.01796875 0.0390625
0 0.92421875 0.14609375 0.01953125 0.046875
0 0.89453125 0.28359375 0.03828125 0.05
0 0.815625 0.3046875 0.0375 0.0375
0 0.7671875 0.28359375 0.025 0.0421875
0 0.70703125 0.26015625 0.02734375 0.0625
0 0.69609375 0.3109375 0.0390625 0.04609375
0 0.65 0.22109375 0.034375 0.03984375
0 0.61640625 0.2609375 0.04609375 0.0515625
0 0.53359375 0.33046875 0.03046875 0.046875
0 0.4734375 0.33671875 0.0296875 0.03828125