0 0.090625 0.27890625 0.03203125 0.04921875
0 0.9171875 0.3296875 0.0296875 0.05078125
0 0.9234375 0.2609375 0.0203125 0.040625
0 0.94765625 0.22890625 0.02109375 0.0328125
0 0.93671875 0.2109375 0.0109375 0.034375
0 0.9546875 0.20078125 0.01796875 0.028125
0 0.915625 0.153125 0.0140625 0.02734375
0 0.90390625 0.18125 0.015625 0.03515625
0 0.890625 0.23203125 0.02265625 0.0375
0 0.878125 0.16953125 0.0125 0.03203125
0 0.86796875 0.1921875 0.01953125 0.04296875
0 0.85859375 0.159375 0.01484375 0.03046875
0 0.8359375 0.14296875 0.0125 0.028125
0 0.8359375 0.18125 0.01875 0.0265625
0 0.79921875 0.17421875 0.01875 0.028125
0 0.8265625 0.265625 0.0203125 0.046875
0 0.84375 0.22265625 0.01953125 0.03984375
0 0.7953125 0.29453125 0.03125 0.06015625
0 0.796875 0.21640625 0.02265625 0.046875
0 0.7515625 0.38046875 0.0328125 0.0671875
0 0.69765625 0.31015625 0.0296875 0.06015625
0 0.80625 0.14140625 0.01171875 0.03046875
0 0.77109375 0.24921875 0.021875 0.0515625
0 0.73671875 0.24296875 0.02578125 0.04609375
0 0.7578125 0.2 0.01875 0.03828125
0 0.7640625 0.1390625 0.01640625 0.040625
0 0.78515625 0.13671875 0.015625 0.02890625
0 0.74140625 0.17578125 0.015625 0.03203125
0 0.7890625 0.153125 0.01171875 0.0265625
0 0.7375 0.15078125 0.0140625 0.02734375
0 0.71953125 0.18671875 0.01640625 0.03671875
0 0.68671875 0.225 0.01953125 0.03671875
0 0.69453125 0.26171875 0.02578125 0.03828125
0 0.71171875 0.12109375 0.01328125 0.03203125
0 0.68984375 0.115625 0.0109375 0.021875
0 0.67421875 0.18515625 0.0203125 0.0328125
0 0.70390625 0.18671875 0.0171875 0.03046875
0 0.640625 0.25390625 0.0234375 0.0484375
0 0.64609375 0.1625 0.01171875 0.03203125
0 0.659375 0.153125 0.015625 0.02578125
0 0.684375 0.1390625 0.01328125 0.02890625
0 0.6671875 0.12578125 0.01171875 0.025
0 0.6453125 0.1234375 0.0140625 0.02421875
0 0.62890625 0.140625 0.0125 0.03125
0 0.62734375 0.2125 0.01875 0.03359375
0 0.6140625 0.1296875 0.01875 0.03203125
0 0.61015625 0.16640625 0.0171875 0.0328125
0 0.596875 0.2328125 0.02109375 0.04375
0 0.5796875 0.1421875 0.015625 0.0234375
0 0.5640625 0.1890625 0.01796875 0.03984375
0 0.54296875 0.16015625 0.0171875 0.0328125
0 0.52890625 0.1796875 0.01640625 0.034375
0 0.50546875 0.1828125 0.01640625 0.03359375
0 0.4875 0.15546875 0.009375 0.028125
0 0.52265625 0.14453125 0.0171875 0.02890625
0 0.290625 0.2328125 0.0296875 0.04140625
0 0.35859375 0.19140625 0.01875 0.03046875
0 0.3875 0.175 0.01640625 0.034375
0 0.40859375 0.17265625 0.015625 0.034375
0 0.42578125 0.17265625 0.015625 0.025
0 0.446875 0.1671875 0.015625 0.03125
0 0.43046875 0.2015625 0.02578125 0.03125
0 0.4625 0.2109375 0.01875 0.03125
0 0.4125 0.2390625 0.01875 0.03984375
0 0.45 0.24765625 0.01953125 0.046875
0 0.38125 0.2359375 0.0171875 0.03828125
0 0.33515625 0.19453125 0.01640625 0.034375
0 0.359375 0.228125 0.0203125 0.034375
0 0.33671875 0.22890625 0.021875 0.03125