0 0.98359375 0.29296875 0.01875 0.0421875
0 0.953125 0.27109375 0.0125 0.04609375
0 0.90390625 0.24609375 0.0140625 0.03984375
0 0.875 0.26015625 0.01484375 0.040625
0 0.846875 0.234375 0.0171875 0.04375
0 0.81328125 0.21796875 0.01875 0.046875
0 0.78203125 0.23359375 0.01484375 0.03828125
0 0.75078125 0.21640625 0.0171875 0.0390625
0 0.77421875 0.20625 0.0125 0.0453125
0 0.90546875 0.2859375 0.01328125 0.03359375
0 0.93359375 0.2984375 0.01328125 0.0375
0 0.92734375 0.3578125 0.01953125 0.059375
0 0.8875 0.32421875 0.021875 0.04609375
0 0.97734375 0.35625 0.015625 0.0453125
0 0.97890625 0.4015625 0.01796875 0.04140625
0 0.82421875 0.25234375 0.015625 0.04296875
0 0.8015625 0.2734375 0.01796875 0.04765625
0 0.7453125 0.25390625 0.0171875 0.05
0 0.7 0.240625 0.01875 0.05078125
0 0.665625 0.25234375 0.02109375 0.0515625
0 0.72421875 0.2875 0.02265625 0.053125
0 0.75234375 0.3203125 0.0203125 0.05625
0 0.81796875 0.325 0.02109375 0.06640625
0 0.8671875 0.3765625 0.0203125 0.06171875
0 0.8875 0.4390625 0.0203125 0.06484375
0 0.96015625 0.48515625 0.02109375 0.07109375
0 0.95078125 0.41640625 0.01875 0.06171875
0 0.86875 0.52265625 0.03125 0.0921875
0 0.80078125 0.47734375 0.03125 0.09140625
0 0.725 0.43046875 0.03125 0.07578125
0 0.6609375 0.43515625 0.02734375 0.07109375
0 0.6078125 0.3953125 0.0265625 0.07109375
0 0.57578125 0.36484375 0.02734375 0.07265625
0 0.61640625 0.32578125 0.02578125 0.0671875
0 0.715625 0.17578125 0.0171875 0.04609375
0 0.6890625 0.17578125 0.015625 0.03984375
0 0.65703125 0.1671875 0.015625 0.04453125
0 0.6671875 0.1484375 0.01328125 0.03671875
0 0.63125 0.14765625 0.015625 0.04140625
0 0.6015625 0.13203125 0.015625 0.0390625
0 0.66015625 0.20859375 0.015625 0.03828125
0 0.6109375 0.2 0.01171875 0.04609375
0 0.62109375 0.22421875 0.015625 0.03828125
0 0.5734375 0.15390625 0.01484375 0.0421875
0 0.553125 0.15 0.0171875 0.03984375
0 0.55703125 0.17890625 0.015625 0.03359375
0 0.51953125 0.19375 0.01953125 0.05
0 0.47890625 0.196875 0.01796875 0.0484375
0 0.49453125 0.22734375 0.0171875 0.05
0 0.43359375 0.1828125 0.0171875 0.0421875
0 0.48984375 0.17578125 0.01328125 0.04140625
0 0.42890625 0.2125 0.0171875 0.046875
0 0.075 0.6484375 0.053125 0.11015625
0 0.4703125 0.27421875 0.02421875 0.05625
0 0.38828125 0.209375 0.01640625 0.04453125
0 0.36171875 0.22109375 0.01640625 0.03828125
0 0.34765625 0.240625 0.01796875 0.046875
0 0.31015625 0.22734375 0.015625 0.0453125
0 0.27265625 0.2609375 0.01875 0.04921875
0 0.29296875 0.26875 0.01875 0.04765625
0 0.32578125 0.253125 0.02109375 0.05390625
0 0.3671875 0.28828125 0.01875 0.06015625
0 0.3953125 0.27734375 0.01796875 0.05078125
0 0.43671875 0.3296875 0.021875 0.0546875
0 0.22734375 0.31953125 0.02265625 0.053125
0 0.215625 0.28984375 0.01484375 0.03828125