0 0.190625 0.46015625 0.0421875 0.10078125
0 0.8875 0.47890625 0.03828125 0.1015625
0 0.9 0.20859375 0.01796875 0.04296875
0 0.8296875 0.16875 0.01640625 0.04453125
0 0.77265625 0.1171875 0.01875 0.03984375
0 0.734375 0.15390625 0.0171875 0.02734375
0 0.709375 0.15234375 0.025 0.028125
0 0.8234375 0.12421875 0.02109375 0.025
0 0.80546875 0.26640625 0.03359375 0.059375
0 0.740625 0.2609375 0.0296875 0.04375
0 0.68359375 0.25 0.025 0.046875
0 0.4875 0.321875 0.034375 0.06015625
0 0.58828125 0.159375 0.015625 0.03359375
0 0.57109375 0.14921875 0.0125 0.03828125
0 0.5484375 0.13515625 0.01796875 0.0265625
0 0.5375 0.20859375 0.02109375 0.04296875
0 0.49921875 0.14453125 0.02109375 0.0296875
0 0.4703125 0.14609375 0.0125 0.02421875
0 0.4890625 0.1875 0.01171875 0.0296875
0 0.45703125 0.178125 0.01953125 0.03515625
0 0.45703125 0.2265625 0.01640625 0.040625
0 0.43125 0.21484375 0.015625 0.034375
0 0.43828125 0.2671875 0.01640625 0.04453125
0 0.37265625 0.2609375 0.0140625 0.04765625
0 0.33046875 0.25859375 0.01875 0.0390625