0 0.11484375 0.56484375 0.053125 0.11953125
0 0.98125 0.2671875 0.0171875 0.04296875
0 0.9515625 0.25859375 0.01328125 0.0390625
0 0.9359375 0.2765625 0.01796875 0.03984375
0 0.89453125 0.2828125 0.01796875 0.040625
0 0.91171875 0.2609375 0.0125 0.0421875
0 0.87578125 0.2421875 0.01640625 0.0453125
0 0.78359375 0.18125 0.01875 0.0421875
0 0.8140625 0.2 0.0171875 0.046875
0 0.82890625 0.22578125 0.02265625 0.046875
0 0.78125 0.21328125 0.01796875 0.0546875
0 0.925 0.32578125 0.0203125 0.0546875
0 0.95703125 0.36796875 0.0203125 0.05703125
0 0.97890625 0.36796875 0.01875 0.04765625
0 0.96015625 0.43046875 0.02421875 0.065625
0 0.87578125 0.41796875 0.0265625 0.06640625
0 0.86171875 0.37890625 0.02265625 0.0578125
0 0.8203125 0.3015625 0.02265625 0.059375
0 0.79765625 0.265625 0.0203125 0.04921875
0 0.76015625 0.2328125 0.01875 0.0515625
0 0.71953125 0.22421875 0.01953125 0.04609375
0 0.76953125 0.2875 0.0234375 0.05703125
0 0.709375 0.29296875 0.02265625 0.04765625
0 0.6671875 0.26328125 0.025 0.0609375
0 0.61796875 0.2921875 0.0234375 0.06875
0 0.8625 0.51875 0.03359375 0.07578125
0 0.790625 0.42734375 0.03671875 0.075
0 0.72890625 0.39453125 0.02890625 0.06875
0 0.66328125 0.40390625 0.03125 0.059375
0 0.615625 0.36328125 0.02890625 0.06484375
0 0.5578125 0.34453125 0.028125 0.05859375
0 0.22890625 0.27734375 0.02421875 0.046875
0 0.440625 0.3125 0.02109375 0.04375
0 0.37734375 0.271875 0.02265625 0.05234375
0 0.3375 0.23671875 0.01875 0.05
0 0.3125 0.2453125 0.01953125 0.04375
0 0.26796875 0.25390625 0.021875 0.04296875
0 0.35859375 0.21640625 0.015625 0.040625
0 0.40703125 0.240625 0.015625 0.04765625
0 0.47890625 0.2515625 0.0203125 0.0484375
0 0.7125 0.16640625 0.0171875 0.0375
0 0.69140625 0.16171875 0.0140625 0.03515625
0 0.66953125 0.1375 0.015625 0.0390625
0 0.63984375 0.1328125 0.01484375 0.0359375
0 0.603125 0.13828125 0.01796875 0.03671875
0 0.5859375 0.1453125 0.01484375 0.03671875
0 0.6734375 0.1859375 0.01015625 0.028125
0 0.628125 0.2015625 0.0171875 0.04375
0 0.6140625 0.18984375 0.0125 0.02265625
0 0.58671875 0.18203125 0.0125 0.028125
0 0.5578125 0.16328125 0.0140625 0.03359375
0 0.55703125 0.22421875 0.01640625 0.0484375
0 0.53046875 0.1671875 0.015625 0.03515625
0 0.5015625 0.16328125 0.01328125 0.03046875
0 0.48671875 0.17421875 0.01484375 0.0328125
0 0.503125 0.2109375 0.01796875 0.0359375
0 0.43984375 0.1984375 0.0171875 0.04140625
0 0.396875 0.20859375 0.015625 0.0390625
0 0.42265625 0.18125 0.0140625 0.0265625
0 0.3796875 0.2046875 0.01875 0.03515625