0 0.22265625 0.33984375 0.04140625 0.090625
0 0.12890625 0.2484375 0.01796875 0.04453125
0 0.2578125 0.20859375 0.021875 0.02890625
0 0.27265625 0.159375 0.0265625 0.02734375
0 0.35 0.11953125 0.01796875 0.0296875
0 0.3859375 0.11796875 0.02578125 0.0234375
0 0.33828125 0.22890625 0.0203125 0.0359375
0 0.38515625 0.228125 0.02265625 0.040625
0 0.4078125 0.2625 0.02421875 0.0328125
0 0.4765625 0.18046875 0.0203125 0.0546875
0 0.50859375 0.1875 0.01640625 0.04296875
0 0.54375 0.18515625 0.0234375 0.04453125
0 0.496875 0.128125 0.015625 0.0265625
0 0.46328125 0.10390625 0.0125 0.03828125
0 0.40234375 0.19296875 0.00859375 0.01875
0 0.421875 0.21484375 0.01953125 0.025
0 0.4265625 0.1671875 0.0203125 0.02890625
0 0.4234375 0.14140625 0.01640625 0.0296875
0 0.50625 0.11328125 0.0125 0.03984375
0 0.52109375 0.11875 0.01171875 0.02421875
0 0.5359375 0.13515625 0.01171875 0.0234375
0 0.5484375 0.11640625 0.0125 0.0234375
0 0.59375 0.12421875 0.015625 0.03515625
0 0.571875 0.08828125 0.0109375 0.03359375
0 0.6 0.08046875 0.01796875 0.02890625
0 0.6203125 0.12421875 0.0109375 0.0296875
0 0.6359375 0.08984375 0.0125 0.0359375
0 0.65390625 0.0796875 0.01953125 0.03671875
0 0.68984375 0.06640625 0.01953125 0.028125
0 0.7265625 0.06484375 0.0125 0.03359375
0 0.75546875 0.0796875 0.02109375 0.0421875
0 0.775 0.0921875 0.0203125 0.0421875
0 0.70859375 0.1046875 0.01328125 0.0171875
0 0.6625 0.121875 0.01953125 0.0390625
0 0.61875 0.23828125 0.0375 0.0546875
0 0.5609375 0.2734375 0.02890625 0.034375
0 0.66953125 0.25859375 0.02109375 0.05703125
0 0.68203125 0.2140625 0.0265625 0.05859375
0 0.73828125 0.2515625 0.03046875 0.06953125
0 0.76640625 0.2453125 0.021875 0.04140625
0 0.79765625 0.18359375 0.02890625 0.05
0 0.8421875 0.21640625 0.03359375 0.0453125
0 0.9125 0.3140625 0.0359375 0.0578125
0 0.69765625 0.1734375 0.0171875 0.02890625
0 0.70546875 0.159375 0.00859375 0.02421875
0 0.7796875 0.15078125 0.015625 0.025
0 0.83359375 0.16484375 0.00859375 0.0359375
0 0.8625 0.16875 0.01953125 0.0234375
0 0.8765625 0.2421875 0.01640625 0.03984375
0 0.88671875 0.21328125 0.01328125 0.0359375
0 0.9171875 0.24921875 0.01953125 0.0359375
0 0.93046875 0.21171875 0.01328125 0.0390625
0 0.96484375 0.1640625 0.015625 0.03125
0 0.946875 0.1328125 0.015625 0.04375
0 0.909375 0.109375 0.015625 0.034375
0 0.86953125 0.115625 0.02265625 0.03828125
0 0.84609375 0.09765625 0.0203125 0.03671875
0 0.8171875 0.12109375 0.0171875 0.034375
0 0.8015625 0.13359375 0.01015625 0.02890625
0 0.978125 0.1265625 0.009375 0.02890625