0 0.253125 0.35625 0.03828125 0.090625
0 0.203125 0.3140625 0.03125 0.07734375
0 0.12421875 0.2671875 0.01953125 0.0453125
0 0.09453125 0.2828125 0.02109375 0.04765625
0 0.34375 0.221875 0.021875 0.03359375
0 0.4265625 0.23046875 0.02265625 0.0484375
0 0.45703125 0.209375 0.0203125 0.046875
0 0.48515625 0.23359375 0.025 0.046875
0 0.51875 0.184375 0.01953125 0.046875
0 0.5515625 0.20078125 0.02265625 0.04453125
0 0.58984375 0.18046875 0.025 0.03828125
0 0.62265625 0.1484375 0.02578125 0.03671875
0 0.6375 0.25390625 0.0234375 0.05078125
0 0.725 0.290625 0.028125 0.06484375
0 0.84296875 0.3484375 0.028125 0.05234375
0 0.834375 0.234375 0.01953125 0.05078125
0 0.9375 0.16875 0.015625 0.0390625
0 0.90546875 0.13515625 0.0171875 0.03828125
0 0.92890625 0.2921875 0.021875 0.0359375