0 0.184375 0.24921875 0.02578125 0.04453125
0 0.2671875 0.225 0.02421875 0.05546875
0 0.30859375 0.2109375 0.02109375 0.05078125
0 0.33984375 0.18671875 0.01953125 0.03203125
0 0.32578125 0.21953125 0.021875 0.0546875
0 0.3515625 0.259375 0.0328125 0.0625
0 0.3953125 0.16953125 0.02890625 0.05
0 0.39140625 0.209375 0.0234375 0.04609375
0 0.43046875 0.1890625 0.025 0.065625
0 0.484375 0.17421875 0.0265625 0.053125
0 0.55078125 0.20078125 0.03203125 0.0703125
0 0.62265625 0.25078125 0.034375 0.05859375