0 0.06953125 0.5015625 0.05078125 0.1
0 0.91875 0.26953125 0.02734375 0.0515625
0 0.9203125 0.1953125 0.0125 0.0359375
0 0.9265625 0.16015625 0.01484375 0.0390625
0 0.896875 0.13125 0.01328125 0.03515625
0 0.86796875 0.1296875 0.01328125 0.03203125
0 0.88828125 0.1703125 0.0140625 0.0328125
0 0.86484375 0.1578125 0.02109375 0.034375
0 0.88671875 0.2046875 0.0140625 0.03359375
0 0.8484375 0.17109375 0.0140625 0.01796875
0 0.84296875 0.196875 0.01328125 0.03046875
0 0.86484375 0.22265625 0.01640625 0.028125
0 0.77734375 0.27421875 0.02890625 0.03515625
0 0.709375 0.29296875 0.0390625 0.0609375
0 0.67109375 0.32109375 0.02734375 0.05859375
0 0.66875 0.2609375 0.0265625 0.04296875
0 0.60703125 0.26640625 0.01484375 0.03828125
0 0.59765625 0.215625 0.0140625 0.03828125
0 0.56796875 0.2484375 0.02265625 0.04296875
0 0.5703125 0.36328125 0.02421875 0.05625
0 0.5296875 0.32109375 0.025 0.05234375
0 0.48515625 0.29453125 0.034375 0.05859375
0 0.65859375 0.21328125 0.0171875 0.04765625
0 0.69921875 0.221875 0.0234375 0.040625
0 0.75703125 0.22890625 0.021875 0.0484375
0 0.73359375 0.19375 0.01875 0.04296875
0 0.68671875 0.18046875 0.01796875 0.04375
0 0.6484375 0.178125 0.01640625 0.03984375
0 0.68515625 0.1484375 0.02109375 0.03984375
0 0.70625 0.1328125 0.0140625 0.0390625
0 0.72578125 0.159375 0.0109375 0.0421875
0 0.753125 0.15546875 0.01875 0.0328125
0 0.7953125 0.178125 0.015625 0.03359375
0 0.81328125 0.16875 0.0125 0.040625
0 0.8265625 0.140625 0.01171875 0.03828125
0 0.8125 0.1234375 0.0140625 0.03359375
0 0.7890625 0.1296875 0.0125 0.0265625
0 0.784375 0.1109375 0.009375 0.02890625
0 0.76171875 0.128125 0.01875 0.03125
0 0.746875 0.128125 0.009375 0.02890625
0 0.7375 0.12578125 0.01484375 0.0296875
0 0.6984375 0.0953125 0.01875 0.0203125
0 0.66953125 0.12578125 0.01484375 0.025
0 0.64609375 0.11875 0.0140625 0.02890625
0 0.6390625 0.1 0.0171875 0.02421875
0 0.6109375 0.11328125 0.01875 0.0203125
0 0.62109375 0.140625 0.01640625 0.0265625
0 0.61484375 0.096875 0.01171875 0.0203125
0 0.58671875 0.1109375 0.01328125 0.034375
0 0.55703125 0.1125 0.01484375 0.01953125
0 0.57578125 0.165625 0.01328125 0.03046875
0 0.5484375 0.1578125 0.01875 0.03359375
0 0.52578125 0.140625 0.01484375 0.034375
0 0.52734375 0.21875 0.01875 0.0453125
0 0.48671875 0.20390625 0.0171875 0.03125
0 0.5046875 0.16640625 0.0203125 0.03828125
0 0.478125 0.1625 0.021875 0.02421875
0 0.484375 0.1375 0.01171875 0.02578125
0 0.4578125 0.15859375 0.01171875 0.0328125
0 0.45234375 0.14453125 0.00859375 0.0265625
0 0.46875 0.20078125 0.015625 0.02578125
0 0.46484375 0.2390625 0.0140625 0.03828125
0 0.44296875 0.2015625 0.02109375 0.03203125
0 0.42265625 0.18359375 0.01484375 0.03125
0 0.4109375 0.1765625 0.01171875 0.02890625
0 0.38125 0.19921875 0.02265625 0.03359375
0 0.4125 0.221875 0.02734375 0.02734375
0 0.40703125 0.28359375 0.01875 0.0484375
0 0.3765625 0.234375 0.0203125 0.0390625
0 0.3515625 0.23671875 0.01953125 0.0375
0 0.34609375 0.20546875 0.0171875 0.034375
0 0.31328125 0.2296875 0.0203125 0.03515625
0 0.334375 0.290625 0.02265625 0.0515625
0 0.30859375 0.284375 0.01953125 0.0390625
0 0.29921875 0.25859375 0.0203125 0.02734375
0 0.25859375 0.27890625 0.0171875 0.04375
0 0.28359375 0.278125 0.01484375 0.0390625