0 0.821875 0.453125 0.04921875 0.09921875
0 0.13984375 0.29921875 0.02109375 0.0546875
0 0.146875 0.265625 0.02109375 0.0390625
0 0.0703125 0.246875 0.02109375 0.0375
0 0.06640625 0.2203125 0.02109375 0.03671875
0 0.08671875 0.21640625 0.0140625 0.0296875
0 0.1046875 0.16875 0.01484375 0.03515625
0 0.09609375 0.15078125 0.01484375 0.034375
0 0.13203125 0.14765625 0.01796875 0.0328125
0 0.15546875 0.1484375 0.01328125 0.021875
0 0.15234375 0.19765625 0.0265625 0.053125
0 0.1921875 0.16875 0.01484375 0.04609375
0 0.21015625 0.13203125 0.015625 0.021875
0 0.2234375 0.15859375 0.01640625 0.02734375
0 0.22265625 0.2 0.0171875 0.0359375
0 0.2296875 0.2265625 0.015625 0.040625
0 0.22421875 0.27734375 0.028125 0.053125
0 0.27265625 0.29296875 0.02265625 0.059375
0 0.3140625 0.24765625 0.0234375 0.04375
0 0.28203125 0.22265625 0.02265625 0.0453125
0 0.26015625 0.196875 0.015625 0.03125
0 0.27421875 0.16796875 0.0140625 0.0359375
0 0.29453125 0.19609375 0.01953125 0.03984375
0 0.30234375 0.146875 0.0109375 0.03359375
0 0.284375 0.14609375 0.0109375 0.02421875
0 0.26484375 0.1140625 0.01171875 0.025
0 0.24140625 0.1421875 0.01953125 0.03984375
0 0.228125 0.121875 0.01328125 0.021875
0 0.328125 0.171875 0.015625 0.0265625
0 0.3328125 0.1984375 0.01875 0.0328125
0 0.37421875 0.18828125 0.01640625 0.03515625
0 0.3671875 0.24609375 0.01953125 0.05234375
0 0.39140625 0.3453125 0.02578125 0.06328125
0 0.44453125 0.3046875 0.03359375 0.05703125
0 0.440625 0.24453125 0.0203125 0.0390625
0 0.48984375 0.290625 0.021875 0.059375
0 0.315625 0.1171875 0.01328125 0.0296875
0 0.34609375 0.1140625 0.01328125 0.025
0 0.35390625 0.13203125 0.01640625 0.0265625
0 0.38046875 0.14921875 0.0140625 0.03046875
0 0.39453125 0.14296875 0.01328125 0.03046875
0 0.384375 0.115625 0.009375 0.02890625
0 0.42734375 0.11328125 0.01640625 0.0296875
0 0.42734375 0.14296875 0.0109375 0.02421875
0 0.40703125 0.165625 0.0171875 0.0390625
0 0.44140625 0.16171875 0.0171875 0.03125
0 0.4640625 0.21015625 0.0171875 0.04609375
0 0.48671875 0.1828125 0.01640625 0.03046875
0 0.475 0.1609375 0.01484375 0.0296875
0 0.50859375 0.125 0.01328125 0.02578125
0 0.5109375 0.16171875 0.0109375 0.03125
0 0.53515625 0.15078125 0.01640625 0.03203125
0 0.55078125 0.1828125 0.01484375 0.02890625
0 0.521875 0.22578125 0.021875 0.03984375
0 0.54375 0.2203125 0.01328125 0.03828125
0 0.58359375 0.19140625 0.01328125 0.03984375
0 0.603125 0.28671875 0.0203125 0.03671875
0 0.59765625 0.2203125 0.01484375 0.0515625
0 0.61328125 0.18984375 0.01640625 0.02890625
0 0.6359375 0.1890625 0.0140625 0.03046875
0 0.653125 0.20859375 0.0109375 0.0296875
0 0.671875 0.20234375 0.009375 0.0171875
0 0.6296875 0.29296875 0.0171875 0.03515625
0 0.64453125 0.26015625 0.0203125 0.03828125
0 0.6609375 0.2515625 0.01328125 0.03515625
0 0.67578125 0.24140625 0.01796875 0.0375
0 0.72265625 0.27109375 0.01796875 0.0296875
0 0.7359375 0.26640625 0.01796875 0.0375