0 0.16484375 0.478125 0.04765625 0.1109375
0 0.228125 0.34453125 0.0171875 0.0390625
0 0.25390625 0.3546875 0.01875 0.04765625
0 0.28125 0.30859375 0.01796875 0.0375
0 0.28125 0.3734375 0.0234375 0.04609375
0 0.325 0.37734375 0.021875 0.04765625
0 0.34765625 0.296875 0.01640625 0.03359375
0 0.378125 0.28515625 0.01796875 0.034375
0 0.3484375 0.33203125 0.01796875 0.04375
0 0.3765625 0.3421875 0.01953125 0.05078125
0 0.40390625 0.34453125 0.021875 0.0484375
0 0.43984375 0.3453125 0.02265625 0.04765625
0 0.43046875 0.3125 0.01875 0.04765625
0 0.40078125 0.2984375 0.01796875 0.0359375
0 0.42421875 0.28125 0.01328125 0.034375
0 0.39921875 0.26171875 0.01171875 0.02890625
0 0.4421875 0.25625 0.01484375 0.02890625
0 0.45546875 0.23359375 0.01484375 0.03203125
0 0.490625 0.284375 0.015625 0.0328125
0 0.51015625 0.30859375 0.015625 0.0421875
0 0.51875 0.296875 0.01171875 0.03125
0 0.49375 0.26171875 0.01640625 0.0265625
0 0.5046875 0.24296875 0.0171875 0.03203125
0 0.53125 0.2515625 0.0140625 0.0359375
0 0.4578125 0.3171875 0.02265625 0.04140625
0 0.49453125 0.33203125 0.01875 0.04453125
0 0.48359375 0.39296875 0.0296875 0.06484375
0 0.5171875 0.3703125 0.0234375 0.05625
0 0.5265625 0.40703125 0.02578125 0.06015625
0 0.5484375 0.228125 0.0125 0.02421875
0 0.55625 0.2203125 0.01484375 0.0265625
0 0.5953125 0.2171875 0.01640625 0.02734375
0 0.5875 0.253125 0.0140625 0.03515625
0 0.5609375 0.2875 0.01796875 0.03203125
0 0.55234375 0.26484375 0.0140625 0.028125
0 0.5828125 0.328125 0.02421875 0.04140625
0 0.61484375 0.2984375 0.02109375 0.0453125
0 0.6234375 0.25390625 0.01796875 0.03359375
0 0.6203125 0.23359375 0.0171875 0.0328125
0 0.653125 0.2375 0.0140625 0.034375
0 0.63828125 0.2265625 0.0140625 0.0265625
0 0.6625 0.23203125 0.01484375 0.03203125
0 0.68125 0.25390625 0.01875 0.03359375
0 0.65390625 0.27421875 0.01796875 0.034375
0 0.62890625 0.340625 0.02109375 0.04765625
0 0.60390625 0.378125 0.02421875 0.0484375
0 0.671875 0.353125 0.021875 0.04609375
0 0.64453125 0.371875 0.0296875 0.05546875
0 0.71953125 0.25078125 0.0140625 0.0296875
0 0.7015625 0.29296875 0.0203125 0.03828125
0 0.72421875 0.26796875 0.01640625 0.03671875
0 0.7296875 0.2359375 0.015625 0.034375
0 0.75625 0.24375 0.01875 0.03359375
0 0.74453125 0.28984375 0.01875 0.0421875
0 0.78515625 0.24921875 0.01796875 0.034375
0 0.79375 0.27890625 0.01640625 0.03125
0 0.790625 0.31015625 0.0234375 0.04140625
0 0.8109375 0.2640625 0.0140625 0.03125
0 0.825 0.2765625 0.0171875 0.0453125
0 0.8453125 0.2625 0.01484375 0.0375
0 0.81328125 0.32421875 0.01875 0.0359375
0 0.8453125 0.3140625 0.01875 0.03671875
0 0.865625 0.28828125 0.01875 0.04140625
0 0.78515625 0.36484375 0.02109375 0.05
0 0.8046875 0.34296875 0.0203125 0.0421875
0 0.83125 0.3765625 0.02421875 0.053125
0 0.84765625 0.34765625 0.0203125 0.0484375
0 0.88046875 0.40390625 0.021875 0.05625
0 0.89765625 0.37421875 0.01953125 0.04609375
0 0.915625 0.284375 0.0125 0.0375
0 0.909375 0.321875 0.015625 0.03203125
0 0.76953125 0.42578125 0.02734375 0.0578125
0 0.71328125 0.4046875 0.03203125 0.06484375
0 0.821875 0.459375 0.03046875 0.05703125
0 0.88046875 0.475 0.02421875 0.06484375
0 0.78046875 0.55390625 0.0328125 0.07578125
0 0.69375 0.4828125 0.034375 0.078125
0 0.65078125 0.45 0.03515625 0.071875
0 0.590625 0.43515625 0.03359375 0.06875