0 0.89296875 0.57421875 0.03359375 0.09140625
0 0.9171875 0.50546875 0.0328125 0.08203125
0 0.909375 0.43828125 0.03515625 0.06796875
0 0.79921875 0.44765625 0.025 0.08359375
0 0.75546875 0.37734375 0.0296875 0.07578125
0 0.74375 0.3046875 0.02890625 0.06953125
0 0.8203125 0.28359375 0.025 0.0609375
0 0.9453125 0.21875 0.025 0.053125
0 0.93828125 0.27109375 0.025 0.0625
0 0.878125 0.234375 0.02109375 0.05390625
0 0.86015625 0.25546875 0.02421875 0.05390625
0 0.82265625 0.2421875 0.02109375 0.046875
0 0.82421875 0.1875 0.01796875 0.03984375
0 0.83984375 0.16328125 0.0203125 0.03984375
0 0.80078125 0.19296875 0.01953125 0.046875
0 0.790625 0.1375 0.01796875 0.05703125
0 0.775 0.1390625 0.01796875 0.05
0 0.74453125 0.128125 0.0203125 0.0484375
0 0.634375 0.0921875 0.01640625 0.0390625
0 0.7015625 0.20625 0.021875 0.0484375
0 0.6953125 0.175 0.02734375 0.0359375
0 0.646875 0.21171875 0.01875 0.0484375
0 0.675 0.240625 0.0234375 0.0515625
0 0.69296875 0.14375 0.0171875 0.03359375
0 0.5875 0.090625 0.01640625 0.0359375
0 0.565625 0.08671875 0.015625 0.0421875
0 0.615625 0.1875 0.02109375 0.04765625
0 0.58828125 0.178125 0.0171875 0.05078125
0 0.51484375 0.09140625 0.02421875 0.03671875
0 0.47265625 0.0828125 0.0171875 0.03203125
0 0.4796875 0.11328125 0.02109375 0.03125
0 0.50625 0.12421875 0.0203125 0.04375
0 0.52734375 0.140625 0.02109375 0.03515625
0 0.52265625 0.17265625 0.02421875 0.03671875
0 0.49765625 0.17734375 0.0234375 0.03671875
0 0.50546875 0.23125 0.028125 0.05
0 0.534375 0.28671875 0.02578125 0.05390625
0 0.4328125 0.1796875 0.02578125 0.03671875
0 0.421875 0.21484375 0.028125 0.04453125
0 0.41953125 0.14921875 0.0203125 0.034375
0 0.396875 0.15 0.01875 0.04375
0 0.40703125 0.10078125 0.01875 0.0296875
0 0.37265625 0.11328125 0.03359375 0.04453125
0 0.35234375 0.1625 0.025 0.0328125
0 0.36640625 0.26015625 0.034375 0.05390625
0 0.43125 0.3203125 0.03203125 0.05703125
0 0.425 0.478125 0.03203125 0.0703125
0 0.215625 0.37734375 0.03203125 0.05625
0 0.31171875 0.34609375 0.025 0.0671875
0 0.28671875 0.27890625 0.02890625 0.05
0 0.29375 0.23203125 0.0171875 0.04765625
0 0.27890625 0.22109375 0.02109375 0.04921875
0 0.265625 0.20703125 0.02265625 0.053125
0 0.22109375 0.21484375 0.021875 0.0484375
0 0.18125 0.24609375 0.02109375 0.04453125
0 0.14140625 0.2828125 0.0234375 0.046875
0 0.07265625 0.36640625 0.02734375 0.065625