0 0.06328125 0.43046875 0.0390625 0.1078125
0 0.096875 0.42109375 0.0484375 0.11328125
0 0.159375 0.31328125 0.02578125 0.07265625
0 0.31953125 0.22265625 0.021875 0.053125
0 0.33515625 0.23203125 0.0203125 0.0453125
0 0.353125 0.2328125 0.0296875 0.06640625
0 0.3890625 0.2 0.02265625 0.05078125
0 0.51328125 0.278125 0.0265625 0.0546875
0 0.540625 0.29609375 0.02890625 0.05625
0 0.546875 0.3609375 0.040625 0.08515625
0 0.58515625 0.35859375 0.04921875 0.090625
0 0.60703125 0.31171875 0.0328125 0.06640625
0 0.66953125 0.26015625 0.02734375 0.06796875
0 0.571875 0.1390625 0.02734375 0.06015625
0 0.61640625 0.19296875 0.02421875 0.04296875
0 0.62734375 0.1375 0.02109375 0.04921875
0 0.6296875 0.0578125 0.01875 0.028125
0 0.6765625 0.1078125 0.02265625 0.0453125
0 0.7125 0.08671875 0.0171875 0.03203125
0 0.7046875 0.1875 0.02421875 0.0453125