0 0.934375 0.1671875 0.01171875 0.025
0 0.94140625 0.2046875 0.0140625 0.03125
0 0.903125 0.215625 0.015625 0.04375
0 0.896875 0.1984375 0.0140625 0.04296875
0 0.87578125 0.17265625 0.015625 0.034375
0 0.8421875 0.159375 0.01484375 0.04296875
0 0.82734375 0.18984375 0.01328125 0.03359375
0 0.80234375 0.1765625 0.015625 0.034375
0 0.7921875 0.15703125 0.0125 0.034375
0 0.78125 0.128125 0.01640625 0.03125
0 0.7578125 0.13671875 0.01484375 0.02734375
0 0.7578125 0.16640625 0.0171875 0.02890625
0 0.79453125 0.21015625 0.0171875 0.04375
0 0.86015625 0.19453125 0.01640625 0.0375
0 0.72109375 0.15625 0.01640625 0.0265625
0 0.71640625 0.18359375 0.0203125 0.03828125
0 0.6640625 0.18671875 0.01796875 0.03984375
0 0.75625 0.196875 0.0171875 0.03671875
0 0.734375 0.184375 0.01640625 0.03203125
0 0.83984375 0.2234375 0.015625 0.040625
0 0.88515625 0.2359375 0.015625 0.03984375
0 0.93046875 0.25 0.01640625 0.0359375
0 0.925 0.3203125 0.0265625 0.0546875
0 0.878125 0.271875 0.02265625 0.04921875
0 0.846875 0.30703125 0.02578125 0.0578125
0 0.82265625 0.265625 0.0234375 0.04921875
0 0.7453125 0.265625 0.02421875 0.0515625
0 0.628125 0.21875 0.0203125 0.0421875
0 0.61015625 0.2484375 0.025 0.05625
0 0.55859375 0.275 0.02421875 0.05390625
0 0.62890625 0.28984375 0.028125 0.05859375
0 0.65859375 0.38046875 0.03203125 0.06953125
0 0.7484375 0.453125 0.0609375 0.1234375
0 0.703125 0.1171875 0.01640625 0.0359375
0 0.68125 0.1265625 0.0125 0.03046875
0 0.65546875 0.11015625 0.01328125 0.03203125
0 0.59921875 0.1078125 0.0125 0.02109375
0 0.621875 0.1015625 0.01015625 0.01875
0 0.6046875 0.1296875 0.0140625 0.0265625
0 0.62421875 0.12421875 0.01171875 0.02109375
0 0.6203125 0.1484375 0.0140625 0.02734375
0 0.60234375 0.16328125 0.01796875 0.03203125
0 0.5765625 0.1421875 0.0140625 0.034375
0 0.56171875 0.13203125 0.0109375 0.02578125
0 0.49765625 0.12265625 0.01171875 0.028125
0 0.5359375 0.1625 0.015625 0.025
0 0.534375 0.196875 0.01953125 0.03671875
0 0.5546875 0.16875 0.015625 0.0390625
0 0.4984375 0.225 0.01953125 0.0453125
0 0.475 0.18046875 0.01796875 0.0421875
0 0.46484375 0.1640625 0.015625 0.0359375
0 0.4265625 0.165625 0.01484375 0.03203125
0 0.415625 0.16640625 0.01640625 0.0328125
0 0.37890625 0.19765625 0.02265625 0.0390625
0 0.46015625 0.21875 0.01875 0.040625
0 0.4328125 0.21015625 0.01640625 0.03671875
0 0.41875 0.20546875 0.015625 0.0390625
0 0.41484375 0.2640625 0.01953125 0.0421875
0 0.390625 0.240625 0.0140625 0.034375