0 0.075 0.275 0.03515625 0.0640625
0 0.90703125 0.3125 0.0375 0.06953125
0 0.91796875 0.253125 0.01953125 0.0546875
0 0.94375 0.2375 0.01640625 0.040625
0 0.93203125 0.2015625 0.01015625 0.04453125
0 0.94609375 0.1875 0.015625 0.0296875
0 0.9046875 0.1375 0.02109375 0.0203125
0 0.90390625 0.18203125 0.025 0.03125
0 0.89453125 0.20078125 0.01015625 0.03984375
0 0.8859375 0.22109375 0.01640625 0.0359375
0 0.871875 0.1546875 0.01796875 0.0359375
0 0.85234375 0.14921875 0.01171875 0.025
0 0.8640625 0.1890625 0.01171875 0.04140625
0 0.83515625 0.1515625 0.01171875 0.02265625
0 0.8265625 0.1765625 0.01640625 0.04375
0 0.85234375 0.21328125 0.01796875 0.04453125
0 0.83984375 0.21171875 0.0140625 0.03671875
0 0.8140625 0.19609375 0.01875 0.03984375
0 0.79453125 0.20546875 0.01640625 0.0359375
0 0.82578125 0.25859375 0.02890625 0.06171875
0 0.7640625 0.2390625 0.01796875 0.0515625
0 0.78984375 0.2828125 0.025 0.059375
0 0.7421875 0.3703125 0.03046875 0.06875
0 0.6875 0.30703125 0.025 0.0671875
0 0.6828125 0.24453125 0.03125 0.06015625
0 0.7265625 0.23828125 0.03125 0.05625
0 0.67734375 0.21640625 0.0203125 0.04921875
0 0.6359375 0.24609375 0.0328125 0.046875
0 0.58828125 0.22578125 0.0234375 0.0453125
0 0.61796875 0.2015625 0.02109375 0.0390625
0 0.65859375 0.175 0.01953125 0.028125
0 0.709375 0.17265625 0.0234375 0.03515625
0 0.75078125 0.1859375 0.02265625 0.03828125
0 0.734375 0.1671875 0.015625 0.05078125
0 0.69609375 0.16875 0.01328125 0.021875
0 0.73125 0.14296875 0.01171875 0.0421875
0 0.7578125 0.13125 0.0109375 0.04453125
0 0.78203125 0.1453125 0.0140625 0.0328125
0 0.79375 0.165625 0.01171875 0.03125
0 0.79765625 0.1390625 0.01015625 0.03046875
0 0.7765625 0.1265625 0.01328125 0.0328125
0 0.703125 0.1078125 0.0140625 0.0296875
0 0.68046875 0.1 0.01640625 0.01328125
0 0.6765625 0.12890625 0.015625 0.02421875
0 0.659375 0.11328125 0.0140625 0.03125
0 0.65234375 0.0984375 0.0140625 0.028125
0 0.63359375 0.1125 0.0140625 0.0265625
0 0.646875 0.13046875 0.0140625 0.01953125
0 0.6296875 0.146875 0.01953125 0.0359375
0 0.625 0.12734375 0.01484375 0.034375
0 0.61015625 0.11640625 0.0171875 0.0390625
0 0.58828125 0.134375 0.0125 0.0359375
0 0.60078125 0.15859375 0.0203125 0.03203125
0 0.575 0.134375 0.021875 0.0359375
0 0.559375 0.15546875 0.01171875 0.0328125
0 0.54375 0.1328125 0.01953125 0.02578125
0 0.54921875 0.1078125 0.01328125 0.046875
0 0.55625 0.18359375 0.01796875 0.0546875
0 0.53515625 0.15234375 0.01953125 0.03671875
0 0.51953125 0.1765625 0.01796875 0.0359375
0 0.49140625 0.178125 0.0203125 0.04609375
0 0.48984375 0.1484375 0.0171875 0.0421875
0 0.509375 0.140625 0.0203125 0.04296875
0 0.5 0.12109375 0.01484375 0.03359375
0 0.47734375 0.1421875 0.01640625 0.02890625
0 0.45703125 0.20078125 0.015625 0.03828125
0 0.4421875 0.1921875 0.02109375 0.0265625
0 0.43828125 0.153125 0.01640625 0.04765625
0 0.425 0.153125 0.0140625 0.04375
0 0.39921875 0.1640625 0.0171875 0.0375
0 0.37734375 0.16171875 0.0171875 0.02578125
0 0.41640625 0.19140625 0.01640625 0.0359375
0 0.43671875 0.23671875 0.015625 0.0421875
0 0.4078125 0.2421875 0.02890625 0.0484375
0 0.3953125 0.2 0.01875 0.05390625
0 0.36953125 0.19140625 0.01640625 0.028125
0 0.34921875 0.19453125 0.0171875 0.034375
0 0.32421875 0.17890625 0.021875 0.03515625
0 0.37421875 0.23828125 0.02578125 0.03984375
0 0.34765625 0.21796875 0.01640625 0.03515625
0 0.33203125 0.2203125 0.0171875 0.0390625
0 0.309375 0.21328125 0.01171875 0.03046875
0 0.271875 0.22265625 0.01875 0.03671875