0 0.796875 0.34375 0.05234375 0.084375
0 0.07109375 0.26484375 0.02421875 0.04296875
0 0.11796875 0.22734375 0.01484375 0.0578125
0 0.084375 0.21484375 0.0171875 0.0328125
0 0.06796875 0.20078125 0.0140625 0.0421875
0 0.05546875 0.15546875 0.015625 0.0390625
0 0.08984375 0.12890625 0.01484375 0.02265625
0 0.090625 0.16328125 0.0140625 0.03515625
0 0.11875 0.140625 0.01015625 0.02734375
0 0.128125 0.15078125 0.01171875 0.03203125
0 0.1453125 0.18125 0.01953125 0.028125
0 0.16484375 0.1625 0.0109375 0.021875
0 0.16015625 0.13828125 0.0140625 0.028125
0 0.18203125 0.13359375 0.01015625 0.02578125
0 0.17421875 0.12265625 0.0125 0.02265625
0 0.1890625 0.1734375 0.01953125 0.03515625
0 0.2203125 0.1296875 0.01328125 0.0359375
0 0.23828125 0.10625 0.01328125 0.03046875
0 0.25390625 0.11484375 0.0140625 0.0296875
0 0.240625 0.13125 0.01328125 0.03203125
0 0.27109375 0.13359375 0.009375 0.02890625
0 0.22890625 0.17890625 0.01328125 0.034375
0 0.265625 0.16796875 0.0140625 0.03515625
0 0.28828125 0.1703125 0.0171875 0.040625
0 0.3078125 0.15859375 0.0328125 0.04453125
0 0.32109375 0.19921875 0.01640625 0.05390625
0 0.27890625 0.21015625 0.02734375 0.03984375
0 0.26875 0.26328125 0.01796875 0.05234375
0 0.225 0.2796875 0.0265625 0.05
0 0.31796875 0.32734375 0.02734375 0.07265625
0 0.33203125 0.24609375 0.0234375 0.04375
0 0.3796875 0.20859375 0.0203125 0.03671875
0 0.37578125 0.2484375 0.02578125 0.05078125
0 0.4203125 0.23125 0.01875 0.04296875
0 0.37734375 0.31640625 0.0234375 0.053125
0 0.446875 0.29921875 0.02578125 0.05703125
0 0.48125 0.3 0.02578125 0.06171875
0 0.30078125 0.09921875 0.0140625 0.03671875
0 0.3234375 0.1140625 0.01171875 0.028125
0 0.3421875 0.109375 0.01875 0.01875
0 0.3734375 0.11015625 0.01875 0.02578125
0 0.375 0.146875 0.0203125 0.0390625
0 0.39609375 0.09609375 0.01484375 0.01796875
0 0.43125 0.1078125 0.01171875 0.01640625
0 0.41875 0.16796875 0.015625 0.034375
0 0.43671875 0.140625 0.0109375 0.021875
0 0.4484375 0.16015625 0.0140625 0.0375
0 0.4640625 0.1359375 0.01328125 0.0296875
0 0.47421875 0.1984375 0.0140625 0.04140625
0 0.4890625 0.190625 0.01640625 0.0296875
0 0.5046875 0.1265625 0.01328125 0.01953125
0 0.5171875 0.146875 0.0140625 0.0296875
0 0.53828125 0.14296875 0.01328125 0.0171875
0 0.53828125 0.1625 0.015625 0.021875
0 0.525 0.19375 0.01640625 0.0421875
0 0.546875 0.18203125 0.01875 0.0265625
0 0.56484375 0.16640625 0.01796875 0.0265625
0 0.56953125 0.2140625 0.0140625 0.03125
0 0.56796875 0.27734375 0.0171875 0.04921875
0 0.6125 0.21953125 0.0203125 0.03671875
0 0.60703125 0.196875 0.0296875 0.040625
0 0.640625 0.23671875 0.01484375 0.03046875
0 0.6484375 0.21484375 0.0171875 0.0265625
0 0.66796875 0.20703125 0.015625 0.03046875
0 0.6609375 0.27421875 0.02109375 0.040625
0 0.67734375 0.26171875 0.015625 0.0328125
0 0.6953125 0.2453125 0.03125 0.05078125