0 0.184375 0.4375 0.046875 0.10703125
0 0.33984375 0.25 0.02421875 0.06484375
0 0.3859375 0.2359375 0.02734375 0.0546875
0 0.44296875 0.2609375 0.0234375 0.05078125
0 0.49453125 0.2203125 0.02578125 0.05390625
0 0.5359375 0.1984375 0.03125 0.0625
0 0.51484375 0.190625 0.02265625 0.05078125
0 0.46640625 0.1875 0.02421875 0.05
0 0.4421875 0.221875 0.02578125 0.04375
0 0.4171875 0.1703125 0.0234375 0.04609375
0 0.39765625 0.19296875 0.0296875 0.03515625
0 0.36484375 0.19609375 0.0265625 0.05390625
0 0.4640625 0.1390625 0.0171875 0.04453125
0 0.50078125 0.13046875 0.0171875 0.04453125
0 0.525 0.1296875 0.0140625 0.03515625
0 0.54296875 0.12734375 0.0140625 0.02578125
0 0.5734375 0.1203125 0.021875 0.0375
0 0.61484375 0.1078125 0.015625 0.04375
0 0.6203125 0.13671875 0.015625 0.03203125
0 0.58359375 0.1796875 0.01640625 0.06484375
0 0.58203125 0.2640625 0.0328125 0.071875
0 0.6328125 0.2578125 0.021875 0.05390625
0 0.66796875 0.26875 0.02734375 0.05859375
0 0.6234375 0.1984375 0.0203125 0.03203125
0 0.653125 0.184375 0.0171875 0.05625
0 0.6953125 0.20546875 0.0296875 0.05546875
0 0.69921875 0.17578125 0.0234375 0.03046875
0 0.75 0.17421875 0.01875 0.040625
0 0.71875 0.23515625 0.02421875 0.053125
0 0.7640625 0.24453125 0.02109375 0.0546875
0 0.76953125 0.28828125 0.03203125 0.0625
0 0.80234375 0.31015625 0.0234375 0.05390625
0 0.83046875 0.30390625 0.0234375 0.07265625
0 0.8609375 0.2828125 0.028125 0.0828125
0 0.915625 0.35546875 0.04296875 0.06484375
0 0.92890625 0.309375 0.03203125 0.06171875
0 0.93125 0.2078125 0.02421875 0.04140625
0 0.9453125 0.18203125 0.02265625 0.04296875
0 0.8953125 0.22578125 0.021875 0.06875
0 0.86640625 0.19296875 0.0234375 0.0390625
0 0.84140625 0.17578125 0.015625 0.03515625
0 0.85234375 0.21640625 0.0296875 0.0453125
0 0.834375 0.2328125 0.01953125 0.04375