0 0.19765625 0.4328125 0.053125 0.1140625
0 0.23359375 0.35703125 0.04453125 0.08984375
0 0.26171875 0.23515625 0.0296875 0.05703125
0 0.33046875 0.28203125 0.028125 0.05546875
0 0.42890625 0.28671875 0.02734375 0.0578125
0 0.478125 0.31171875 0.03046875 0.04296875
0 0.38046875 0.18828125 0.02578125 0.040625
0 0.42421875 0.2140625 0.02734375 0.034375
0 0.45 0.2171875 0.021875 0.05078125
0 0.44765625 0.1875 0.0125 0.0390625
0 0.47265625 0.20078125 0.0109375 0.0359375
0 0.48125 0.16875 0.01875 0.0328125
0 0.46640625 0.15703125 0.01875 0.02578125
0 0.45078125 0.1515625 0.01953125 0.03515625
0 0.4828125 0.13125 0.01953125 0.02109375
0 0.53203125 0.128125 0.0203125 0.04296875
0 0.5546875 0.14921875 0.01328125 0.03671875
0 0.57734375 0.153125 0.01875 0.028125
0 0.57109375 0.10078125 0.01875 0.04921875
0 0.6421875 0.10078125 0.01484375 0.05234375
0 0.68125 0.09140625 0.01640625 0.0390625
0 0.721875 0.08125 0.01484375 0.0234375
0 0.75 0.10078125 0.01328125 0.034375
0 0.8171875 0.1234375 0.015625 0.03671875
0 0.68203125 0.15546875 0.0171875 0.04609375
0 0.709375 0.14453125 0.0109375 0.04375
0 0.73203125 0.15625 0.0140625 0.04765625
0 0.74375 0.13828125 0.02109375 0.0390625
0 0.7578125 0.17265625 0.02890625 0.02734375
0 0.80703125 0.1875 0.0171875 0.0359375
0 0.85078125 0.190625 0.0234375 0.02890625
0 0.875 0.22578125 0.01875 0.04375
0 0.77734375 0.296875 0.02578125 0.04453125
0 0.71953125 0.275 0.03125 0.06171875
0 0.66171875 0.24375 0.028125 0.0609375
0 0.60625 0.2390625 0.025 0.03671875
0 0.525 0.20859375 0.01953125 0.04453125
0 0.51015625 0.17109375 0.01484375 0.03671875