0 0.43046875 0.20546875 0.021875 0.04296875
0 0.46484375 0.20859375 0.01796875 0.03984375
0 0.61015625 0.1109375 0.01484375 0.03515625
0 0.65546875 0.128125 0.01484375 0.0375
0 0.66953125 0.1546875 0.01328125 0.04765625
0 0.62421875 0.14609375 0.02109375 0.03125
0 0.7546875 0.15 0.01484375 0.03046875
0 0.77265625 0.153125 0.0171875 0.0359375
0 0.9453125 0.19609375 0.01796875 0.028125
0 0.87421875 0.19140625 0.01796875 0.03359375
0 0.9234375 0.25625 0.021875 0.03359375
0 0.896875 0.22109375 0.01484375 0.0375
0 0.89375 0.259375 0.025 0.0390625
0 0.82578125 0.26484375 0.02578125 0.05