0 0.9484375 0.40234375 0.02421875 0.06328125
0 0.39453125 0.32421875 0.02421875 0.06640625
0 0.43125 0.2984375 0.03125 0.06015625
0 0.5046875 0.2953125 0.02578125 0.0578125
0 0.3015625 0.28828125 0.021875 0.05078125
0 0.24140625 0.2921875 0.0328125 0.0546875
0 0.1578125 0.3234375 0.02578125 0.06484375
0 0.08671875 0.259375 0.0265625 0.04140625
0 0.1453125 0.24140625 0.028125 0.04609375
0 0.115625 0.2046875 0.01875 0.04453125
0 0.12265625 0.16640625 0.009375 0.021875
0 0.15859375 0.16328125 0.0140625 0.02109375
0 0.1609375 0.18828125 0.01484375 0.02890625
0 0.17734375 0.21015625 0.01640625 0.0390625
0 0.21796875 0.16015625 0.01484375 0.0421875
0 0.240625 0.13046875 0.00859375 0.02578125
0 0.27265625 0.11875 0.01328125 0.028125
0 0.25390625 0.13671875 0.01328125 0.02578125
0 0.28046875 0.17265625 0.01484375 0.028125
0 0.23671875 0.16484375 0.01640625 0.03828125
0 0.234375 0.21640625 0.01796875 0.0359375
0 0.30703125 0.1828125 0.01484375 0.04453125
0 0.2921875 0.15390625 0.0125 0.02890625
0 0.30546875 0.15234375 0.01171875 0.0234375
0 0.275 0.23671875 0.01953125 0.04921875
0 0.27109375 0.19921875 0.01640625 0.03046875
0 0.346875 0.2875 0.0265625 0.05546875
0 0.38203125 0.246875 0.01875 0.065625
0 0.346875 0.2125 0.02265625 0.04140625
0 0.3453125 0.18203125 0.0171875 0.0328125
0 0.425 0.2234375 0.0203125 0.053125
0 0.3921875 0.2046875 0.0171875 0.04140625
0 0.41875 0.1671875 0.015625 0.03359375
0 0.7265625 0.26953125 0.0140625 0.0359375
0 0.61640625 0.30703125 0.025 0.0453125
0 0.64375 0.2921875 0.01796875 0.0515625
0 0.68671875 0.24765625 0.01640625 0.05078125
0 0.6734375 0.21484375 0.0125 0.03203125
0 0.64609375 0.22578125 0.01953125 0.04140625
0 0.6078125 0.21953125 0.01875 0.03515625
0 0.5484375 0.22109375 0.02109375 0.040625
0 0.528125 0.2296875 0.01875 0.04609375
0 0.47890625 0.221875 0.01796875 0.0390625
0 0.45234375 0.16328125 0.01328125 0.0390625
0 0.43671875 0.15078125 0.01484375 0.0296875
0 0.4359375 0.12265625 0.0125 0.03046875
0 0.35546875 0.12578125 0.01484375 0.0296875
0 0.32890625 0.12109375 0.01015625 0.03046875
0 0.54296875 0.1515625 0.01015625 0.025
0 0.50078125 0.1328125 0.01484375 0.0265625
0 0.5953125 0.18046875 0.01796875 0.03671875
0 0.61875 0.1859375 0.00859375 0.03984375
0 0.48984375 0.1890625 0.01640625 0.0328125
0 0.46875 0.165625 0.01640625 0.03671875
0 0.51875 0.19140625 0.015625 0.03828125