0 0.2 0.35625 0.06640625 0.10546875
0 0.29609375 0.25234375 0.02109375 0.04140625
0 0.31640625 0.225 0.01953125 0.03203125
0 0.340625 0.23203125 0.01875 0.03203125
0 0.346875 0.265625 0.01953125 0.0390625
0 0.375 0.228125 0.01875 0.0421875
0 0.38046875 0.20234375 0.028125 0.04140625
0 0.4171875 0.228125 0.015625 0.03359375
0 0.4515625 0.22421875 0.01875 0.0328125
0 0.421875 0.1921875 0.021875 0.04453125
0 0.45078125 0.1703125 0.015625 0.0265625
0 0.4640625 0.20625 0.0203125 0.03515625
0 0.5140625 0.21015625 0.01796875 0.0359375
0 0.42734375 0.28515625 0.025 0.05703125
0 0.47734375 0.3046875 0.0375 0.06875
0 0.540625 0.31328125 0.0296875 0.05234375
0 0.59453125 0.33203125 0.03125 0.06171875
0 0.66328125 0.33203125 0.025 0.065625
0 0.59609375 0.275 0.0265625 0.0453125
0 0.55625 0.2546875 0.02890625 0.04453125
0 0.60625 0.21171875 0.021875 0.04375
0 0.65390625 0.2125 0.02109375 0.03828125
0 0.47265625 0.17109375 0.0171875 0.0359375
0 0.48203125 0.134375 0.01484375 0.0234375
0 0.61015625 0.1515625 0.01953125 0.03515625
0 0.4984375 0.196875 0.0203125 0.0375
0 0.540625 0.17421875 0.02421875 0.0375
0 0.56640625 0.184375 0.021875 0.0359375
0 0.7609375 0.29765625 0.0375 0.0671875
0 0.70859375 0.290625 0.0421875 0.06875
0 0.703125 0.2328125 0.02578125 0.040625
0 0.68515625 0.18515625 0.0171875 0.0421875
0 0.65390625 0.13203125 0.02109375 0.034375
0 0.68359375 0.1046875 0.0234375 0.05
0 0.70859375 0.15078125 0.01796875 0.02890625
0 0.73828125 0.1875 0.01640625 0.0421875
0 0.72734375 0.16875 0.0171875 0.034375
0 0.72734375 0.1234375 0.0125 0.03046875
0 0.7421875 0.11171875 0.0140625 0.0328125
0 0.76171875 0.1375 0.0171875 0.03203125
0 0.75625 0.16953125 0.01875 0.04609375
0 0.79375 0.18125 0.021875 0.03671875
0 0.790625 0.1375 0.0234375 0.034375
0 0.8203125 0.14609375 0.0234375 0.04375
0 0.89140625 0.1390625 0.01796875 0.03671875
0 0.91953125 0.15703125 0.01796875 0.04765625
0 0.91796875 0.23203125 0.0171875 0.0359375
0 0.9046875 0.29140625 0.0234375 0.05390625
0 0.85859375 0.234375 0.0265625 0.05390625
0 0.83359375 0.1953125 0.02265625 0.053125
0 0.8625 0.15390625 0.01796875 0.03828125
0 0.740625 0.14765625 0.01484375 0.0265625
0 0.63671875 0.1046875 0.01640625 0.0328125
0 0.5859375 0.11015625 0.0203125 0.0328125
0 0.55234375 0.11953125 0.01484375 0.025
0 0.52734375 0.13359375 0.01796875 0.03203125
0 0.84609375 0.1625 0.01796875 0.03203125