0 0.8 0.4796875 0.05078125 0.09765625
0 0.12734375 0.40234375 0.0328125 0.07578125
0 0.1984375 0.36953125 0.04765625 0.06953125
0 0.321875 0.34921875 0.03984375 0.0640625
0 0.3984375 0.31171875 0.03046875 0.071875
0 0.44375 0.31640625 0.02890625 0.0484375
0 0.51875 0.3390625 0.0375 0.0609375
0 0.41484375 0.25390625 0.01640625 0.05078125
0 0.36171875 0.26015625 0.0203125 0.0484375
0 0.3390625 0.3109375 0.0265625 0.05234375
0 0.221875 0.2953125 0.021875 0.06796875
0 0.14921875 0.37734375 0.021875 0.05234375
0 0.1046875 0.30625 0.01875 0.06015625
0 0.1375 0.28125 0.02109375 0.0484375
0 0.1984375 0.2640625 0.02109375 0.040625
0 0.27890625 0.23515625 0.01953125 0.0578125
0 0.32109375 0.225 0.0296875 0.05078125
0 0.3375 0.1890625 0.021875 0.046875
0 0.37890625 0.2140625 0.03828125 0.05859375
0 0.29609375 0.17734375 0.01875 0.04453125
0 0.26796875 0.18671875 0.02578125 0.0484375
0 0.234375 0.19453125 0.02265625 0.04921875
0 0.2046875 0.2359375 0.02109375 0.0328125
0 0.17578125 0.19609375 0.01796875 0.0375
0 0.1796875 0.2359375 0.02734375 0.04140625
0 0.11484375 0.24453125 0.02265625 0.0375
0 0.08203125 0.26796875 0.02578125 0.0546875
0 0.06015625 0.23359375 0.01640625 0.03984375
0 0.059375 0.20859375 0.01640625 0.0421875
0 0.0828125 0.17421875 0.0203125 0.04140625
0 0.11328125 0.20234375 0.0203125 0.0453125
0 0.153125 0.2015625 0.01328125 0.03515625
0 0.1375 0.17421875 0.01484375 0.03203125
0 0.12421875 0.16484375 0.01484375 0.03671875
0 0.23359375 0.12890625 0.02109375 0.03359375
0 0.24765625 0.16484375 0.0234375 0.0375
0 0.30546875 0.128125 0.01328125 0.03125
0 0.3171875 0.12578125 0.0140625 0.0265625
0 0.33984375 0.11171875 0.00859375 0.01953125
0 0.3515625 0.14140625 0.01328125 0.02578125
0 0.375 0.14375 0.0203125 0.0390625
0 0.3671875 0.1234375 0.0125 0.03359375
0 0.4 0.12421875 0.0125 0.03515625
0 0.4109375 0.11875 0.0109375 0.0359375
0 0.41015625 0.14765625 0.02109375 0.0390625
0 0.440625 0.15234375 0.01640625 0.03671875
0 0.4140625 0.18125 0.0234375 0.046875
0 0.45625 0.1828125 0.02265625 0.0375
0 0.4578125 0.1421875 0.01328125 0.0390625
0 0.48203125 0.1390625 0.0140625 0.0421875
0 0.50390625 0.134375 0.0203125 0.02890625
0 0.5015625 0.16640625 0.01640625 0.0375
0 0.525 0.17421875 0.0234375 0.04453125
0 0.55234375 0.1609375 0.01171875 0.04140625
0 0.53359375 0.1421875 0.01953125 0.0328125
0 0.55546875 0.20546875 0.025 0.0328125
0 0.59375 0.22265625 0.0171875 0.059375
0 0.5765625 0.16875 0.0140625 0.0515625
0 0.58671875 0.165625 0.0140625 0.03671875
0 0.6328125 0.19609375 0.01875 0.053125
0 0.65078125 0.14765625 0.0171875 0.04453125
0 0.68203125 0.196875 0.0203125 0.0453125
0 0.68984375 0.2375 0.03125 0.05859375