0 0.18125 0.44375 0.0359375 0.08046875
0 0.190625 0.31953125 0.03515625 0.08359375
0 0.2 0.240625 0.02109375 0.053125
0 0.84765625 0.34453125 0.03046875 0.05546875
0 0.7296875 0.27265625 0.02578125 0.0609375
0 0.6390625 0.24765625 0.0265625 0.0484375
0 0.58515625 0.21328125 0.02421875 0.05078125
0 0.55234375 0.18984375 0.0234375 0.04140625
0 0.8421875 0.21015625 0.01953125 0.04140625
0 0.909375 0.12578125 0.015625 0.034375
0 0.93515625 0.16015625 0.01328125 0.025
0 0.56640625 0.1078125 0.01875 0.03828125
0 0.63203125 0.12890625 0.01328125 0.028125
0 0.50859375 0.1140625 0.0203125 0.04140625
0 0.484375 0.18203125 0.021875 0.04296875
0 0.42890625 0.22109375 0.0234375 0.04296875
0 0.35859375 0.215625 0.0203125 0.03828125
0 0.921875 0.27890625 0.03125 0.040625