0 0.75 0.17265625 0.01796875 0.0390625
0 0.796875 0.2234375 0.01953125 0.046875
0 0.5609375 0.2171875 0.021875 0.0453125
0 0.53671875 0.21640625 0.02109375 0.0421875
0 0.3875 0.1140625 0.0203125 0.03828125
0 0.3296875 0.13046875 0.01953125 0.03984375
0 0.36484375 0.14765625 0.01640625 0.0390625
0 0.3484375 0.1546875 0.0140625 0.03203125
0 0.2515625 0.15078125 0.0140625 0.0359375
0 0.234375 0.1546875 0.015625 0.0375
0 0.17890625 0.2671875 0.0203125 0.05625
0 0.13203125 0.19609375 0.0140625 0.0375
0 0.11328125 0.20859375 0.01953125 0.034375
0 0.11171875 0.25390625 0.01640625 0.0453125
0 0.0828125 0.2546875 0.0203125 0.05703125
0 0.0640625 0.203125 0.01484375 0.03984375