0 0.1265625 0.5453125 0.040625 0.0984375
0 0.80234375 0.525 0.0421875 0.07421875
0 0.68359375 0.56484375 0.028125 0.06796875
0 0.62578125 0.484375 0.03359375 0.0515625
0 0.57578125 0.459375 0.03203125 0.065625
0 0.51171875 0.46875 0.02421875 0.078125
0 0.471875 0.4265625 0.0234375 0.0640625
0 0.53046875 0.38125 0.025 0.06328125
0 0.60859375 0.3875 0.02109375 0.04609375
0 0.64609375 0.3921875 0.01953125 0.04921875
0 0.71171875 0.42578125 0.0265625 0.06484375
0 0.7640625 0.44296875 0.02578125 0.0578125
0 0.9 0.46875 0.0328125 0.06171875
0 0.8484375 0.4125 0.025 0.0515625
0 0.7953125 0.38203125 0.0203125 0.05859375
0 0.80703125 0.346875 0.021875 0.03203125
0 0.85546875 0.3609375 0.0234375 0.04453125
0 0.83203125 0.3421875 0.01796875 0.04921875
0 0.90859375 0.39296875 0.025 0.04765625
0 0.875 0.334375 0.0140625 0.03671875
0 0.89921875 0.34140625 0.01328125 0.04375
0 0.92421875 0.3265625 0.01640625 0.046875
0 0.9265625 0.30078125 0.0140625 0.0296875
0 0.8828125 0.28359375 0.015625 0.03046875
0 0.8640625 0.2703125 0.02109375 0.03359375
0 0.8421875 0.2984375 0.01640625 0.046875
0 0.83125 0.27265625 0.01640625 0.03828125
0 0.8015625 0.2546875 0.0171875 0.04140625
0 0.79921875 0.315625 0.01796875 0.04375
0 0.76015625 0.29375 0.01796875 0.0421875
0 0.7734375 0.2765625 0.0125 0.03359375
0 0.77265625 0.25546875 0.01640625 0.03515625
0 0.74765625 0.2640625 0.02421875 0.04375
0 0.7296875 0.275 0.01796875 0.03359375
0 0.7265625 0.2546875 0.01640625 0.04375
0 0.69375 0.26328125 0.01796875 0.0421875
0 0.68515625 0.321875 0.01640625 0.053125
0 0.6578125 0.28828125 0.01953125 0.05390625
0 0.63125 0.32109375 0.028125 0.06328125
0 0.6359375 0.365625 0.03046875 0.0578125
0 0.5953125 0.334375 0.01640625 0.0546875
0 0.6796875 0.2390625 0.0125 0.04140625
0 0.66328125 0.246875 0.01484375 0.0375
0 0.6578125 0.21484375 0.01796875 0.02890625
0 0.62734375 0.26171875 0.0140625 0.0328125
0 0.62109375 0.221875 0.01796875 0.0359375
0 0.60546875 0.21953125 0.01328125 0.034375
0 0.59140625 0.2359375 0.0109375 0.0328125
0 0.58984375 0.26875 0.0171875 0.04375
0 0.57109375 0.27734375 0.01953125 0.04765625
0 0.56328125 0.23046875 0.01484375 0.0265625
0 0.54609375 0.22890625 0.01171875 0.03125
0 0.54921875 0.28359375 0.015625 0.040625
0 0.5375 0.2671875 0.01484375 0.03984375
0 0.515625 0.290625 0.021875 0.034375
0 0.515625 0.25234375 0.01953125 0.04140625
0 0.4578125 0.259375 0.0109375 0.03046875
0 0.44921875 0.2828125 0.01328125 0.0234375
0 0.4921875 0.3421875 0.015625 0.06171875
0 0.46171875 0.33515625 0.0265625 0.04453125
0 0.44375 0.275 0.01953125 0.03671875
0 0.42265625 0.271875 0.0171875 0.02734375
0 0.409375 0.29296875 0.0203125 0.02734375
0 0.384375 0.2703125 0.0109375 0.02890625
0 0.44296875 0.36015625 0.021875 0.06875
0 0.40234375 0.3515625 0.01953125 0.04140625
0 0.425 0.3234375 0.0234375 0.04609375
0 0.39609375 0.31484375 0.0234375 0.0453125
0 0.35078125 0.30625 0.0171875 0.04140625
0 0.35234375 0.3484375 0.015625 0.04921875
0 0.37890625 0.36171875 0.021875 0.05625
0 0.32890625 0.3765625 0.0234375 0.04140625
0 0.28046875 0.3265625 0.02578125 0.03984375
0 0.28671875 0.384375 0.028125 0.04921875
0 0.2515625 0.38359375 0.021875 0.0609375
0 0.221875 0.3578125 0.021875 0.0640625