0 0.165625 0.48203125 0.05625 0.0546875
0 0.8828125 0.40625 0.0375 0.05703125
0 0.8125 0.35390625 0.03125 0.0640625
0 0.91328125 0.32734375 0.02890625 0.05546875
0 0.85703125 0.28046875 0.03828125 0.05390625
0 0.825 0.2484375 0.01953125 0.05234375
0 0.77734375 0.28359375 0.02734375 0.05
0 0.88984375 0.25078125 0.01796875 0.04375
0 0.9140625 0.2875 0.01875 0.02734375
0 0.93125 0.22734375 0.02109375 0.03671875
0 0.940625 0.20859375 0.01875 0.04453125
0 0.9421875 0.1578125 0.01875 0.03984375
0 0.8796875 0.209375 0.021875 0.03984375
0 0.90390625 0.18125 0.01796875 0.0265625
0 0.9078125 0.1453125 0.0171875 0.03125
0 0.9171875 0.1328125 0.0140625 0.02109375
0 0.88203125 0.1359375 0.0140625 0.0296875
0 0.87421875 0.1484375 0.01171875 0.03125
0 0.86171875 0.1515625 0.01640625 0.03046875
0 0.83984375 0.2078125 0.0171875 0.0359375
0 0.61171875 0.31640625 0.03984375 0.05390625
0 0.53671875 0.28671875 0.03828125 0.05859375
0 0.5671875 0.24140625 0.02421875 0.0546875
0 0.615625 0.24609375 0.03515625 0.05
0 0.6671875 0.2609375 0.025 0.03671875
0 0.7109375 0.21875 0.02421875 0.03671875
0 0.7578125 0.2390625 0.028125 0.05625
0 0.7828125 0.18984375 0.01953125 0.03984375
0 0.8078125 0.1765625 0.01875 0.0390625
0 0.82109375 0.15078125 0.02109375 0.0359375
0 0.84453125 0.1359375 0.01328125 0.0375
0 0.84765625 0.1171875 0.01484375 0.0234375
0 0.8171875 0.11796875 0.02109375 0.03359375
0 0.79921875 0.1109375 0.015625 0.02734375
0 0.75546875 0.10703125 0.0203125 0.021875
0 0.74765625 0.13515625 0.0140625 0.025
0 0.7875 0.14609375 0.0109375 0.03671875
0 0.734375 0.17109375 0.028125 0.040625
0 0.728125 0.125 0.0140625 0.02421875
0 0.6890625 0.15390625 0.015625 0.02890625
0 0.69453125 0.18359375 0.02109375 0.03671875
0 0.67109375 0.21640625 0.02109375 0.03828125
0 0.628125 0.19453125 0.01875 0.0375
0 0.6984375 0.10078125 0.0171875 0.0296875
0 0.6734375 0.09375 0.01640625 0.021875
0 0.67734375 0.11953125 0.0140625 0.02890625
0 0.6484375 0.11796875 0.01484375 0.028125
0 0.64609375 0.09453125 0.0171875 0.03515625
0 0.628125 0.090625 0.02421875 0.02734375
0 0.6125 0.13046875 0.01875 0.02421875
0 0.59140625 0.15703125 0.02109375 0.0390625
0 0.56796875 0.1359375 0.01875 0.04609375
0 0.59453125 0.09765625 0.0234375 0.03125
0 0.57109375 0.1109375 0.0140625 0.0296875
0 0.53671875 0.14296875 0.01796875 0.02890625
0 0.53203125 0.12109375 0.01953125 0.015625
0 0.5109375 0.12578125 0.015625 0.02265625
0 0.5359375 0.1796875 0.01796875 0.03359375
0 0.521875 0.15390625 0.01640625 0.040625
0 0.5109375 0.18828125 0.0171875 0.04140625
0 0.49765625 0.1515625 0.01796875 0.02265625
0 0.47890625 0.13515625 0.01875 0.034375
0 0.46015625 0.13671875 0.02265625 0.03671875
0 0.45234375 0.17265625 0.0140625 0.034375
0 0.440625 0.15546875 0.0140625 0.04296875
0 0.475 0.23984375 0.02109375 0.05078125
0 0.44765625 0.21015625 0.02109375 0.03515625
0 0.41171875 0.1890625 0.02109375 0.0328125
0 0.40703125 0.22109375 0.01796875 0.0421875
0 0.396875 0.2765625 0.0140625 0.04609375
0 0.38515625 0.21484375 0.0125 0.02265625
0 0.36953125 0.246875 0.02421875 0.04921875
0 0.359375 0.21484375 0.01640625 0.034375
0 0.3359375 0.2265625 0.02578125 0.040625
0 0.3265625 0.2671875 0.025 0.0375
0 0.31015625 0.225 0.01796875 0.0234375
0 0.2953125 0.26484375 0.01953125 0.06015625