0 0.9390625 0.18828125 0.02421875 0.04609375
0 0.91796875 0.24921875 0.021875 0.04296875
0 0.8859375 0.2453125 0.02265625 0.05
0 0.81640625 0.25546875 0.03046875 0.05234375
0 0.89296875 0.2125 0.015625 0.03046875
0 0.86796875 0.19375 0.01484375 0.04296875
0 0.765625 0.14140625 0.0125 0.028125
0 0.7515625 0.140625 0.01484375 0.02578125
0 0.65625 0.14296875 0.0203125 0.04375
0 0.64921875 0.125 0.0140625 0.03125
0 0.6203125 0.13671875 0.01953125 0.03125
0 0.60546875 0.1078125 0.01640625 0.02890625
0 0.4609375 0.2 0.021875 0.0375
0 0.428125 0.20078125 0.02734375 0.03984375