0 0.56953125 0.20546875 0.021875 0.04296875
0 0.53515625 0.20859375 0.01796875 0.03984375
0 0.38984375 0.1109375 0.01484375 0.03515625
0 0.34453125 0.128125 0.01484375 0.0375
0 0.33046875 0.1546875 0.01328125 0.04765625
0 0.37578125 0.14609375 0.02109375 0.03125
0 0.2453125 0.15 0.01484375 0.03046875
0 0.22734375 0.153125 0.0171875 0.0359375
0 0.0546875 0.19609375 0.01796875 0.028125
0 0.12578125 0.19140625 0.01796875 0.03359375
0 0.0765625 0.25625 0.021875 0.03359375
0 0.103125 0.22109375 0.01484375 0.0375
0 0.10625 0.259375 0.025 0.0390625
0 0.17421875 0.26484375 0.02578125 0.05