0 0.1671875 0.36484375 0.04921875 0.08203125
0 0.31171875 0.234375 0.0203125 0.05546875
0 0.32421875 0.19453125 0.015625 0.0453125
0 0.35 0.19609375 0.015625 0.0390625
0 0.41484375 0.15390625 0.01875 0.028125
0 0.415625 0.17578125 0.01015625 0.0203125
0 0.41484375 0.20546875 0.01796875 0.04296875
0 0.44296875 0.203125 0.0171875 0.04453125
0 0.56171875 0.18828125 0.02421875 0.02734375
0 0.590625 0.17578125 0.01640625 0.04375
0 0.546875 0.171875 0.01171875 0.03671875
0 0.5296875 0.15859375 0.01484375 0.02890625
0 0.503125 0.15 0.025 0.02890625
0 0.453125 0.15859375 0.01640625 0.03125
0 0.471875 0.19296875 0.0125 0.0484375
0 0.48046875 0.15234375 0.0109375 0.034375
0 0.48828125 0.1453125 0.0109375 0.02578125
0 0.4640625 0.1296875 0.0171875 0.02265625
0 0.5140625 0.11796875 0.009375 0.03046875
0 0.525 0.1328125 0.015625 0.0234375
0 0.53125 0.12109375 0.0171875 0.0234375
0 0.54765625 0.12109375 0.01328125 0.02734375
0 0.54921875 0.1390625 0.0109375 0.0328125
0 0.57421875 0.13125 0.0140625 0.03203125
0 0.5921875 0.14609375 0.015625 0.03671875
0 0.58671875 0.1046875 0.01328125 0.03671875
0 0.60078125 0.11484375 0.0125 0.0328125
0 0.61875 0.10390625 0.01171875 0.0296875
0 0.6265625 0.096875 0.01328125 0.03125
0 0.63203125 0.14609375 0.01328125 0.03828125
0 0.65390625 0.11171875 0.0125 0.0203125
0 0.65234375 0.13515625 0.01328125 0.02734375
0 0.6671875 0.13828125 0.015625 0.0328125
0 0.69921875 0.12578125 0.01953125 0.0453125
0 0.68359375 0.12421875 0.0140625 0.04296875
0 0.50625 0.29453125 0.0203125 0.05859375
0 0.59609375 0.303125 0.03046875 0.065625
0 0.58203125 0.27421875 0.02421875 0.0546875
0 0.61171875 0.25390625 0.02265625 0.05390625
0 0.58203125 0.22734375 0.0171875 0.04765625
0 0.63984375 0.209375 0.02109375 0.046875
0 0.66953125 0.2125 0.01875 0.0359375
0 0.6859375 0.26171875 0.02890625 0.0421875
0 0.6890625 0.32421875 0.03203125 0.0625
0 0.7390625 0.35703125 0.03125 0.0671875
0 0.82578125 0.3546875 0.0265625 0.08046875
0 0.88984375 0.409375 0.03984375 0.08046875
0 0.91015625 0.3234375 0.02578125 0.0515625
0 0.84453125 0.3 0.025 0.04453125
0 0.76015625 0.2734375 0.0328125 0.05859375
0 0.7140625 0.2234375 0.02109375 0.02890625
0 0.66875 0.1796875 0.0125 0.034375
0 0.6921875 0.1703125 0.02265625 0.0421875
0 0.71015625 0.203125 0.015625 0.040625
0 0.74140625 0.17421875 0.01328125 0.04453125
0 0.7140625 0.16953125 0.015625 0.04140625
0 0.746875 0.1203125 0.01796875 0.02578125
0 0.74765625 0.14609375 0.01171875 0.021875
0 0.7796875 0.12890625 0.0140625 0.02734375
0 0.790625 0.153125 0.01875 0.04453125
0 0.77578125 0.16796875 0.015625 0.03203125
0 0.78828125 0.19609375 0.01953125 0.0421875
0 0.81328125 0.1828125 0.01875 0.04921875
0 0.82578125 0.171875 0.0203125 0.0390625
0 0.8359375 0.14921875 0.015625 0.04453125
0 0.8796875 0.15 0.0125 0.04296875
0 0.86640625 0.1734375 0.01796875 0.03046875
0 0.85390625 0.1921875 0.02265625 0.04296875
0 0.8375 0.2125 0.0171875 0.03828125
0 0.94453125 0.16484375 0.01796875 0.05
0 0.9171875 0.16171875 0.015625 0.03203125
0 0.90390625 0.178125 0.01640625 0.02421875
0 0.95234375 0.20546875 0.02578125 0.03046875
0 0.93203125 0.225 0.01640625 0.0359375
0 0.9109375 0.24375 0.02578125 0.04609375
0 0.8875 0.196875 0.02265625 0.046875
0 0.8765625 0.2234375 0.0265625 0.0484375
0 0.8734375 0.26484375 0.0234375 0.05703125
0 0.93984375 0.28125 0.03125 0.04765625
0 0.8015625 0.26015625 0.02734375 0.05390625
0 0.503125 0.20859375 0.01640625 0.04609375
0 0.8671875 0.153125 0.01328125 0.0296875