0 0.80234375 0.4578125 0.04921875 0.07734375
0 0.0734375 0.2375 0.01796875 0.0390625
0 0.1203125 0.22109375 0.01953125 0.04296875
0 0.08671875 0.3359375 0.028125 0.06484375
0 0.1296875 0.28125 0.02734375 0.04609375
0 0.14296875 0.40078125 0.03125 0.06640625
0 0.17734375 0.40859375 0.03203125 0.059375
0 0.1609375 0.31796875 0.02265625 0.0515625
0 0.1921875 0.25546875 0.0234375 0.04375
0 0.25390625 0.39765625 0.03125 0.0625
0 0.21328125 0.32265625 0.028125 0.0578125
0 0.19296875 0.203125 0.02109375 0.03828125
0 0.22890625 0.24453125 0.02109375 0.0515625
0 0.2734375 0.28359375 0.0265625 0.05078125
0 0.3359375 0.36796875 0.0296875 0.065625
0 0.3203125 0.27109375 0.02734375 0.0578125
0 0.284375 0.23203125 0.01953125 0.0390625
0 0.18828125 0.153125 0.015625 0.03359375
0 0.21328125 0.15703125 0.015625 0.03515625
0 0.23359375 0.15 0.015625 0.02578125
0 0.24140625 0.17734375 0.0171875 0.03671875
0 0.25234375 0.2046875 0.0203125 0.03671875
0 0.271875 0.14921875 0.01640625 0.0359375
0 0.3171875 0.1875 0.01875 0.03671875
0 0.37109375 0.2546875 0.025 0.05078125
0 0.40390625 0.3484375 0.0203125 0.0546875
0 0.29453125 0.1921875 0.01953125 0.04296875
0 0.290625 0.11015625 0.0109375 0.028125
0 0.30703125 0.10546875 0.0125 0.025
0 0.32734375 0.0984375 0.01015625 0.0234375
0 0.3484375 0.140625 0.0125 0.028125
0 0.33828125 0.11953125 0.01328125 0.02578125
0 0.3640625 0.2109375 0.0171875 0.03828125
0 0.4296875 0.25 0.02109375 0.04765625
0 0.45546875 0.28984375 0.025 0.06484375
0 0.49296875 0.284375 0.02265625 0.06171875
0 0.41640625 0.171875 0.015625 0.0359375
0 0.38203125 0.15546875 0.0171875 0.03125
0 0.43984375 0.16015625 0.0203125 0.034375
0 0.44453125 0.19609375 0.01875 0.04296875
0 0.41484375 0.12890625 0.01484375 0.02578125
0 0.38671875 0.121875 0.01796875 0.03359375
0 0.4546875 0.12578125 0.01484375 0.02421875
0 0.475 0.1359375 0.0125 0.02578125
0 0.4890625 0.14140625 0.0125 0.02890625
0 0.50546875 0.13359375 0.01328125 0.021875
0 0.5265625 0.171875 0.01875 0.03359375
0 0.5515625 0.15546875 0.01484375 0.03359375
0 0.5828125 0.15546875 0.01484375 0.025
0 0.52265625 0.228125 0.02109375 0.04375
0 0.58671875 0.1875 0.0140625 0.03359375
0 0.57109375 0.21015625 0.0203125 0.03125
0 0.559375 0.24765625 0.0234375 0.040625
0 0.4953125 0.1890625 0.0203125 0.0390625
0 0.61015625 0.20859375 0.0171875 0.03359375
0 0.63203125 0.1953125 0.01640625 0.03515625
0 0.65546875 0.19453125 0.01484375 0.040625
0 0.66953125 0.19140625 0.015625 0.03515625
0 0.66796875 0.23828125 0.0125 0.0375
0 0.68984375 0.25 0.015625 0.0375
0 0.7046875 0.2265625 0.01796875 0.0359375
0 0.64375 0.2359375 0.01796875 0.0390625