0 0.7921875 0.3578125 0.05546875 0.0984375
0 0.0921875 0.384375 0.0359375 0.08046875
0 0.18125 0.35078125 0.0328125 0.07265625
0 0.2546875 0.3296875 0.034375 0.0875
0 0.31171875 0.309375 0.0328125 0.08046875
0 0.32265625 0.26484375 0.02265625 0.05234375
0 0.221875 0.27890625 0.02734375 0.0625
0 0.19296875 0.26328125 0.02578125 0.05703125
0 0.15859375 0.28984375 0.03046875 0.0515625
0 0.1265625 0.2734375 0.0296875 0.05703125
0 0.0765625 0.27578125 0.03125 0.04921875
0 0.11796875 0.2296875 0.0234375 0.05078125
0 0.1546875 0.21328125 0.02109375 0.053125
0 0.20390625 0.20078125 0.01953125 0.0609375
0 0.2203125 0.1828125 0.01640625 0.04375
0 0.1984375 0.159375 0.01640625 0.0359375
0 0.171875 0.1640625 0.01953125 0.04296875
0 0.159375 0.1515625 0.01953125 0.0421875
0 0.1359375 0.18203125 0.01640625 0.0359375
0 0.12109375 0.1328125 0.01328125 0.01796875
0 0.12578125 0.1578125 0.0140625 0.0328125
0 0.10625 0.18671875 0.01796875 0.04296875
0 0.08671875 0.171875 0.0171875 0.0359375
0 0.05546875 0.17109375 0.02109375 0.03359375
0 0.06796875 0.1859375 0.01796875 0.02734375
0 0.27578125 0.22578125 0.0296875 0.04296875
0 0.2859375 0.18203125 0.021875 0.0390625
0 0.2171875 0.13359375 0.015625 0.03828125
0 0.2359375 0.13671875 0.01328125 0.04921875
0 0.24609375 0.1265625 0.01484375 0.0359375
0 0.259375 0.16875 0.0171875 0.0453125
0 0.365625 0.29921875 0.03046875 0.07734375
0 0.38203125 0.24609375 0.021875 0.05234375
0 0.41015625 0.275 0.02578125 0.065625
0 0.43125 0.2453125 0.02421875 0.04921875
0 0.4703125 0.278125 0.02421875 0.053125
0 0.325 0.20859375 0.02265625 0.05
0 0.3671875 0.19296875 0.0203125 0.05546875
0 0.29375 0.15234375 0.0171875 0.02421875
0 0.29921875 0.12578125 0.01875 0.03203125
0 0.3265625 0.16875 0.01953125 0.03671875
0 0.35625 0.146875 0.0171875 0.03515625
0 0.33125 0.1109375 0.01328125 0.034375
0 0.353125 0.10234375 0.015625 0.02890625
0 0.37734375 0.103125 0.01640625 0.025
0 0.41328125 0.10859375 0.01640625 0.03125
0 0.40546875 0.14453125 0.02109375 0.03828125
0 0.41796875 0.18515625 0.021875 0.0375
0 0.43359375 0.146875 0.015625 0.04140625
0 0.453125 0.12734375 0.015625 0.025
0 0.44765625 0.16875 0.01796875 0.04453125
0 0.465625 0.14765625 0.01484375 0.0328125
0 0.4640625 0.18828125 0.01875 0.04296875
0 0.48515625 0.1296875 0.02265625 0.025
0 0.49609375 0.121875 0.0125 0.03203125
0 0.5109375 0.13671875 0.01640625 0.0328125
0 0.49453125 0.15859375 0.01328125 0.04140625
0 0.51171875 0.16484375 0.0171875 0.0375
0 0.5078125 0.2109375 0.02265625 0.0484375
0 0.5328125 0.1453125 0.01640625 0.04140625
0 0.5515625 0.17578125 0.01875 0.0453125
0 0.55 0.2140625 0.025 0.03984375
0 0.57421875 0.1765625 0.02265625 0.040625
0 0.5734375 0.14296875 0.01953125 0.03515625
0 0.590625 0.20859375 0.0296875 0.05
0 0.646875 0.19609375 0.02265625 0.0453125
0 0.67421875 0.19296875 0.0203125 0.03515625
0 0.68359375 0.23125 0.021875 0.04921875