0 0.25703125 0.353125 0.059375 0.0984375
0 0.42421875 0.26328125 0.0296875 0.06953125
0 0.4046875 0.23515625 0.01875 0.04453125
0 0.465625 0.20390625 0.02578125 0.04765625
0 0.41875 0.2140625 0.02890625 0.0515625
0 0.39140625 0.2046875 0.0109375 0.02734375
0 0.37578125 0.203125 0.015625 0.0375
0 0.36875 0.190625 0.0125 0.03515625
0 0.37578125 0.16640625 0.0109375 0.0203125
0 0.35 0.16953125 0.01015625 0.0234375
0 0.3546875 0.2671875 0.01875 0.040625
0 0.346875 0.22734375 0.0265625 0.03984375
0 0.32890625 0.2125 0.01953125 0.0328125
0 0.3046875 0.23359375 0.0234375 0.03828125
0 0.284375 0.23515625 0.01953125 0.05546875
0 0.4015625 0.16875 0.02109375 0.03984375
0 0.425 0.18671875 0.0234375 0.03359375
0 0.45234375 0.190625 0.01484375 0.0375
0 0.475 0.18046875 0.0234375 0.04296875
0 0.51484375 0.19296875 0.02734375 0.05703125
0 0.56015625 0.1921875 0.02578125 0.03828125
0 0.5828125 0.1703125 0.01875 0.05078125
0 0.56640625 0.16171875 0.02421875 0.03046875
0 0.53671875 0.16796875 0.02578125 0.0515625
0 0.4953125 0.15390625 0.025 0.040625
0 0.4640625 0.1578125 0.03046875 0.0375
0 0.43984375 0.16796875 0.01796875 0.04375
0 0.41953125 0.15546875 0.021875 0.03828125
0 0.4765625 0.13203125 0.015625 0.021875
0 0.5 0.115625 0.01875 0.03203125
0 0.51640625 0.140625 0.02265625 0.03359375
0 0.5515625 0.11953125 0.01875 0.02109375
0 0.53984375 0.13203125 0.0203125 0.03046875
0 0.5671875 0.1265625 0.021875 0.02578125
0 0.60390625 0.11484375 0.0140625 0.02265625
0 0.61328125 0.08828125 0.0140625 0.02890625
0 0.596875 0.13671875 0.0171875 0.0296875
0 0.6015625 0.1609375 0.01953125 0.0328125
0 0.62265625 0.134375 0.01796875 0.04375
0 0.63125 0.11640625 0.009375 0.03046875
0 0.653125 0.10078125 0.0171875 0.03125
0 0.65546875 0.10625 0.0203125 0.0390625
0 0.6765625 0.10859375 0.0109375 0.02109375
0 0.69296875 0.11953125 0.01484375 0.040625
0 0.71015625 0.11015625 0.0203125 0.0328125
0 0.65 0.13125 0.0265625 0.0359375
0 0.6421875 0.16484375 0.02421875 0.0375
0 0.56640625 0.253125 0.025 0.06328125
0 0.60703125 0.225 0.01953125 0.0390625
0 0.6703125 0.1828125 0.0171875 0.0421875
0 0.71875 0.19140625 0.0234375 0.053125
0 0.6984375 0.178125 0.02265625 0.03828125
0 0.73671875 0.1390625 0.02265625 0.028125
0 0.7546875 0.12734375 0.02109375 0.03671875
0 0.7859375 0.1203125 0.015625 0.03359375
0 0.77734375 0.15 0.0203125 0.03515625
0 0.73828125 0.1703125 0.01640625 0.02578125
0 0.746875 0.1953125 0.02421875 0.04453125
0 0.80703125 0.134375 0.00625 0.01328125
0 0.825 0.13984375 0.0171875 0.046875
0 0.790625 0.18203125 0.021875 0.04609375
0 0.85546875 0.14296875 0.0171875 0.03046875
0 0.84296875 0.16796875 0.01953125 0.046875
0 0.834375 0.18046875 0.02578125 0.0375
0 0.8203125 0.196875 0.01796875 0.0390625
0 0.80078125 0.2046875 0.02734375 0.04609375
0 0.846875 0.2265625 0.025 0.04140625
0 0.8671875 0.18359375 0.0109375 0.05546875
0 0.875 0.15859375 0.01953125 0.05859375
0 0.91328125 0.16328125 0.02421875 0.0484375
0 0.90546875 0.18984375 0.02578125 0.0453125
0 0.9484375 0.1953125 0.01953125 0.03515625
0 0.9390625 0.20546875 0.01796875 0.03984375
0 0.93046875 0.22421875 0.01953125 0.02890625
0 0.9359375 0.26640625 0.02578125 0.0421875
0 0.8984375 0.2171875 0.0328125 0.0421875
0 0.8921875 0.25 0.0390625 0.06328125
0 0.9171875 0.36171875 0.0328125 0.06015625
0 0.840625 0.25703125 0.02734375 0.0546875
0 0.78828125 0.30703125 0.0265625 0.07890625
0 0.7609375 0.24453125 0.02578125 0.046875
0 0.728125 0.23359375 0.028125 0.06484375
0 0.665625 0.25625 0.03046875 0.05
0 0.6390625 0.26953125 0.03203125 0.065625
0 0.609375 0.27109375 0.03203125 0.0578125
0 0.66484375 0.33828125 0.0421875 0.0640625
0 0.74296875 0.37578125 0.05390625 0.0875