0 0.76796875 0.56328125 0.07890625 0.1765625
0 0.89765625 0.42734375 0.03984375 0.1265625
0 0.84296875 0.3640625 0.02734375 0.0859375
0 0.73984375 0.3609375 0.03359375 0.0734375
0 0.74921875 0.2828125 0.0265625 0.0625
0 0.83515625 0.23125 0.02109375 0.05234375
0 0.7609375 0.2 0.0140625 0.03359375
0 0.73125 0.20703125 0.0203125 0.03359375
0 0.6796875 0.196875 0.01640625 0.0421875
0 0.60234375 0.1578125 0.01328125 0.04296875
0 0.54375 0.1921875 0.01796875 0.04609375
0 0.67109375 0.2453125 0.01640625 0.05078125
0 0.76953125 0.2640625 0.02421875 0.05