0 0.4265625 0.278125 0.0359375 0.06171875
0 0.8015625 0.2828125 0.0421875 0.0671875
0 0.73125 0.26953125 0.0375 0.08046875
0 0.7671875 0.24140625 0.0328125 0.071875
0 0.89140625 0.22890625 0.03046875 0.0546875
0 0.84453125 0.2125 0.0265625 0.05234375
0 0.7984375 0.18828125 0.025 0.05234375
0 0.659375 0.265625 0.03671875 0.0671875
0 0.6765625 0.22578125 0.03203125 0.05625
0 0.7453125 0.1546875 0.028125 0.0515625
0 0.603125 0.26640625 0.03359375 0.05234375
0 0.859375 0.10234375 0.03828125 0.05703125
0 0.8265625 0.0953125 0.028125 0.0453125
0 0.7671875 0.08671875 0.0328125 0.0515625
0 0.728125 0.084375 0.028125 0.05078125
0 0.6609375 0.18671875 0.0328125 0.05390625
0 0.5875 0.16640625 0.02578125 0.04453125
0 0.53671875 0.21953125 0.0265625 0.05078125
0 0.453125 0.22421875 0.03125 0.04609375
0 0.56015625 0.15234375 0.02421875 0.04921875
0 0.52890625 0.1453125 0.02265625 0.05
0 0.40390625 0.2015625 0.03046875 0.04453125
0 0.421875 0.21875 0.0234375 0.040625
0 0.346875 0.23359375 0.02734375 0.040625
0 0.31796875 0.23125 0.025 0.040625
0 0.97890625 0.15859375 0.03125 0.053125
0 0.4765625 0.16875 0.028125 0.03671875
0 0.49140625 0.2125 0.02734375 0.0390625