0 0.8109375 0.41015625 0.05703125 0.11015625
0 0.10703125 0.35390625 0.0390625 0.0796875
0 0.19375 0.39921875 0.04140625 0.08359375
0 0.25546875 0.37890625 0.0421875 0.08046875
0 0.31328125 0.346875 0.04375 0.08203125
0 0.37890625 0.328125 0.0375 0.06875
0 0.45703125 0.321875 0.03515625 0.07109375
0 0.4953125 0.3015625 0.0296875 0.06484375
0 0.62578125 0.28046875 0.021875 0.05078125
0 0.640625 0.26328125 0.0171875 0.04375
0 0.709375 0.27734375 0.0234375 0.04609375
0 0.61953125 0.23125 0.02109375 0.03828125
0 0.55078125 0.2296875 0.02578125 0.04921875
0 0.5171875 0.2296875 0.02578125 0.05
0 0.4421875 0.25859375 0.025 0.046875
0 0.36875 0.25078125 0.02890625 0.05625
0 0.28125 0.27265625 0.02890625 0.0546875
0 0.2203125 0.28828125 0.03359375 0.0640625
0 0.328125 0.2171875 0.0265625 0.04921875
0 0.1546875 0.31015625 0.02890625 0.0640625
0 0.13359375 0.25625 0.02265625 0.04921875
0 0.23828125 0.21796875 0.02265625 0.05390625
0 0.12265625 0.2078125 0.021875 0.04453125
0 0.0765625 0.26875 0.0234375 0.04375
0 0.07578125 0.21484375 0.021875 0.03671875
0 0.06875 0.159375 0.015625 0.02890625
0 0.0984375 0.17265625 0.0171875 0.034375
0 0.18671875 0.25703125 0.0234375 0.04609375
0 0.16796875 0.19375 0.02421875 0.04609375
0 0.26953125 0.20234375 0.021875 0.04296875
0 0.271875 0.16328125 0.0203125 0.0375
0 0.1828125 0.15078125 0.01640625 0.03515625
0 0.1375 0.14453125 0.01640625 0.0296875
0 0.13125 0.1171875 0.015625 0.028125
0 0.2984375 0.18203125 0.0234375 0.04921875
0 0.22734375 0.128125 0.015625 0.03046875
0 0.21015625 0.13984375 0.01640625 0.0390625
0 0.25234375 0.1328125 0.01640625 0.0359375
0 0.26796875 0.12265625 0.01796875 0.0359375
0 0.37578125 0.2078125 0.02265625 0.0421875
0 0.29609375 0.10078125 0.015625 0.02890625
0 0.32109375 0.10546875 0.01875 0.0296875
0 0.35 0.1125 0.01484375 0.02890625
0 0.35234375 0.1390625 0.015625 0.028125
0 0.4359375 0.18046875 0.0171875 0.034375
0 0.48203125 0.2015625 0.01953125 0.0375
0 0.46171875 0.13203125 0.0171875 0.03203125
0 0.48203125 0.1234375 0.01484375 0.02578125
0 0.4828125 0.1546875 0.01640625 0.0296875
0 0.51640625 0.17109375 0.015625 0.034375
0 0.528125 0.15625 0.01171875 0.028125
0 0.54375 0.18125 0.0171875 0.03046875
0 0.571875 0.18125 0.0203125 0.0390625
0 0.5953125 0.1609375 0.01640625 0.03125
0 0.6296875 0.1921875 0.01875 0.03359375
0 0.60234375 0.19765625 0.01875 0.03203125
0 0.72265625 0.25390625 0.0203125 0.0296875
0 0.44296875 0.1234375 0.015625 0.0296875
0 0.409375 0.12734375 0.01875 0.03515625