0 0.05234375 0.378125 0.028125 0.05
0 0.84296875 0.31640625 0.0296875 0.06015625
0 0.9234375 0.25703125 0.01875 0.05546875
0 0.90546875 0.2328125 0.01484375 0.03828125
0 0.86171875 0.24453125 0.025 0.0484375
0 0.825 0.21171875 0.02109375 0.0421875
0 0.8421875 0.19765625 0.01484375 0.03359375
0 0.83984375 0.15859375 0.0140625 0.03984375
0 0.85546875 0.1640625 0.01484375 0.0328125
0 0.8796875 0.165625 0.01171875 0.03125
0 0.890625 0.20625 0.0171875 0.04375
0 0.89296875 0.16171875 0.0140625 0.03515625
0 0.790625 0.1640625 0.015625 0.0375
0 0.76640625 0.16796875 0.01953125 0.0359375
0 0.75234375 0.13984375 0.0125 0.0328125
0 0.73515625 0.1171875 0.0140625 0.0234375
0 0.76796875 0.203125 0.0171875 0.02578125
0 0.75546875 0.23828125 0.01796875 0.0375
0 0.76953125 0.28671875 0.02109375 0.0421875
0 0.70546875 0.28515625 0.01875 0.05546875
0 0.7265625 0.23125 0.0171875 0.0421875
0 0.73125 0.1953125 0.0171875 0.03828125
0 0.72109375 0.165625 0.0125 0.0265625
0 0.69453125 0.18203125 0.021875 0.04765625
0 0.696875 0.1546875 0.01015625 0.025
0 0.66171875 0.290625 0.02421875 0.059375
0 0.6546875 0.2140625 0.01953125 0.0453125
0 0.6609375 0.18671875 0.01640625 0.0296875
0 0.625 0.20546875 0.0234375 0.03984375
0 0.6203125 0.24296875 0.02890625 0.0421875
0 0.62578125 0.2984375 0.0359375 0.07265625
0 0.5703125 0.29609375 0.028125 0.05234375
0 0.5640625 0.23828125 0.02265625 0.05234375
0 0.5015625 0.29765625 0.02109375 0.06484375
0 0.52109375 0.221875 0.0234375 0.05078125
0 0.51171875 0.190625 0.01484375 0.03125
0 0.534375 0.16015625 0.01328125 0.0390625
0 0.55078125 0.16171875 0.01640625 0.03359375
0 0.56484375 0.1515625 0.01328125 0.0265625
0 0.58125 0.1671875 0.01953125 0.034375
0 0.59921875 0.15 0.01328125 0.03671875
0 0.61796875 0.15234375 0.01484375 0.03125
0 0.63828125 0.1359375 0.015625 0.03359375
0 0.6484375 0.121875 0.01328125 0.03515625
0 0.671875 0.11953125 0.015625 0.03125
0 0.6125 0.11953125 0.01328125 0.03046875
0 0.56875 0.11484375 0.015625 0.021875
0 0.50390625 0.1375 0.015625 0.0328125
0 0.47890625 0.19765625 0.01796875 0.03671875
0 0.4734375 0.17578125 0.01484375 0.03203125
0 0.459375 0.15390625 0.01875 0.03515625
0 0.4734375 0.22734375 0.0234375 0.0421875
0 0.43828125 0.2234375 0.01953125 0.03359375
0 0.44921875 0.19140625 0.01640625 0.03359375
0 0.4015625 0.2 0.02421875 0.021875
0 0.39453125 0.22421875 0.02578125 0.0421875
0 0.37890625 0.184375 0.02109375 0.03828125
0 0.40625 0.17421875 0.015625 0.0328125
0 0.3859375 0.29140625 0.02421875 0.05390625
0 0.36328125 0.2828125 0.02265625 0.04375
0 0.35 0.2578125 0.01484375 0.05
0 0.3328125 0.25859375 0.01484375 0.03359375
0 0.35703125 0.2265625 0.02421875 0.03203125
0 0.328125 0.21640625 0.01640625 0.03671875
0 0.3109375 0.24453125 0.01796875 0.04765625
0 0.2578125 0.2484375 0.01484375 0.0359375
0 0.2703125 0.27265625 0.01640625 0.03203125