0 0.096875 0.27109375 0.03203125 0.0640625
0 0.21484375 0.34921875 0.04921875 0.10859375
0 0.75625 0.29375 0.0375 0.08359375
0 0.87109375 0.30546875 0.0328125 0.06015625
0 0.83984375 0.26484375 0.0375 0.0640625
0 0.72578125 0.2125 0.03046875 0.046875
0 0.67421875 0.18125 0.02734375 0.05546875
0 0.6828125 0.25390625 0.03984375 0.06796875
0 0.67109375 0.22421875 0.03046875 0.05
0 0.63046875 0.246875 0.0296875 0.0734375
0 0.61484375 0.21640625 0.03203125 0.05859375
0 0.5375 0.21328125 0.0296875 0.0484375
0 0.48203125 0.23671875 0.0296875 0.0421875
0 0.44140625 0.2296875 0.0265625 0.05546875