0 0.10703125 0.57421875 0.03359375 0.09140625
0 0.0828125 0.50546875 0.0328125 0.08203125
0 0.090625 0.43828125 0.03515625 0.06796875
0 0.20078125 0.44765625 0.025 0.08359375
0 0.24453125 0.37734375 0.0296875 0.07578125
0 0.25625 0.3046875 0.02890625 0.06953125
0 0.1796875 0.28359375 0.025 0.0609375
0 0.0546875 0.21875 0.025 0.053125
0 0.06171875 0.27109375 0.025 0.0625
0 0.121875 0.234375 0.02109375 0.05390625
0 0.13984375 0.25546875 0.02421875 0.05390625
0 0.17734375 0.2421875 0.02109375 0.046875
0 0.17578125 0.1875 0.01796875 0.03984375
0 0.16015625 0.16328125 0.0203125 0.03984375
0 0.19921875 0.19296875 0.01953125 0.046875
0 0.209375 0.1375 0.01796875 0.05703125
0 0.225 0.1390625 0.01796875 0.05
0 0.25546875 0.128125 0.0203125 0.0484375
0 0.365625 0.0921875 0.01640625 0.0390625
0 0.2984375 0.20625 0.021875 0.0484375
0 0.3046875 0.175 0.02734375 0.0359375
0 0.353125 0.21171875 0.01875 0.0484375
0 0.325 0.240625 0.0234375 0.0515625
0 0.30703125 0.14375 0.0171875 0.03359375
0 0.4125 0.090625 0.01640625 0.0359375
0 0.434375 0.08671875 0.015625 0.0421875
0 0.384375 0.1875 0.02109375 0.04765625
0 0.41171875 0.178125 0.0171875 0.05078125
0 0.48515625 0.09140625 0.02421875 0.03671875
0 0.52734375 0.0828125 0.0171875 0.03203125
0 0.5203125 0.11328125 0.02109375 0.03125
0 0.49375 0.12421875 0.0203125 0.04375
0 0.47265625 0.140625 0.02109375 0.03515625
0 0.47734375 0.17265625 0.02421875 0.03671875
0 0.50234375 0.17734375 0.0234375 0.03671875
0 0.49453125 0.23125 0.028125 0.05
0 0.465625 0.28671875 0.02578125 0.05390625
0 0.5671875 0.1796875 0.02578125 0.03671875
0 0.578125 0.21484375 0.028125 0.04453125
0 0.58046875 0.14921875 0.0203125 0.034375
0 0.603125 0.15 0.01875 0.04375
0 0.59296875 0.10078125 0.01875 0.0296875
0 0.62734375 0.11328125 0.03359375 0.04453125
0 0.64765625 0.1625 0.025 0.0328125
0 0.63359375 0.26015625 0.034375 0.05390625
0 0.56875 0.3203125 0.03203125 0.05703125
0 0.575 0.478125 0.03203125 0.0703125
0 0.784375 0.37734375 0.03203125 0.05625
0 0.68828125 0.34609375 0.025 0.0671875
0 0.71328125 0.27890625 0.02890625 0.05
0 0.70625 0.23203125 0.0171875 0.04765625
0 0.72109375 0.22109375 0.02109375 0.04921875
0 0.734375 0.20703125 0.02265625 0.053125
0 0.77890625 0.21484375 0.021875 0.0484375
0 0.81875 0.24609375 0.02109375 0.04453125
0 0.85859375 0.2828125 0.0234375 0.046875
0 0.92734375 0.36640625 0.02734375 0.065625