0 0.0609375 0.19375 0.0234375 0.040625
0 0.13203125 0.190625 0.01171875 0.034375
0 0.11484375 0.2453125 0.02734375 0.03828125
0 0.078125 0.24453125 0.021875 0.040625
0 0.3484375 0.12109375 0.0171875 0.0296875
0 0.25 0.14296875 0.01875 0.04453125
0 0.228125 0.140625 0.01015625 0.04921875
0 0.38828125 0.1078125 0.0171875 0.03984375
0 0.56640625 0.13984375 0.02109375 0.0421875
0 0.58125 0.1828125 0.01640625 0.03046875
0 0.6140625 0.19453125 0.01796875 0.05
0 0.58671875 0.2171875 0.02109375 0.0390625
0 0.68671875 0.1671875 0.02265625 0.04453125
0 0.7875 0.35546875 0.0515625 0.0953125
0 0.80234375 0.19921875 0.0265625 0.046875
0 0.17734375 0.25625 0.028125 0.05234375
0 0.3625 0.1390625 0.01640625 0.03671875