0 0.75703125 0.36796875 0.03828125 0.05625
0 0.65078125 0.35078125 0.034375 0.07421875
0 0.5625 0.30546875 0.03046875 0.0609375
0 0.49609375 0.290625 0.028125 0.071875
0 0.40390625 0.290625 0.03359375 0.04296875
0 0.3484375 0.2734375 0.0265625 0.0453125
0 0.31015625 0.2640625 0.021875 0.0453125
0 0.346875 0.2203125 0.0171875 0.03359375
0 0.37890625 0.20546875 0.01640625 0.03671875
0 0.3953125 0.2015625 0.01484375 0.0328125
0 0.41796875 0.23359375 0.02265625 0.02890625
0 0.85390625 0.15078125 0.021875 0.03671875
0 0.80390625 0.13359375 0.01953125 0.0296875
0 0.76953125 0.1296875 0.0171875 0.034375
0 0.8875 0.19609375 0.0203125 0.03046875
0 0.84375 0.19140625 0.0125 0.0328125
0 0.81953125 0.18125 0.01875 0.03671875
0 0.7703125 0.19765625 0.0140625 0.03359375
0 0.9109375 0.259375 0.028125 0.0484375
0 0.8625 0.25234375 0.0265625 0.03359375
0 0.80859375 0.228125 0.021875 0.05
0 0.77421875 0.20546875 0.0203125 0.03359375
0 0.72578125 0.18359375 0.0296875 0.0296875
0 0.68203125 0.15625 0.0234375 0.03046875
0 0.646875 0.1765625 0.028125 0.02734375
0 0.6078125 0.103125 0.02421875 0.0203125
0 0.846875 0.2875 0.02734375 0.05234375
0 0.77578125 0.30390625 0.028125 0.04921875
0 0.7109375 0.271875 0.02578125 0.04921875
0 0.7046875 0.221875 0.0234375 0.03671875
0 0.74921875 0.2296875 0.0265625 0.040625
0 0.6546875 0.21015625 0.025 0.04296875
0 0.57421875 0.22734375 0.02421875 0.04453125
0 0.603125 0.2515625 0.03125 0.0484375
0 0.646875 0.2671875 0.0328125 0.04453125
0 0.56953125 0.16796875 0.021875 0.0421875
0 0.53515625 0.1703125 0.021875 0.0390625
0 0.4625 0.165625 0.0171875 0.03359375
0 0.5203125 0.20625 0.025 0.0296875
0 0.4859375 0.2171875 0.025 0.03984375