0 0.9203125 0.4984375 0.05 0.10703125
0 0.06875 0.2796875 0.02421875 0.05078125
0 0.075 0.20546875 0.0140625 0.046875
0 0.0703125 0.1765625 0.0125 0.03125
0 0.071875 0.15625 0.0125 0.03125
0 0.09921875 0.13046875 0.009375 0.02890625
0 0.10703125 0.1953125 0.0125 0.03203125
0 0.12734375 0.225 0.0171875 0.0421875
0 0.14921875 0.17890625 0.0125 0.03671875
0 0.134375 0.153125 0.01484375 0.034375
0 0.128125 0.1234375 0.01015625 0.02578125
0 0.1609375 0.14609375 0.015625 0.0359375
0 0.19921875 0.1765625 0.01953125 0.04140625
0 0.175 0.16484375 0.0109375 0.028125
0 0.1796875 0.2328125 0.0203125 0.04296875
0 0.21484375 0.275 0.02109375 0.05078125
0 0.25390625 0.2546875 0.02265625 0.04140625
0 0.28828125 0.28046875 0.028125 0.04609375
0 0.32421875 0.33203125 0.03203125 0.05234375
0 0.33515625 0.2578125 0.02421875 0.05
0 0.30390625 0.2140625 0.01484375 0.0484375
0 0.28359375 0.17578125 0.01484375 0.02890625
0 0.253125 0.1796875 0.01796875 0.03984375
0 0.18203125 0.12421875 0.0125 0.021875
0 0.2046875 0.1328125 0.0125 0.0296875
0 0.2203125 0.11640625 0.0125 0.021875
0 0.23203125 0.11953125 0.01171875 0.028125
0 0.25546875 0.11640625 0.01171875 0.025
0 0.27578125 0.13046875 0.01484375 0.02734375
0 0.31328125 0.1515625 0.015625 0.0359375
0 0.353125 0.1734375 0.01484375 0.0296875
0 0.3375 0.19921875 0.015625 0.04453125
0 0.3953125 0.203125 0.0234375 0.04296875
0 0.3921875 0.2625 0.01953125 0.046875
0 0.390625 0.32421875 0.03046875 0.05625
0 0.4515625 0.303125 0.02421875 0.05390625
0 0.4328125 0.234375 0.02265625 0.04765625
0 0.5203125 0.31640625 0.0265625 0.0546875
0 0.3109375 0.1 0.01328125 0.02890625
0 0.33125 0.11953125 0.0109375 0.02890625
0 0.34609375 0.09296875 0.0125 0.02890625
0 0.3609375 0.1203125 0.0125 0.025
0 0.37109375 0.1375 0.0203125 0.03671875
0 0.3734375 0.10078125 0.01015625 0.025
0 0.41171875 0.09609375 0.0125 0.025
0 0.4203125 0.1453125 0.01796875 0.03125
0 0.43515625 0.16796875 0.01640625 0.02734375
0 0.4515625 0.153125 0.01796875 0.03046875
0 0.465625 0.134375 0.01328125 0.02890625
0 0.44453125 0.10625 0.0171875 0.025
0 0.46328125 0.19453125 0.01640625 0.04375
0 0.503125 0.2203125 0.02109375 0.03515625
0 0.51328125 0.18828125 0.0140625 0.025
0 0.54140625 0.1921875 0.0171875 0.03125
0 0.5203125 0.1609375 0.0171875 0.028125
0 0.51328125 0.13671875 0.01484375 0.03125
0 0.5484375 0.1453125 0.0125 0.03125
0 0.59140625 0.16796875 0.01171875 0.02734375
0 0.553125 0.21328125 0.02109375 0.0453125
0 0.5875 0.22109375 0.01640625 0.0296875
0 0.6 0.27890625 0.0203125 0.0453125
0 0.62578125 0.22578125 0.015625 0.028125
0 0.62421875 0.19375 0.01796875 0.02890625
0 0.65390625 0.20859375 0.0171875 0.03359375
0 0.65390625 0.26875 0.02421875 0.02890625
0 0.69140625 0.225 0.01640625 0.03671875
0 0.6796875 0.265625 0.02265625 0.03359375
0 0.69921875 0.26015625 0.015625 0.03203125
0 0.7140625 0.2484375 0.01484375 0.02421875
0 0.7421875 0.28125 0.0171875 0.03125