0 0.65859375 0.2078125 0.01796875 0.040625
0 0.52265625 0.20703125 0.03828125 0.065625
0 0.44765625 0.190625 0.02421875 0.0390625
0 0.44765625 0.2359375 0.0328125 0.0625
0 0.41484375 0.2296875 0.02421875 0.06015625
0 0.3640625 0.23984375 0.0234375 0.0625
0 0.38203125 0.2046875 0.02578125 0.04765625
0 0.3375 0.21328125 0.02421875 0.053125
0 0.3015625 0.2140625 0.02109375 0.046875
0 0.271875 0.27109375 0.02890625 0.0609375
0 0.17578125 0.2953125 0.03125 0.05078125
0 0.12734375 0.2609375 0.02421875 0.06484375
0 0.0671875 0.29375 0.03046875 0.06953125
0 0.09453125 0.33984375 0.03125 0.0609375
0 0.0875 0.2890625 0.0171875 0.0390625