0 0.04609375 0.36953125 0.0359375 0.06171875
0 0.83359375 0.29609375 0.021875 0.05703125
0 0.91640625 0.2734375 0.0203125 0.05859375
0 0.8484375 0.25 0.02109375 0.03828125
0 0.825 0.20234375 0.01875 0.046875
0 0.88125 0.18203125 0.02265625 0.04453125
0 0.834375 0.16875 0.02265625 0.04140625
0 0.86015625 0.14375 0.0203125 0.05390625
0 0.89140625 0.14296875 0.01328125 0.03125
0 0.83359375 0.13359375 0.01875 0.03359375
0 0.80625 0.1578125 0.01953125 0.03984375
0 0.80546875 0.11796875 0.01953125 0.040625
0 0.78515625 0.1421875 0.01640625 0.03828125
0 0.76875 0.121875 0.01328125 0.03125
0 0.7578125 0.16328125 0.021875 0.0328125
0 0.75 0.19375 0.015625 0.03984375
0 0.765625 0.27109375 0.01953125 0.04296875
0 0.77421875 0.20546875 0.0203125 0.04375
0 0.73125 0.19375 0.01875 0.05234375
0 0.7140625 0.178125 0.0140625 0.0421875
0 0.70703125 0.14453125 0.01953125 0.03671875
0 0.73046875 0.103125 0.0109375 0.02421875
0 0.68046875 0.146875 0.0171875 0.0359375
0 0.68828125 0.18671875 0.01640625 0.04140625
0 0.70078125 0.21015625 0.01953125 0.04375
0 0.70703125 0.26875 0.03359375 0.0625
0 0.65234375 0.265625 0.025 0.05
0 0.6546875 0.19921875 0.025 0.040625
0 0.62421875 0.23984375 0.0234375 0.04765625
0 0.62578125 0.2984375 0.02890625 0.05078125
0 0.56953125 0.284375 0.02890625 0.05390625
0 0.56328125 0.21328125 0.02890625 0.05
0 0.48515625 0.29375 0.0265625 0.06796875
0 0.67265625 0.1078125 0.015625 0.03125
0 0.63359375 0.10859375 0.01796875 0.03515625
0 0.6140625 0.10703125 0.01484375 0.02734375
0 0.6328125 0.13671875 0.01484375 0.0359375
0 0.6125 0.140625 0.01171875 0.03203125
0 0.5859375 0.11953125 0.0109375 0.0328125
0 0.56015625 0.10859375 0.01328125 0.0375
0 0.57578125 0.14140625 0.01640625 0.028125
0 0.54140625 0.14453125 0.01328125 0.02421875
0 0.56484375 0.171875 0.01875 0.0421875
0 0.52890625 0.17109375 0.02109375 0.03515625
0 0.5 0.16796875 0.0140625 0.02890625
0 0.48125 0.15859375 0.0109375 0.02890625
0 0.4859375 0.1265625 0.01875 0.03046875
0 0.459375 0.14140625 0.01640625 0.0359375
0 0.521875 0.1953125 0.0171875 0.05
0 0.49375 0.1859375 0.0171875 0.05078125
0 0.46875 0.22890625 0.015625 0.0375
0 0.46171875 0.20390625 0.0203125 0.04453125
0 0.43671875 0.1828125 0.015625 0.02578125
0 0.4390625 0.16328125 0.0140625 0.01953125
0 0.42265625 0.23359375 0.02734375 0.03671875
0 0.40078125 0.18515625 0.01640625 0.053125
0 0.38203125 0.17734375 0.025 0.03828125
0 0.3671875 0.1859375 0.015625 0.0296875
0 0.35625 0.20546875 0.01328125 0.034375
0 0.37734375 0.22265625 0.0171875 0.04375
0 0.390625 0.28125 0.02109375 0.04921875
0 0.365625 0.2625 0.01796875 0.04375
0 0.35078125 0.2453125 0.0171875 0.03828125
0 0.33359375 0.21484375 0.01484375 0.040625
0 0.32109375 0.1984375 0.015625 0.03515625
0 0.29765625 0.2515625 0.025 0.03359375
0 0.24609375 0.27109375 0.02421875 0.05390625