0 0.64453125 0.246875 0.02421875 0.04765625
0 0.60859375 0.27421875 0.028125 0.0546875
0 0.53046875 0.22578125 0.021875 0.04609375
0 0.50546875 0.3109375 0.03046875 0.0671875
0 0.45078125 0.3265625 0.02890625 0.06796875
0 0.40625 0.39609375 0.0359375 0.07578125
0 0.359375 0.25234375 0.02265625 0.05
0 0.34609375 0.22265625 0.02265625 0.04765625
0 0.490625 0.1296875 0.01640625 0.03203125
0 0.43515625 0.1328125 0.01640625 0.0375
0 0.421875 0.1375 0.015625 0.0359375
0 0.39375 0.1234375 0.015625 0.02890625
0 0.0546875 0.15859375 0.01484375 0.0328125
0 0.08046875 0.1515625 0.01796875 0.02734375
0 0.14140625 0.309375 0.0328125 0.0796875
0 0.21484375 0.2875 0.03203125 0.075