0 0.9515625 0.4 0.0515625 0.08359375
0 0.06328125 0.27734375 0.0265625 0.046875
0 0.0671875 0.190625 0.01796875 0.04921875
0 0.06328125 0.1484375 0.01171875 0.03828125
0 0.09296875 0.13125 0.01875 0.0421875
0 0.10546875 0.2 0.01796875 0.03515625
0 0.1234375 0.21875 0.02109375 0.0375
0 0.1421875 0.18203125 0.01640625 0.05078125
0 0.1265625 0.121875 0.01640625 0.0359375
0 0.1640625 0.1421875 0.015625 0.05078125
0 0.184375 0.121875 0.02109375 0.03203125
0 0.19921875 0.13359375 0.01796875 0.02734375
0 0.1984375 0.165625 0.01953125 0.0359375
0 0.17109375 0.2328125 0.0296875 0.06640625
0 0.20546875 0.27109375 0.01640625 0.06953125
0 0.24921875 0.225 0.03046875 0.0375
0 0.27421875 0.28828125 0.02578125 0.0484375
0 0.26015625 0.18046875 0.0203125 0.034375
0 0.23671875 0.16171875 0.02734375 0.0421875
0 0.20859375 0.13515625 0.01875 0.05859375
0 0.24375 0.10390625 0.02109375 0.034375
0 0.2609375 0.1171875 0.00859375 0.02578125
0 0.2859375 0.12890625 0.009375 0.02109375
0 0.2609375 0.1421875 0.01875 0.02578125
0 0.303125 0.1734375 0.01953125 0.0359375
0 0.31875 0.14375 0.0171875 0.046875
0 0.3015625 0.21640625 0.0265625 0.0421875
0 0.31953125 0.20234375 0.028125 0.06875
0 0.34609375 0.16328125 0.01875 0.0390625
0 0.33046875 0.2640625 0.03046875 0.0640625
0 0.38671875 0.240625 0.02109375 0.05625
0 0.38125 0.1984375 0.0265625 0.0359375
0 0.43203125 0.23828125 0.01796875 0.0640625
0 0.32421875 0.334375 0.034375 0.05859375
0 0.3953125 0.33125 0.0296875 0.08046875
0 0.4546875 0.296875 0.02578125 0.04921875
0 0.5046875 0.29375 0.02578125 0.0703125
0 0.30234375 0.05703125 0.01953125 0.03359375
0 0.3078125 0.090625 0.01484375 0.02421875
0 0.325 0.11015625 0.0109375 0.02421875
0 0.35703125 0.10625 0.01796875 0.0296875
0 0.3796875 0.1015625 0.01875 0.0359375
0 0.40546875 0.0859375 0.01484375 0.02421875
0 0.403125 0.11875 0.0140625 0.0234375
0 0.36640625 0.1484375 0.0140625 0.046875
0 0.4265625 0.1546875 0.021875 0.04140625
0 0.43828125 0.1046875 0.01328125 0.0265625
0 0.44765625 0.153125 0.0203125 0.0375
0 0.4609375 0.15703125 0.01875 0.0421875
0 0.471875 0.13359375 0.01796875 0.040625
0 0.50625 0.134375 0.01875 0.034375
0 0.5234375 0.1421875 0.015625 0.05078125
0 0.54453125 0.13515625 0.0296875 0.04609375
0 0.51171875 0.190625 0.01875 0.04453125
0 0.4859375 0.1578125 0.01484375 0.025
0 0.50859375 0.2203125 0.025 0.05078125
0 0.5359375 0.1859375 0.02421875 0.03984375
0 0.58515625 0.16640625 0.01484375 0.03203125
0 0.5640625 0.18515625 0.01015625 0.02734375
0 0.56015625 0.22578125 0.0234375 0.0421875
0 0.584375 0.22421875 0.0234375 0.04296875
0 0.61484375 0.21171875 0.0234375 0.05
0 0.61328125 0.190625 0.02265625 0.03359375
0 0.603125 0.29609375 0.0234375 0.0484375
0 0.65390625 0.26875 0.0234375 0.04140625
0 0.6515625 0.21875 0.02421875 0.0375
0 0.68671875 0.2296875 0.021875 0.034375
0 0.690625 0.26640625 0.02109375 0.040625
0 0.715625 0.25546875 0.02265625 0.05703125
0 0.73984375 0.28671875 0.01953125 0.040625
0 0.46015625 0.2015625 0.025 0.03828125