0 0.93984375 0.2296875 0.0203125 0.04609375
0 0.68828125 0.21796875 0.0234375 0.0484375
0 0.64453125 0.2890625 0.03203125 0.08046875
0 0.62734375 0.259375 0.02109375 0.05390625
0 0.63671875 0.2078125 0.02265625 0.053125
0 0.68203125 0.17109375 0.02421875 0.04609375
0 0.6625 0.08984375 0.0234375 0.03828125
0 0.571875 0.15859375 0.02265625 0.03125
0 0.56953125 0.190625 0.02265625 0.04296875
0 0.45703125 0.23203125 0.025 0.04140625
0 0.4171875 0.22265625 0.02109375 0.04453125
0 0.39375 0.1859375 0.02421875 0.04140625