0 0.17890625 0.4890625 0.04375 0.06953125
0 0.88671875 0.375 0.0359375 0.06328125
0 0.8125 0.41875 0.025 0.05625
0 0.73125 0.32265625 0.02734375 0.06640625
0 0.68984375 0.30234375 0.02734375 0.05
0 0.621875 0.30078125 0.03203125 0.05390625
0 0.540625 0.32421875 0.03125 0.04609375
0 0.49609375 0.31953125 0.02265625 0.046875
0 0.55078125 0.26171875 0.01796875 0.03203125
0 0.621875 0.21171875 0.015625 0.0359375
0 0.66328125 0.221875 0.01875 0.0265625
0 0.69609375 0.2265625 0.01953125 0.0328125
0 0.7265625 0.24765625 0.01796875 0.03125
0 0.77265625 0.28203125 0.025 0.0453125
0 0.8671875 0.26875 0.0171875 0.03984375
0 0.81640625 0.28671875 0.0203125 0.0421875
0 0.903125 0.20546875 0.01953125 0.04140625
0 0.88046875 0.215625 0.02109375 0.0359375
0 0.8296875 0.19375 0.0171875 0.034375
0 0.75546875 0.22734375 0.0203125 0.03671875
0 0.80703125 0.24921875 0.021875 0.03125
0 0.77421875 0.184375 0.01796875 0.03046875
0 0.7328125 0.190625 0.01875 0.0328125
0 0.73828125 0.14765625 0.01640625 0.02578125
0 0.6953125 0.1546875 0.02421875 0.03125
0 0.77578125 0.14453125 0.02109375 0.0234375
0 0.74609375 0.121875 0.01484375 0.0234375
0 0.7640625 0.11875 0.0109375 0.02109375
0 0.796875 0.09765625 0.02265625 0.034375
0 0.82265625 0.103125 0.01328125 0.02890625
0 0.859375 0.078125 0.0140625 0.0234375
0 0.83515625 0.11796875 0.009375 0.0234375
0 0.89375 0.1109375 0.01640625 0.0296875
0 0.94375 0.11015625 0.01796875 0.02578125
0 0.8515625 0.1546875 0.0140625 0.03125
0 0.26953125 0.25546875 0.015625 0.02265625
0 0.29140625 0.25078125 0.0171875 0.028125
0 0.309375 0.26328125 0.0140625 0.0375
0 0.38046875 0.2703125 0.01953125 0.0234375
0 0.3890625 0.234375 0.0140625 0.025
0 0.44296875 0.23046875 0.01796875 0.03203125
0 0.46640625 0.21953125 0.015625 0.028125
0 0.51875 0.2125 0.01640625 0.0359375
0 0.38359375 0.1828125 0.01484375 0.0296875
0 0.39453125 0.19375 0.01171875 0.02890625
0 0.421875 0.178125 0.0203125 0.0265625
0 0.415625 0.13203125 0.01875 0.0234375
0 0.49765625 0.1921875 0.01796875 0.03125
0 0.64609375 0.16640625 0.01875 0.03671875
0 0.69375 0.10546875 0.015625 0.0234375
0 0.66640625 0.1015625 0.0125 0.02734375
0 0.6515625 0.1359375 0.0140625 0.0234375
0 0.64453125 0.1234375 0.009375 0.01796875
0 0.63359375 0.06640625 0.01484375 0.02578125
0 0.615625 0.1484375 0.01796875 0.03359375
0 0.59375 0.13515625 0.0125 0.021875
0 0.54140625 0.16953125 0.01640625 0.028125
0 0.51640625 0.16875 0.01640625 0.0203125
0 0.5140625 0.14296875 0.01484375 0.02421875
0 0.5578125 0.12890625 0.0140625 0.02734375
0 0.57421875 0.13671875 0.01328125 0.0203125
0 0.5671875 0.08828125 0.0140625 0.02265625
0 0.49375 0.090625 0.0140625 0.02265625
0 0.5234375 0.09453125 0.01171875 0.0125
0 0.5625 0.06796875 0.01328125 0.02421875
0 0.4484375 0.15234375 0.0109375 0.03125