0 0.10546875 0.540625 0.059375 0.1328125
0 0.85234375 0.4921875 0.03046875 0.06796875
0 0.80390625 0.4625 0.0375 0.0671875
0 0.7265625 0.40390625 0.04296875 0.07109375
0 0.6625 0.39609375 0.0296875 0.075
0 0.60703125 0.365625 0.0375 0.0484375
0 0.5765625 0.33359375 0.034375 0.05390625
0 0.60546875 0.3046875 0.03359375 0.04921875
0 0.878125 0.41484375 0.0328125 0.06328125
0 0.95234375 0.43203125 0.028125 0.0890625
0 0.95625 0.37109375 0.015625 0.0578125
0 0.97890625 0.35625 0.0125 0.05390625
0 0.9703125 0.31875 0.01015625 0.053125
0 0.92109375 0.33046875 0.02421875 0.05625
0 0.86484375 0.33671875 0.025 0.04765625
0 0.81953125 0.3 0.0203125 0.05390625
0 0.80390625 0.24765625 0.02421875 0.046875
0 0.7671875 0.27734375 0.021875 0.04921875
0 0.74921875 0.21953125 0.015625 0.05703125
0 0.721875 0.25703125 0.0234375 0.05
0 0.6921875 0.2046875 0.0203125 0.04921875
0 0.66328125 0.22421875 0.03046875 0.059375
0 0.76015625 0.19921875 0.01484375 0.0375
0 0.78046875 0.196875 0.01640625 0.04140625
0 0.81171875 0.17109375 0.028125 0.05078125
0 0.8375 0.1953125 0.01953125 0.05859375
0 0.8203125 0.20546875 0.02734375 0.0453125
0 0.87265625 0.2328125 0.01328125 0.046875
0 0.8890625 0.2046875 0.01953125 0.03984375
0 0.9078125 0.23828125 0.01796875 0.0453125
0 0.89921875 0.27734375 0.01796875 0.04375
0 0.934375 0.25625 0.015625 0.059375
0 0.94765625 0.2328125 0.0171875 0.05
0 0.990625 0.24296875 0.01796875 0.04609375
0 0.978125 0.284375 0.01953125 0.05
0 0.71484375 0.15078125 0.0140625 0.04453125
0 0.6953125 0.1328125 0.02109375 0.028125
0 0.69296875 0.1546875 0.01796875 0.0234375
0 0.65703125 0.17734375 0.02265625 0.03828125
0 0.65703125 0.14765625 0.02109375 0.04140625
0 0.65546875 0.11953125 0.015625 0.03515625
0 0.6359375 0.12265625 0.01875 0.0375
0 0.596875 0.11796875 0.01953125 0.03125
0 0.58828125 0.12421875 0.01328125 0.04140625
0 0.5609375 0.128125 0.02734375 0.02734375
0 0.5109375 0.05859375 0.0203125 0.0296875
0 0.62265625 0.19765625 0.021875 0.0375
0 0.61640625 0.17109375 0.01484375 0.03984375
0 0.59609375 0.1609375 0.01953125 0.02734375
0 0.559375 0.153125 0.01640625 0.040625
0 0.534375 0.1625 0.02265625 0.04765625
0 0.49921875 0.15 0.01015625 0.0296875
0 0.5890625 0.1921875 0.01953125 0.03125
0 0.5609375 0.215625 0.01953125 0.0375
0 0.50234375 0.20625 0.02890625 0.04296875
0 0.48515625 0.1671875 0.0171875 0.04453125
0 0.45546875 0.15625 0.021875 0.034375
0 0.42109375 0.16640625 0.0109375 0.04296875
0 0.44140625 0.19453125 0.01875 0.03671875
0 0.48515625 0.2328125 0.01796875 0.06328125
0 0.4484375 0.29609375 0.0234375 0.06171875
0 0.39921875 0.23984375 0.021875 0.06171875
0 0.37109375 0.2640625 0.02421875 0.06328125
0 0.36015625 0.25546875 0.02109375 0.0546875
0 0.36484375 0.2078125 0.02421875 0.05390625
0 0.375 0.17890625 0.01796875 0.0546875
0 0.31953125 0.1984375 0.02109375 0.05625
0 0.3203125 0.24140625 0.021875 0.04296875
0 0.2640625 0.24453125 0.01875 0.03671875
0 0.2453125 0.2640625 0.015625 0.059375
0 0.23515625 0.25703125 0.0234375 0.04453125