0 0.590625 0.24140625 0.028125 0.0609375
0 0.084375 0.328125 0.01875 0.0578125
0 0.06953125 0.28828125 0.02265625 0.05390625
0 0.0734375 0.24296875 0.0125 0.03671875
0 0.04921875 0.21796875 0.0109375 0.02890625
0 0.06875 0.17421875 0.0125 0.03984375
0 0.05234375 0.175 0.01328125 0.03125
0 0.08515625 0.159375 0.0171875 0.0375
0 0.11015625 0.23359375 0.01953125 0.046875
0 0.14296875 0.27265625 0.03203125 0.03984375
0 0.15546875 0.3203125 0.02265625 0.06328125
0 0.16171875 0.2328125 0.015625 0.04921875
0 0.1578125 0.20625 0.01953125 0.03359375
0 0.14921875 0.18125 0.01484375 0.034375
0 0.146875 0.15 0.01015625 0.03046875
0 0.11953125 0.153125 0.01484375 0.0265625
0 0.165625 0.15625 0.0140625 0.03046875
0 0.17890625 0.1359375 0.0140625 0.02265625
0 0.1859375 0.15546875 0.0171875 0.03125
0 0.2015625 0.13046875 0.01796875 0.02734375
0 0.203125 0.16875 0.015625 0.0296875
0 0.21484375 0.146875 0.015625 0.03125
0 0.2390625 0.13203125 0.01328125 0.02265625
0 0.25859375 0.14140625 0.01328125 0.03046875
0 0.24765625 0.1796875 0.009375 0.02421875
0 0.21328125 0.2171875 0.0171875 0.02734375
0 0.253125 0.21015625 0.015625 0.04765625
0 0.23203125 0.253125 0.0234375 0.05703125
0 0.20625 0.30390625 0.02578125 0.0609375
0 0.27109375 0.2921875 0.02421875 0.046875
0 0.28125 0.240625 0.02421875 0.05
0 0.303125 0.1875 0.0125 0.0265625
0 0.34375 0.184375 0.015625 0.03046875
0 0.36171875 0.196875 0.0140625 0.040625
0 0.32578125 0.21875 0.01953125 0.02734375
0 0.309375 0.2640625 0.02734375 0.0546875
0 0.365625 0.25390625 0.02421875 0.05546875
0 0.43359375 0.29140625 0.02578125 0.0625
0 0.42890625 0.24765625 0.0234375 0.0484375
0 0.31328125 0.1265625 0.01328125 0.02265625
0 0.31328125 0.10625 0.0078125 0.01953125
0 0.28984375 0.11796875 0.0140625 0.02578125
0 0.34375 0.115625 0.01484375 0.03828125
0 0.34296875 0.14609375 0.01171875 0.03359375
0 0.3609375 0.12890625 0.01875 0.0265625
0 0.3703125 0.1140625 0.01015625 0.01875
0 0.3796875 0.11328125 0.01015625 0.0171875
0 0.3921875 0.11640625 0.0109375 0.02578125
0 0.3765625 0.14765625 0.015625 0.03671875
0 0.40078125 0.13359375 0.0125 0.0328125
0 0.41796875 0.121875 0.01171875 0.0234375
0 0.43046875 0.1421875 0.0140625 0.0359375
0 0.41796875 0.1765625 0.01953125 0.034375
0 0.459375 0.20625 0.0234375 0.034375
0 0.47734375 0.18125 0.015625 0.03671875
0 0.46328125 0.16640625 0.0125 0.02890625
0 0.48828125 0.146875 0.01015625 0.0265625
0 0.47890625 0.134375 0.01015625 0.02890625
0 0.51171875 0.15546875 0.01171875 0.03359375
0 0.52265625 0.1359375 0.01171875 0.0296875
0 0.51328125 0.1859375 0.01484375 0.04921875
0 0.49921875 0.2171875 0.0140625 0.03671875
0 0.5453125 0.2078125 0.01484375 0.0375
0 0.55625 0.25546875 0.0234375 0.059375
0 0.5578125 0.16875 0.01796875 0.03125
0 0.578125 0.16640625 0.01484375 0.03203125
0 0.60625 0.16484375 0.01328125 0.03359375
0 0.60625 0.196875 0.01328125 0.03359375
0 0.628125 0.18984375 0.01328125 0.03359375
0 0.64296875 0.22734375 0.015625 0.0375
0 0.728125 0.22265625 0.0140625 0.0453125