0 0.46328125 0.2046875 0.028125 0.04921875
0 0.48671875 0.31484375 0.03203125 0.053125
0 0.55390625 0.30625 0.01640625 0.0578125
0 0.6140625 0.3328125 0.03203125 0.05859375
0 0.559375 0.25859375 0.028125 0.04921875
0 0.6046875 0.271875 0.02890625 0.040625
0 0.67109375 0.33515625 0.03984375 0.06953125
0 0.7171875 0.2546875 0.025 0.05
0 0.7515625 0.3234375 0.03359375 0.05390625
0 0.78828125 0.39140625 0.0234375 0.06875
0 0.8875 0.3578125 0.0375 0.06796875
0 0.8921875 0.29765625 0.02890625 0.071875
0 0.82265625 0.31484375 0.02421875 0.053125
0 0.78515625 0.275 0.0203125 0.0390625
0 0.85546875 0.2453125 0.0234375 0.05078125
0 0.9109375 0.259375 0.02109375 0.0421875
0 0.8015625 0.24375 0.01640625 0.0515625
0 0.74140625 0.2203125 0.021875 0.0578125
0 0.721875 0.1875 0.021875 0.0546875
0 0.7109375 0.1734375 0.0125 0.0265625
0 0.68984375 0.18671875 0.021875 0.0421875
0 0.6765625 0.15546875 0.02109375 0.04375
0 0.653125 0.17578125 0.02734375 0.03515625
0 0.66953125 0.20625 0.0265625 0.046875
0 0.6234375 0.20625 0.021875 0.03359375
0 0.775 0.19921875 0.02265625 0.046875
0 0.81875 0.2015625 0.0171875 0.0375
0 0.86015625 0.1953125 0.021875 0.03046875
0 0.91640625 0.22578125 0.01328125 0.03046875
0 0.91640625 0.2078125 0.01171875 0.02578125
0 0.88203125 0.17265625 0.02265625 0.03359375
0 0.85078125 0.17421875 0.0109375 0.05078125
0 0.8484375 0.1453125 0.01328125 0.0265625
0 0.921875 0.15234375 0.01015625 0.02890625
0 0.88828125 0.14765625 0.0125 0.03671875
0 0.87421875 0.12578125 0.01328125 0.02734375
0 0.82421875 0.13671875 0.01484375 0.0234375
0 0.83046875 0.11796875 0.0140625 0.02578125
0 0.7953125 0.1546875 0.01796875 0.0359375
0 0.7734375 0.15859375 0.01484375 0.04140625
0 0.74921875 0.14453125 0.0140625 0.03984375
0 0.7625 0.121875 0.01171875 0.040625
0 0.73203125 0.115625 0.01640625 0.0359375
0 0.69296875 0.0984375 0.01171875 0.034375
0 0.665625 0.10234375 0.01796875 0.0296875
0 0.63515625 0.09765625 0.02421875 0.0265625
0 0.6046875 0.09921875 0.01484375 0.02109375
0 0.58828125 0.1 0.01171875 0.01953125
0 0.63984375 0.13203125 0.01796875 0.02578125
0 0.61171875 0.12890625 0.01953125 0.034375
0 0.60078125 0.15390625 0.01796875 0.028125
0 0.5796875 0.13984375 0.01796875 0.0328125
0 0.559375 0.13671875 0.01328125 0.028125
0 0.5515625 0.11015625 0.015625 0.03203125
0 0.53203125 0.1296875 0.02265625 0.0328125
0 0.5046875 0.12421875 0.0171875 0.03359375
0 0.509375 0.14765625 0.0125 0.02734375
0 0.5234375 0.16328125 0.0171875 0.03046875
0 0.54765625 0.19296875 0.015625 0.02734375
0 0.51796875 0.19375 0.01953125 0.04140625
0 0.4875 0.16484375 0.01640625 0.01796875
0 0.48671875 0.203125 0.0203125 0.04296875
0 0.459375 0.1609375 0.0109375 0.03046875
0 0.4453125 0.1578125 0.0171875 0.0390625
0 0.44296875 0.19375 0.01640625 0.04140625
0 0.4078125 0.16796875 0.0125 0.028125
0 0.4359375 0.22265625 0.0171875 0.04140625
0 0.39609375 0.19609375 0.0109375 0.040625
0 0.35703125 0.20234375 0.0296875 0.06171875
0 0.37421875 0.23203125 0.0171875 0.0328125
0 0.38671875 0.26484375 0.0234375 0.059375
0 0.35546875 0.2515625 0.02734375 0.04296875
0 0.28984375 0.26796875 0.02421875 0.05078125
0 0.296875 0.2359375 0.0171875 0.04765625
0 0.2734375 0.2453125 0.0203125 0.04921875