0 0.88515625 0.56484375 0.053125 0.11953125
0 0.01875 0.2671875 0.0171875 0.04296875
0 0.0484375 0.25859375 0.01328125 0.0390625
0 0.0640625 0.2765625 0.01796875 0.03984375
0 0.10546875 0.2828125 0.01796875 0.040625
0 0.08828125 0.2609375 0.0125 0.0421875
0 0.12421875 0.2421875 0.01640625 0.0453125
0 0.21640625 0.18125 0.01875 0.0421875
0 0.1859375 0.2 0.0171875 0.046875
0 0.17109375 0.22578125 0.02265625 0.046875
0 0.21875 0.21328125 0.01796875 0.0546875
0 0.075 0.32578125 0.0203125 0.0546875
0 0.04296875 0.36796875 0.0203125 0.05703125
0 0.02109375 0.36796875 0.01875 0.04765625
0 0.03984375 0.43046875 0.02421875 0.065625
0 0.12421875 0.41796875 0.0265625 0.06640625
0 0.13828125 0.37890625 0.02265625 0.0578125
0 0.1796875 0.3015625 0.02265625 0.059375
0 0.20234375 0.265625 0.0203125 0.04921875
0 0.23984375 0.2328125 0.01875 0.0515625
0 0.28046875 0.22421875 0.01953125 0.04609375
0 0.23046875 0.2875 0.0234375 0.05703125
0 0.290625 0.29296875 0.02265625 0.04765625
0 0.3328125 0.26328125 0.025 0.0609375
0 0.38203125 0.2921875 0.0234375 0.06875
0 0.1375 0.51875 0.03359375 0.07578125
0 0.209375 0.42734375 0.03671875 0.075
0 0.27109375 0.39453125 0.02890625 0.06875
0 0.33671875 0.40390625 0.03125 0.059375
0 0.384375 0.36328125 0.02890625 0.06484375
0 0.4421875 0.34453125 0.028125 0.05859375
0 0.77109375 0.27734375 0.02421875 0.046875
0 0.559375 0.3125 0.02109375 0.04375
0 0.62265625 0.271875 0.02265625 0.05234375
0 0.6625 0.23671875 0.01875 0.05
0 0.6875 0.2453125 0.01953125 0.04375
0 0.73203125 0.25390625 0.021875 0.04296875
0 0.64140625 0.21640625 0.015625 0.040625
0 0.59296875 0.240625 0.015625 0.04765625
0 0.52109375 0.2515625 0.0203125 0.0484375
0 0.2875 0.16640625 0.0171875 0.0375
0 0.30859375 0.16171875 0.0140625 0.03515625
0 0.33046875 0.1375 0.015625 0.0390625
0 0.36015625 0.1328125 0.01484375 0.0359375
0 0.396875 0.13828125 0.01796875 0.03671875
0 0.4140625 0.1453125 0.01484375 0.03671875
0 0.3265625 0.1859375 0.01015625 0.028125
0 0.371875 0.2015625 0.0171875 0.04375
0 0.3859375 0.18984375 0.0125 0.02265625
0 0.41328125 0.18203125 0.0125 0.028125
0 0.4421875 0.16328125 0.0140625 0.03359375
0 0.44296875 0.22421875 0.01640625 0.0484375
0 0.46953125 0.1671875 0.015625 0.03515625
0 0.4984375 0.16328125 0.01328125 0.03046875
0 0.51328125 0.17421875 0.01484375 0.0328125
0 0.496875 0.2109375 0.01796875 0.0359375
0 0.56015625 0.1984375 0.0171875 0.04140625
0 0.603125 0.20859375 0.015625 0.0390625
0 0.57734375 0.18125 0.0140625 0.0265625
0 0.6203125 0.2046875 0.01875 0.03515625