0 0.95390625 0.36953125 0.0359375 0.06171875
0 0.16640625 0.29609375 0.021875 0.05703125
0 0.08359375 0.2734375 0.0203125 0.05859375
0 0.1515625 0.25 0.02109375 0.03828125
0 0.175 0.20234375 0.01875 0.046875
0 0.11875 0.18203125 0.02265625 0.04453125
0 0.165625 0.16875 0.02265625 0.04140625
0 0.13984375 0.14375 0.0203125 0.05390625
0 0.10859375 0.14296875 0.01328125 0.03125
0 0.16640625 0.13359375 0.01875 0.03359375
0 0.19375 0.1578125 0.01953125 0.03984375
0 0.19453125 0.11796875 0.01953125 0.040625
0 0.21484375 0.1421875 0.01640625 0.03828125
0 0.23125 0.121875 0.01328125 0.03125
0 0.2421875 0.16328125 0.021875 0.0328125
0 0.25 0.19375 0.015625 0.03984375
0 0.234375 0.27109375 0.01953125 0.04296875
0 0.22578125 0.20546875 0.0203125 0.04375
0 0.26875 0.19375 0.01875 0.05234375
0 0.2859375 0.178125 0.0140625 0.0421875
0 0.29296875 0.14453125 0.01953125 0.03671875
0 0.26953125 0.103125 0.0109375 0.02421875
0 0.31953125 0.146875 0.0171875 0.0359375
0 0.31171875 0.18671875 0.01640625 0.04140625
0 0.29921875 0.21015625 0.01953125 0.04375
0 0.29296875 0.26875 0.03359375 0.0625
0 0.34765625 0.265625 0.025 0.05
0 0.3453125 0.19921875 0.025 0.040625
0 0.37578125 0.23984375 0.0234375 0.04765625
0 0.37421875 0.2984375 0.02890625 0.05078125
0 0.43046875 0.284375 0.02890625 0.05390625
0 0.43671875 0.21328125 0.02890625 0.05
0 0.51484375 0.29375 0.0265625 0.06796875
0 0.32734375 0.1078125 0.015625 0.03125
0 0.36640625 0.10859375 0.01796875 0.03515625
0 0.3859375 0.10703125 0.01484375 0.02734375
0 0.3671875 0.13671875 0.01484375 0.0359375
0 0.3875 0.140625 0.01171875 0.03203125
0 0.4140625 0.11953125 0.0109375 0.0328125
0 0.43984375 0.10859375 0.01328125 0.0375
0 0.42421875 0.14140625 0.01640625 0.028125
0 0.45859375 0.14453125 0.01328125 0.02421875
0 0.43515625 0.171875 0.01875 0.0421875
0 0.47109375 0.17109375 0.02109375 0.03515625
0 0.5 0.16796875 0.0140625 0.02890625
0 0.51875 0.15859375 0.0109375 0.02890625
0 0.5140625 0.1265625 0.01875 0.03046875
0 0.540625 0.14140625 0.01640625 0.0359375
0 0.478125 0.1953125 0.0171875 0.05
0 0.50625 0.1859375 0.0171875 0.05078125
0 0.53125 0.22890625 0.015625 0.0375
0 0.53828125 0.20390625 0.0203125 0.04453125
0 0.56328125 0.1828125 0.015625 0.02578125
0 0.5609375 0.16328125 0.0140625 0.01953125
0 0.57734375 0.23359375 0.02734375 0.03671875
0 0.59921875 0.18515625 0.01640625 0.053125
0 0.61796875 0.17734375 0.025 0.03828125
0 0.6328125 0.1859375 0.015625 0.0296875
0 0.64375 0.20546875 0.01328125 0.034375
0 0.62265625 0.22265625 0.0171875 0.04375
0 0.609375 0.28125 0.02109375 0.04921875
0 0.634375 0.2625 0.01796875 0.04375
0 0.64921875 0.2453125 0.0171875 0.03828125
0 0.66640625 0.21484375 0.01484375 0.040625
0 0.67890625 0.1984375 0.015625 0.03515625
0 0.70234375 0.2515625 0.025 0.03359375
0 0.75390625 0.27109375 0.02421875 0.05390625