0 0.909375 0.27890625 0.03203125 0.04921875
0 0.0828125 0.3296875 0.0296875 0.05078125
0 0.0765625 0.2609375 0.0203125 0.040625
0 0.05234375 0.22890625 0.02109375 0.0328125
0 0.06328125 0.2109375 0.0109375 0.034375
0 0.0453125 0.20078125 0.01796875 0.028125
0 0.084375 0.153125 0.0140625 0.02734375
0 0.09609375 0.18125 0.015625 0.03515625
0 0.109375 0.23203125 0.02265625 0.0375
0 0.121875 0.16953125 0.0125 0.03203125
0 0.13203125 0.1921875 0.01953125 0.04296875
0 0.14140625 0.159375 0.01484375 0.03046875
0 0.1640625 0.14296875 0.0125 0.028125
0 0.1640625 0.18125 0.01875 0.0265625
0 0.20078125 0.17421875 0.01875 0.028125
0 0.1734375 0.265625 0.0203125 0.046875
0 0.15625 0.22265625 0.01953125 0.03984375
0 0.2046875 0.29453125 0.03125 0.06015625
0 0.203125 0.21640625 0.02265625 0.046875
0 0.2484375 0.38046875 0.0328125 0.0671875
0 0.30234375 0.31015625 0.0296875 0.06015625
0 0.19375 0.14140625 0.01171875 0.03046875
0 0.22890625 0.24921875 0.021875 0.0515625
0 0.26328125 0.24296875 0.02578125 0.04609375
0 0.2421875 0.2 0.01875 0.03828125
0 0.2359375 0.1390625 0.01640625 0.040625
0 0.21484375 0.13671875 0.015625 0.02890625
0 0.25859375 0.17578125 0.015625 0.03203125
0 0.2109375 0.153125 0.01171875 0.0265625
0 0.2625 0.15078125 0.0140625 0.02734375
0 0.28046875 0.18671875 0.01640625 0.03671875
0 0.31328125 0.225 0.01953125 0.03671875
0 0.30546875 0.26171875 0.02578125 0.03828125
0 0.28828125 0.12109375 0.01328125 0.03203125
0 0.31015625 0.115625 0.0109375 0.021875
0 0.32578125 0.18515625 0.0203125 0.0328125
0 0.29609375 0.18671875 0.0171875 0.03046875
0 0.359375 0.25390625 0.0234375 0.0484375
0 0.35390625 0.1625 0.01171875 0.03203125
0 0.340625 0.153125 0.015625 0.02578125
0 0.315625 0.1390625 0.01328125 0.02890625
0 0.3328125 0.12578125 0.01171875 0.025
0 0.3546875 0.1234375 0.0140625 0.02421875
0 0.37109375 0.140625 0.0125 0.03125
0 0.37265625 0.2125 0.01875 0.03359375
0 0.3859375 0.1296875 0.01875 0.03203125
0 0.38984375 0.16640625 0.0171875 0.0328125
0 0.403125 0.2328125 0.02109375 0.04375
0 0.4203125 0.1421875 0.015625 0.0234375
0 0.4359375 0.1890625 0.01796875 0.03984375
0 0.45703125 0.16015625 0.0171875 0.0328125
0 0.47109375 0.1796875 0.01640625 0.034375
0 0.49453125 0.1828125 0.01640625 0.03359375
0 0.5125 0.15546875 0.009375 0.028125
0 0.47734375 0.14453125 0.0171875 0.02890625
0 0.709375 0.2328125 0.0296875 0.04140625
0 0.64140625 0.19140625 0.01875 0.03046875
0 0.6125 0.175 0.01640625 0.034375
0 0.59140625 0.17265625 0.015625 0.034375
0 0.57421875 0.17265625 0.015625 0.025
0 0.553125 0.1671875 0.015625 0.03125
0 0.56953125 0.2015625 0.02578125 0.03125
0 0.5375 0.2109375 0.01875 0.03125
0 0.5875 0.2390625 0.01875 0.03984375
0 0.55 0.24765625 0.01953125 0.046875
0 0.61875 0.2359375 0.0171875 0.03828125
0 0.66484375 0.19453125 0.01640625 0.034375
0 0.640625 0.228125 0.0203125 0.034375
0 0.66328125 0.22890625 0.021875 0.03125