0 0.9828125 0.34375 0.034375 0.1
0 0.940625 0.30859375 0.0234375 0.0484375
0 0.9078125 0.32578125 0.05 0.0828125
0 0.84375 0.29921875 0.021875 0.0609375
0 0.85859375 0.26328125 0.021875 0.046875
0 0.83984375 0.22734375 0.0140625 0.03828125
0 0.8109375 0.25859375 0.02578125 0.059375
0 0.725 0.30703125 0.0296875 0.07265625
0 0.671875 0.20078125 0.028125 0.05625
0 0.684375 0.128125 0.02265625 0.04921875
0 0.62578125 0.21953125 0.01796875 0.03671875
0 0.6203125 0.1890625 0.0359375 0.0375
0 0.59609375 0.1140625 0.0265625 0.06171875
0 0.46875 0.2453125 0.04609375 0.05078125
0 0.43203125 0.2265625 0.02109375 0.0546875