0 0.20390625 0.43046875 0.05390625 0.09921875
0 0.778125 0.3453125 0.03515625 0.08046875
0 0.84375 0.309375 0.021875 0.06171875
0 0.8546875 0.25078125 0.01796875 0.0484375
0 0.890625 0.2484375 0.02578125 0.05703125
0 0.87109375 0.215625 0.0171875 0.04375
0 0.8890625 0.20546875 0.01328125 0.03359375
0 0.8765625 0.14453125 0.0140625 0.0359375
0 0.8359375 0.13515625 0.01875 0.028125
0 0.821875 0.1546875 0.01328125 0.025
0 0.80078125 0.13828125 0.01953125 0.03671875
0 0.76328125 0.1234375 0.015625 0.0328125
0 0.7515625 0.146875 0.0125 0.02890625
0 0.71953125 0.14765625 0.01953125 0.0375
0 0.7578125 0.17734375 0.0140625 0.028125
0 0.78515625 0.15390625 0.0109375 0.028125
0 0.803125 0.1765625 0.0109375 0.02734375
0 0.8390625 0.1984375 0.01484375 0.0453125
0 0.81953125 0.2078125 0.01796875 0.04609375
0 0.80703125 0.22578125 0.01484375 0.05078125
0 0.78203125 0.209375 0.01484375 0.04296875
0 0.790625 0.26953125 0.0203125 0.0484375
0 0.75078125 0.22421875 0.01875 0.0453125
0 0.73828125 0.19140625 0.01953125 0.03828125
0 0.68671875 0.1875 0.0171875 0.04609375
0 0.7046875 0.2234375 0.01875 0.05234375
0 0.70703125 0.27734375 0.03203125 0.0484375
0 0.68125 0.31015625 0.03125 0.05546875
0 0.646875 0.25703125 0.02578125 0.04140625
0 0.6515625 0.21484375 0.02421875 0.05078125
0 0.653125 0.1703125 0.0234375 0.04140625
0 0.61484375 0.20703125 0.01953125 0.04140625
0 0.6078125 0.25 0.028125 0.040625
0 0.553125 0.25 0.025 0.04609375
0 0.5390625 0.3078125 0.01875 0.05390625
0 0.48828125 0.30546875 0.021875 0.06171875
0 0.42265625 0.26015625 0.01484375 0.0546875
0 0.40078125 0.25703125 0.0234375 0.04765625
0 0.36484375 0.24609375 0.0171875 0.0359375
0 0.33515625 0.22109375 0.0234375 0.04140625
0 0.33203125 0.26171875 0.02265625 0.03515625
0 0.30078125 0.246875 0.01171875 0.0234375
0 0.271875 0.271875 0.01640625 0.03828125
0 0.39140625 0.1875 0.0171875 0.0234375
0 0.40859375 0.16953125 0.01328125 0.0359375
0 0.4265625 0.18203125 0.01640625 0.0359375
0 0.43984375 0.153125 0.01171875 0.0328125
0 0.4609375 0.16015625 0.01328125 0.03125
0 0.47578125 0.18515625 0.01171875 0.02265625
0 0.48046875 0.2265625 0.01640625 0.03984375
0 0.45625 0.21328125 0.0203125 0.04140625
0 0.50546875 0.18515625 0.0171875 0.0421875
0 0.5203125 0.153125 0.01328125 0.0328125
0 0.496875 0.128125 0.01328125 0.03125
0 0.54921875 0.16640625 0.0203125 0.03671875
0 0.54453125 0.19296875 0.015625 0.034375
0 0.5828125 0.15390625 0.01171875 0.04140625
0 0.59921875 0.15 0.01796875 0.03125
0 0.5515625 0.13671875 0.015625 0.02421875
0 0.59296875 0.1046875 0.01484375 0.02734375
0 0.62421875 0.13203125 0.01328125 0.03046875
0 0.6390625 0.115625 0.01640625 0.0359375
0 0.66484375 0.121875 0.01484375 0.03125