0 0.3234375 0.33125 0.025 0.05
0 0.3953125 0.33203125 0.0265625 0.05234375
0 0.4625 0.3109375 0.0265625 0.0546875
0 0.509375 0.29140625 0.021875 0.04453125
0 0.4359375 0.25 0.0203125 0.0390625
0 0.396875 0.2546875 0.0203125 0.0453125
0 0.34140625 0.2578125 0.025 0.0484375
0 0.2796875 0.31015625 0.02578125 0.04765625
0 0.21640625 0.29921875 0.025 0.059375
0 0.196875 0.23671875 0.0265625 0.05546875
0 0.078125 0.2875 0.021875 0.05703125
0 0.246875 0.23203125 0.02578125 0.0546875
0 0.30703125 0.22734375 0.0296875 0.0484375
0 0.371875 0.19453125 0.01953125 0.04296875
0 0.3375 0.17109375 0.0171875 0.04140625
0 0.30859375 0.178125 0.01875 0.04140625
0 0.25859375 0.1859375 0.01796875 0.03359375
0 0.12890625 0.22578125 0.01796875 0.0390625
0 0.1578125 0.19140625 0.01875 0.03828125
0 0.0703125 0.20703125 0.01953125 0.03828125
0 0.0828125 0.1859375 0.01875 0.03515625
0 0.1125 0.18203125 0.015625 0.03203125
0 0.1375 0.15 0.01640625 0.028125
0 0.20234375 0.178125 0.01875 0.040625
0 0.30859375 0.14453125 0.01953125 0.0296875
0 0.2671875 0.1328125 0.01640625 0.025
0 0.20390625 0.1328125 0.015625 0.03125
0 0.221875 0.12265625 0.01171875 0.0328125
0 0.25078125 0.11171875 0.01796875 0.0328125
0 0.23359375 0.13671875 0.01640625 0.0328125
0 0.18515625 0.12890625 0.0140625 0.02890625
0 0.16953125 0.14453125 0.0140625 0.03359375
0 0.10546875 0.13203125 0.015625 0.0375
0 0.1359375 0.12578125 0.015625 0.03125
0 0.90859375 0.46328125 0.0578125 0.0921875
0 0.56640625 0.26484375 0.0203125 0.040625
0 0.6234375 0.26484375 0.01875 0.034375
0 0.68984375 0.30234375 0.01796875 0.0328125
0 0.7484375 0.28359375 0.01640625 0.03125
0 0.696875 0.26484375 0.02109375 0.034375
0 0.671875 0.21640625 0.01484375 0.03515625
0 0.64921875 0.2203125 0.01328125 0.028125
0 0.55546875 0.22421875 0.01875 0.03359375
0 0.63203125 0.23359375 0.01953125 0.03203125
0 0.4953125 0.2296875 0.021875 0.04296875
0 0.30390625 0.1015625 0.01328125 0.03125
0 0.3265625 0.11640625 0.01328125 0.0296875
0 0.37890625 0.13984375 0.01484375 0.03203125
0 0.43046875 0.16875 0.01796875 0.03515625
0 0.5328125 0.2 0.0171875 0.03046875
0 0.54453125 0.171875 0.0125 0.02421875
0 0.61328125 0.20078125 0.01796875 0.03125
0 0.44765625 0.15859375 0.015625 0.0265625
0 0.5 0.19296875 0.015625 0.03359375
0 0.4734375 0.21484375 0.01796875 0.0296875