0 0.82890625 0.48671875 0.0578125 0.075
0 0.153125 0.2953125 0.02734375 0.05859375
0 0.06875 0.25078125 0.01796875 0.065625
0 0.08515625 0.23203125 0.0296875 0.05703125
0 0.10390625 0.20703125 0.0234375 0.0453125
0 0.11484375 0.16640625 0.01875 0.0484375
0 0.1046875 0.15 0.0109375 0.02890625
0 0.140625 0.15078125 0.0140625 0.03203125
0 0.16015625 0.12890625 0.01875 0.0328125
0 0.15546875 0.165625 0.02109375 0.040625
0 0.178125 0.19453125 0.0234375 0.046875
0 0.14609375 0.2234375 0.0234375 0.0625
0 0.2328125 0.265625 0.02265625 0.06640625
0 0.215625 0.2265625 0.02421875 0.04921875
0 0.22109375 0.184375 0.02109375 0.0484375
0 0.19140625 0.16640625 0.0265625 0.04765625
0 0.20234375 0.14765625 0.02578125 0.028125
0 0.2328125 0.1578125 0.01953125 0.03515625
0 0.24921875 0.14453125 0.01953125 0.03515625
0 0.25703125 0.1859375 0.02109375 0.04921875
0 0.27890625 0.16484375 0.02109375 0.05
0 0.2296875 0.13515625 0.01953125 0.04609375
0 0.26171875 0.1140625 0.015625 0.040625
0 0.29765625 0.140625 0.01640625 0.04296875
0 0.3109375 0.14921875 0.01640625 0.04296875
0 0.30078125 0.20859375 0.0234375 0.03359375
0 0.30078125 0.1828125 0.0140625 0.03359375
0 0.32109375 0.23671875 0.01640625 0.053125
0 0.33203125 0.20078125 0.0234375 0.0328125
0 0.3390625 0.1734375 0.0125 0.02578125
0 0.36875 0.2 0.02578125 0.046875
0 0.37265625 0.25703125 0.0328125 0.05546875
0 0.28984375 0.265625 0.0234375 0.05078125
0 0.365625 0.2984375 0.02734375 0.0703125
0 0.43359375 0.28359375 0.0296875 0.05625
0 0.440625 0.25234375 0.034375 0.05390625
0 0.48125 0.29296875 0.0265625 0.05625
0 0.33125 0.12578125 0.01875 0.0296875
0 0.35390625 0.11328125 0.0125 0.03828125
0 0.36640625 0.13359375 0.02265625 0.02890625
0 0.38203125 0.14765625 0.01953125 0.03671875
0 0.38671875 0.115625 0.0140625 0.01953125
0 0.4109375 0.115625 0.01796875 0.02421875
0 0.43125 0.115625 0.0140625 0.021875
0 0.40078125 0.14375 0.01875 0.02890625
0 0.41171875 0.16875 0.0203125 0.03671875
0 0.428125 0.14765625 0.01484375 0.0296875
0 0.44609375 0.15703125 0.02265625 0.03828125
0 0.47109375 0.15625 0.02109375 0.03203125
0 0.4640625 0.18671875 0.02265625 0.04453125
0 0.49921875 0.15859375 0.01953125 0.0328125
0 0.509375 0.1328125 0.021875 0.0375
0 0.52890625 0.13984375 0.01484375 0.0359375
0 0.52109375 0.16015625 0.015625 0.03828125
0 0.5078125 0.19296875 0.021875 0.04140625
0 0.525 0.2265625 0.02109375 0.04921875
0 0.54296875 0.184375 0.02109375 0.0375
0 0.58671875 0.178125 0.02421875 0.04609375
0 0.565625 0.24375 0.025 0.04453125
0 0.59921875 0.2109375 0.01953125 0.03046875
0 0.61015625 0.1859375 0.0109375 0.0296875
0 0.621875 0.178125 0.0140625 0.025
0 0.60234375 0.25703125 0.02421875 0.02890625
0 0.63984375 0.228125 0.01953125 0.0421875
0 0.64609375 0.26171875 0.021875 0.0359375
0 0.67421875 0.20859375 0.021875 0.03359375
0 0.68125 0.2328125 0.02265625 0.03984375
0 0.68203125 0.2625 0.01875 0.0484375
0 0.696875 0.2484375 0.02265625 0.03515625
0 0.7375 0.24375 0.0203125 0.040625