0 0.9359375 0.43515625 0.04453125 0.0671875
0 0.340625 0.38671875 0.03046875 0.05234375
0 0.38671875 0.33203125 0.0265625 0.05234375
0 0.4359375 0.28671875 0.0265625 0.0421875
0 0.5109375 0.29921875 0.025 0.0484375
0 0.228125 0.2890625 0.03046875 0.0578125
0 0.28515625 0.2875 0.0265625 0.0484375
0 0.32421875 0.24375 0.0234375 0.04375
0 0.39609375 0.25703125 0.021875 0.0390625
0 0.075 0.2703125 0.02421875 0.04609375
0 0.1296875 0.2359375 0.0234375 0.03984375
0 0.2390625 0.2265625 0.02265625 0.04296875
0 0.06953125 0.15625 0.0125 0.02578125
0 0.09921875 0.13515625 0.0125 0.02890625
0 0.25625 0.18828125 0.01796875 0.02890625
0 0.3015625 0.225 0.02421875 0.03671875
0 0.3328125 0.2046875 0.01640625 0.034375
0 0.38828125 0.21796875 0.01875 0.0328125
0 0.35546875 0.1859375 0.01796875 0.03125
0 0.31171875 0.1859375 0.01484375 0.02578125
0 0.2703125 0.16328125 0.015625 0.03046875
0 0.2890625 0.146875 0.015625 0.02734375
0 0.2625 0.125 0.01328125 0.02578125
0 0.24140625 0.1671875 0.0171875 0.0296875
0 0.2046875 0.190625 0.01640625 0.03125
0 0.15390625 0.19765625 0.0171875 0.028125
0 0.11953125 0.203125 0.01640625 0.0296875
0 0.13984375 0.15703125 0.01328125 0.02734375
0 0.13046875 0.15078125 0.0140625 0.0265625
0 0.128125 0.13359375 0.01015625 0.02578125
0 0.1671875 0.1421875 0.015625 0.0265625
0 0.178125 0.16171875 0.0140625 0.02890625
0 0.2 0.1390625 0.0140625 0.0265625
0 0.18515625 0.12734375 0.01328125 0.02578125
0 0.2171875 0.1203125 0.01328125 0.02421875
0 0.24609375 0.14296875 0.01015625 0.02109375
0 0.23359375 0.14140625 0.0140625 0.02734375
0 0.59921875 0.3046875 0.02578125 0.0359375
0 0.6609375 0.29140625 0.0140625 0.025
0 0.6953125 0.2609375 0.015625 0.03203125
0 0.7421875 0.2890625 0.01796875 0.03125
0 0.67890625 0.2234375 0.01640625 0.02890625
0 0.65703125 0.2203125 0.01953125 0.028125
0 0.63515625 0.2234375 0.015625 0.02734375
0 0.51953125 0.23515625 0.01640625 0.03203125
0 0.5703125 0.24609375 0.0203125 0.0359375
0 0.61875 0.234375 0.015625 0.028125
0 0.6078125 0.19765625 0.0140625 0.025
0 0.59375 0.1765625 0.01484375 0.025
0 0.57734375 0.18671875 0.01796875 0.02890625
0 0.553125 0.19453125 0.01640625 0.02890625
0 0.53671875 0.20703125 0.01640625 0.02734375
0 0.51640625 0.2109375 0.01640625 0.0265625
0 0.546875 0.165625 0.015625 0.0265625
0 0.5265625 0.1671875 0.01640625 0.02890625
0 0.4609375 0.21171875 0.0171875 0.028125
0 0.49921875 0.18203125 0.01796875 0.03203125
0 0.42421875 0.16796875 0.0171875 0.0328125
0 0.39296875 0.1671875 0.0171875 0.02734375
0 0.30859375 0.1046875 0.01484375 0.02890625
0 0.33046875 0.1265625 0.015625 0.03046875
0 0.36640625 0.128125 0.01484375 0.025
0 0.38671875 0.121875 0.01484375 0.02734375
0 0.42890625 0.11640625 0.01640625 0.02578125
0 0.46640625 0.14375 0.01484375 0.0234375
0 0.48125 0.1625 0.01484375 0.02890625
0 0.515625 0.14375 0.01328125 0.02421875
0 0.446875 0.1640625 0.01953125 0.03203125