0 0.93671875 0.43046875 0.0390625 0.1078125
0 0.903125 0.42109375 0.0484375 0.11328125
0 0.840625 0.31328125 0.02578125 0.07265625
0 0.68046875 0.22265625 0.021875 0.053125
0 0.66484375 0.23203125 0.0203125 0.0453125
0 0.646875 0.2328125 0.0296875 0.06640625
0 0.6109375 0.2 0.02265625 0.05078125
0 0.48671875 0.278125 0.0265625 0.0546875
0 0.459375 0.29609375 0.02890625 0.05625
0 0.453125 0.3609375 0.040625 0.08515625
0 0.41484375 0.35859375 0.04921875 0.090625
0 0.39296875 0.31171875 0.0328125 0.06640625
0 0.33046875 0.26015625 0.02734375 0.06796875
0 0.428125 0.1390625 0.02734375 0.06015625
0 0.38359375 0.19296875 0.02421875 0.04296875
0 0.37265625 0.1375 0.02109375 0.04921875
0 0.3703125 0.0578125 0.01875 0.028125
0 0.3234375 0.1078125 0.02265625 0.0453125
0 0.2875 0.08671875 0.0171875 0.03203125
0 0.2953125 0.1875 0.02421875 0.0453125