0 0.16796875 0.3828125 0.06953125 0.11484375
0 0.33203125 0.46171875 0.053125 0.09921875
0 0.59296875 0.21640625 0.02890625 0.05859375
0 0.64375 0.2390625 0.03203125 0.06796875
0 0.4734375 0.23515625 0.0328125 0.04296875
0 0.47734375 0.19921875 0.03203125 0.046875
0 0.44375 0.25234375 0.01953125 0.04140625
0 0.4328125 0.22421875 0.01953125 0.04296875
0 0.4125 0.203125 0.0140625 0.05390625
0 0.365625 0.228125 0.02578125 0.05078125
0 0.58671875 0.1046875 0.0078125 0.0265625
0 0.60625 0.10546875 0.0125 0.03203125
0 0.63984375 0.11015625 0.0140625 0.04140625
0 0.6671875 0.1078125 0.01328125 0.0375