0 0.05234375 0.4 0.03984375 0.0703125
0 0.67890625 0.32890625 0.034375 0.06171875
0 0.6109375 0.32890625 0.028125 0.053125
0 0.5625 0.29140625 0.02734375 0.05
0 0.478125 0.3078125 0.0265625 0.0484375
0 0.78203125 0.2890625 0.028125 0.05390625
0 0.71953125 0.29921875 0.02890625 0.046875
0 0.69140625 0.25546875 0.021875 0.04140625
0 0.9234375 0.27421875 0.02421875 0.04765625
0 0.871875 0.22578125 0.01875 0.03125
0 0.928125 0.1953125 0.01875 0.03203125
0 0.93359375 0.16015625 0.01484375 0.03203125
0 0.90078125 0.1359375 0.015625 0.03203125
0 0.8875 0.19921875 0.0171875 0.03359375
0 0.8453125 0.18046875 0.01640625 0.03828125
0 0.79921875 0.1765625 0.01875 0.0328125
0 0.77578125 0.21875 0.02109375 0.0390625
0 0.75 0.18671875 0.01796875 0.0359375
0 0.7078125 0.228125 0.02109375 0.0359375
0 0.66484375 0.215625 0.0203125 0.040625
0 0.615625 0.2015625 0.01796875 0.040625
0 0.60546875 0.253125 0.02265625 0.04140625
0 0.5671875 0.24453125 0.021875 0.03828125
0 0.890625 0.16796875 0.0171875 0.02578125
0 0.87109375 0.12734375 0.015625 0.02578125
0 0.865625 0.14453125 0.01640625 0.0296875
0 0.85546875 0.15625 0.0125 0.0265625
0 0.83046875 0.13984375 0.0140625 0.02578125
0 0.81328125 0.1625 0.01328125 0.0296875
0 0.81328125 0.13046875 0.0125 0.02734375
0 0.7984375 0.13359375 0.0125 0.02734375
0 0.7875 0.1265625 0.0125 0.02578125
0 0.77109375 0.12734375 0.01328125 0.028125
0 0.7640625 0.15859375 0.015625 0.02578125
0 0.73671875 0.159375 0.0140625 0.03046875
0 0.7046875 0.18046875 0.01953125 0.0359375
0 0.65546875 0.18203125 0.0171875 0.0328125
0 0.68046875 0.1515625 0.0171875 0.03203125
0 0.7109375 0.14453125 0.01484375 0.0296875
0 0.75 0.13203125 0.0140625 0.028125
0 0.7390625 0.12421875 0.01171875 0.02890625
0 0.70390625 0.10078125 0.0140625 0.028125
0 0.67109375 0.12421875 0.01328125 0.02734375
0 0.6515625 0.1140625 0.0140625 0.02734375
0 0.6421875 0.10625 0.01015625 0.021875
0 0.625 0.1421875 0.01484375 0.03046875
0 0.61171875 0.11796875 0.01484375 0.02421875
0 0.59453125 0.1078125 0.01015625 0.02578125
0 0.57109375 0.11328125 0.0140625 0.02421875
0 0.58515625 0.159375 0.01640625 0.03046875
0 0.56484375 0.15078125 0.01484375 0.02421875
0 0.55 0.19609375 0.01796875 0.03828125
0 0.534375 0.14453125 0.0140625 0.025
0 0.54296875 0.165625 0.01328125 0.028125
0 0.4875 0.1328125 0.0140625 0.02578125
0 0.4578125 0.1703125 0.0140625 0.0265625
0 0.478125 0.16796875 0.01328125 0.02421875
0 0.47265625 0.19453125 0.0171875 0.0265625
0 0.4296875 0.1765625 0.01484375 0.02421875
0 0.41015625 0.178125 0.015625 0.0265625
0 0.42734375 0.21796875 0.015625 0.034375
0 0.45859375 0.2203125 0.01796875 0.040625
0 0.48515625 0.22578125 0.021875 0.03203125
0 0.38828125 0.22578125 0.01875 0.0296875
0 0.371875 0.21640625 0.01640625 0.0296875
0 0.34765625 0.2203125 0.01875 0.0328125
0 0.3125 0.225 0.015625 0.0296875
0 0.25546875 0.28359375 0.0171875 0.02578125
0 0.29765625 0.26328125 0.01953125 0.0359375
0 0.3453125 0.26796875 0.01875 0.03125
0 0.40546875 0.29765625 0.02265625 0.0421875