0 0.5921875 0.215625 0.03203125 0.07265625
0 0.6734375 0.19921875 0.01484375 0.04453125
0 0.64921875 0.20078125 0.02109375 0.03046875
0 0.5546875 0.23671875 0.01171875 0.04375
0 0.40703125 0.2265625 0.02109375 0.0609375
0 0.3703125 0.20078125 0.0234375 0.03984375
0 0.34375 0.18984375 0.01953125 0.02578125
0 0.33984375 0.23359375 0.02734375 0.0328125
0 0.28828125 0.22578125 0.0359375 0.04765625
0 0.29296875 0.1796875 0.01484375 0.03125
0 0.13203125 0.28515625 0.02734375 0.0515625
0 0.0859375 0.2453125 0.02578125 0.04375
0 0.12265625 0.2234375 0.02109375 0.05
0 0.14609375 0.19921875 0.01796875 0.04453125
0 0.215625 0.22578125 0.01953125 0.03828125
0 0.1921875 0.18359375 0.01328125 0.0515625
0 0.2171875 0.1640625 0.0171875 0.0390625
0 0.23125 0.171875 0.0171875 0.02421875
0 0.2640625 0.17578125 0.0171875 0.03203125
0 0.30390625 0.1671875 0.01015625 0.0359375
0 0.253125 0.13359375 0.01640625 0.025
0 0.2375 0.12890625 0.00703125 0.01875
0 0.21171875 0.13046875 0.01328125 0.01796875
0 0.17890625 0.12734375 0.015625 0.04140625
0 0.14609375 0.13984375 0.02421875 0.040625
0 0.1265625 0.146875 0.0234375 0.04296875
0 0.18828125 0.16171875 0.021875 0.046875
0 0.0578125 0.18125 0.028125 0.0296875
0 0.06875 0.21328125 0.01875 0.0390625
0 0.09921875 0.19609375 0.02421875 0.05625
0 0.2859375 0.11875 0.0171875 0.0375
0 0.309375 0.1078125 0.01328125 0.03203125
0 0.3484375 0.11953125 0.0078125 0.03359375
0 0.35234375 0.13984375 0.015625 0.0328125
0 0.3921875 0.103125 0.02109375 0.021875
0 0.3828125 0.1609375 0.02109375 0.028125
0 0.4046875 0.1296875 0.0125 0.02578125
0 0.428125 0.1296875 0.02890625 0.04296875
0 0.4625 0.1390625 0.015625 0.03125
0 0.48203125 0.121875 0.02421875 0.02578125
0 0.50234375 0.11875 0.01171875 0.02421875
0 0.46875 0.21875 0.02421875 0.04921875
0 0.48203125 0.18125 0.0125 0.02578125
0 0.4609375 0.18125 0.0109375 0.03515625
0 0.478125 0.1609375 0.02421875 0.04140625
0 0.5203125 0.1390625 0.01015625 0.021875
0 0.52265625 0.203125 0.01484375 0.03984375
0 0.5234375 0.159375 0.02265625 0.03828125
0 0.53359375 0.18359375 0.0125 0.04765625
0 0.5515625 0.1640625 0.01875 0.04296875
0 0.53984375 0.128125 0.025 0.0390625
0 0.575 0.14453125 0.0140625 0.0203125
0 0.5640625 0.17421875 0.0125 0.0421875
0 0.58203125 0.17890625 0.01484375 0.04296875
0 0.603125 0.15625 0.01015625 0.040625