0 0.79296875 0.3609375 0.05390625 0.084375
0 0.10859375 0.4140625 0.0390625 0.0609375
0 0.19453125 0.40625 0.03359375 0.0765625
0 0.25859375 0.36875 0.03671875 0.0734375
0 0.3109375 0.30546875 0.02421875 0.07578125
0 0.4015625 0.33125 0.02890625 0.07578125
0 0.45859375 0.284375 0.02265625 0.06875
0 0.5078125 0.28984375 0.02578125 0.04453125
0 0.43515625 0.25 0.02578125 0.06484375
0 0.36875 0.23828125 0.01640625 0.040625
0 0.31484375 0.25703125 0.0328125 0.0578125
0 0.2734375 0.28359375 0.02890625 0.06328125
0 0.221875 0.3078125 0.02578125 0.05625
0 0.159375 0.3421875 0.03125 0.05078125
0 0.0828125 0.33125 0.0375 0.05859375
0 0.07890625 0.284375 0.02421875 0.0515625
0 0.13203125 0.24375 0.0328125 0.078125
0 0.11328125 0.22421875 0.01796875 0.05546875
0 0.07421875 0.21015625 0.0328125 0.04140625
0 0.19375 0.2421875 0.02265625 0.0609375
0 0.196875 0.19453125 0.0203125 0.03125
0 0.24921875 0.26328125 0.02890625 0.06015625
0 0.27734375 0.23359375 0.02265625 0.053125
0 0.38125 0.2125 0.01953125 0.04453125
0 0.24609375 0.18359375 0.0234375 0.03984375
0 0.25390625 0.17265625 0.021875 0.034375
0 0.2109375 0.15859375 0.0125 0.0453125
0 0.18984375 0.15625 0.0140625 0.04921875
0 0.225 0.1421875 0.02421875 0.03359375
0 0.25078125 0.12578125 0.01796875 0.02734375
0 0.2765625 0.1484375 0.015625 0.025
0 0.30078125 0.15078125 0.0140625 0.0203125
0 0.33359375 0.18984375 0.021875 0.05546875
0 0.28515625 0.18984375 0.03359375 0.0515625
0 0.2828125 0.1078125 0.01796875 0.03359375
0 0.30703125 0.09921875 0.021875 0.02734375
0 0.31484375 0.11875 0.015625 0.03828125
0 0.3296875 0.13046875 0.0125 0.0421875
0 0.3390625 0.09765625 0.01171875 0.03515625
0 0.36328125 0.109375 0.01484375 0.028125
0 0.37734375 0.12890625 0.01875 0.025
0 0.3890625 0.10859375 0.01015625 0.02109375
0 0.39375 0.12265625 0.01328125 0.03515625
0 0.41640625 0.109375 0.015625 0.028125
0 0.421875 0.1265625 0.01328125 0.02890625
0 0.3796875 0.1515625 0.0203125 0.03984375
0 0.42265625 0.16640625 0.0234375 0.03359375
0 0.440625 0.14765625 0.0171875 0.02578125
0 0.45625 0.15703125 0.02265625 0.02578125
0 0.4578125 0.1265625 0.01484375 0.02890625
0 0.471875 0.12109375 0.0171875 0.02421875
0 0.490625 0.1203125 0.01328125 0.021875
0 0.4921875 0.14453125 0.01484375 0.02890625
0 0.51171875 0.1328125 0.01875 0.02734375
0 0.4578125 0.18828125 0.0234375 0.04375
0 0.49453125 0.184375 0.02421875 0.0359375
0 0.5171875 0.17109375 0.02421875 0.04296875
0 0.5296875 0.14609375 0.00859375 0.0375
0 0.54296875 0.15078125 0.01484375 0.03515625
0 0.5578125 0.1671875 0.01640625 0.0421875
0 0.58125 0.15078125 0.021875 0.0265625
0 0.590625 0.16796875 0.021875 0.03125
0 0.521875 0.22578125 0.01953125 0.0296875
0 0.55859375 0.22109375 0.028125 0.03671875
0 0.59453125 0.2609375 0.0234375 0.0375
0 0.58359375 0.228125 0.021875 0.04140625
0 0.6140625 0.203125 0.01328125 0.0421875
0 0.63046875 0.1953125 0.02109375 0.04140625
0 0.65859375 0.19609375 0.021875 0.03125
0 0.6375 0.2515625 0.0171875 0.04453125
0 0.6484375 0.22890625 0.0203125 0.0328125
0 0.67109375 0.21640625 0.01796875 0.02890625
0 0.6921875 0.2078125 0.02109375 0.040625