0 0.034375 0.39921875 0.02578125 0.03671875
0 0.840625 0.5109375 0.0265625 0.06328125
0 0.84296875 0.42734375 0.02734375 0.05546875
0 0.8578125 0.3671875 0.03046875 0.0453125
0 0.9046875 0.46171875 0.03203125 0.06328125
0 0.87734375 0.34296875 0.0171875 0.03203125
0 0.8828125 0.321875 0.0140625 0.03671875
0 0.89296875 0.28203125 0.0109375 0.0296875
0 0.934375 0.30078125 0.01171875 0.02734375
0 0.92890625 0.275 0.01328125 0.01796875
0 0.9125 0.321875 0.01640625 0.04453125
0 0.93359375 0.35859375 0.01953125 0.05078125
0 0.87265625 0.25078125 0.01328125 0.0328125
0 0.8609375 0.2671875 0.0203125 0.02421875
0 0.85 0.28125 0.01328125 0.0328125
0 0.8375 0.253125 0.0109375 0.021875
0 0.840625 0.30625 0.01953125 0.03828125
0 0.81875 0.29296875 0.0125 0.03203125
0 0.81171875 0.32890625 0.01875 0.0328125
0 0.8078125 0.36328125 0.025 0.04453125
0 0.78515625 0.421875 0.0265625 0.05234375
0 0.72890625 0.39921875 0.02890625 0.04375
0 0.7109375 0.45390625 0.0359375 0.05859375
0 0.6546875 0.4453125 0.0265625 0.06953125
0 0.61328125 0.41796875 0.02421875 0.05859375
0 0.6046875 0.35625 0.01875 0.04609375
0 0.653125 0.371875 0.02265625 0.059375
0 0.6890625 0.3515625 0.01953125 0.0484375
0 0.59765625 0.3296875 0.01484375 0.03515625
0 0.634375 0.30546875 0.02578125 0.04609375
0 0.6796875 0.271875 0.01640625 0.0359375
0 0.70390625 0.253125 0.0125 0.03203125
0 0.7234375 0.28671875 0.01328125 0.03671875
0 0.73984375 0.2578125 0.01484375 0.04140625
0 0.7421875 0.23671875 0.0125 0.03671875
0 0.75625 0.23515625 0.01171875 0.028125
0 0.778125 0.2390625 0.0140625 0.02890625
0 0.7703125 0.27734375 0.01171875 0.03671875
0 0.54375 0.4 0.02734375 0.04296875
0 0.53515625 0.353125 0.02265625 0.04765625
0 0.45703125 0.41171875 0.02265625 0.0625
0 0.69921875 0.22734375 0.01171875 0.03515625
0 0.67578125 0.228125 0.01484375 0.02109375
0 0.65625 0.21796875 0.01484375 0.02578125
0 0.63984375 0.22421875 0.0125 0.0265625
0 0.63828125 0.2484375 0.02109375 0.021875
0 0.6296875 0.2171875 0.01640625 0.02421875
0 0.6109375 0.20859375 0.0125 0.02265625
0 0.59921875 0.21875 0.01015625 0.02109375
0 0.5984375 0.2515625 0.01640625 0.0359375
0 0.58515625 0.25859375 0.01484375 0.0328125
0 0.5734375 0.225 0.0140625 0.02265625
0 0.55859375 0.2265625 0.01171875 0.02578125
0 0.54140625 0.2484375 0.0140625 0.0265625
0 0.553125 0.2984375 0.025 0.0296875
0 0.52265625 0.28359375 0.01328125 0.0375
0 0.5125 0.259375 0.0125 0.0296875
0 0.4796875 0.26875 0.01328125 0.03046875
0 0.4625 0.2421875 0.0109375 0.01796875
0 0.47578125 0.309375 0.02109375 0.04140625
0 0.50078125 0.32109375 0.01796875 0.040625
0 0.44453125 0.26953125 0.01640625 0.04375
0 0.4296875 0.253125 0.0109375 0.0390625
0 0.44765625 0.3484375 0.0265625 0.04296875
0 0.40546875 0.33515625 0.02265625 0.03359375
0 0.38125 0.32109375 0.009375 0.0359375
0 0.4078125 0.29453125 0.015625 0.03515625
0 0.409375 0.265625 0.01171875 0.02734375
0 0.39453125 0.24921875 0.01484375 0.02890625
0 0.35703125 0.29609375 0.01484375 0.02734375
0 0.36015625 0.33828125 0.01171875 0.03203125
0 0.33125 0.35546875 0.025 0.03671875
0 0.2890625 0.37109375 0.0203125 0.04375
0 0.29609375 0.29921875 0.01484375 0.0328125
0 0.259375 0.371875 0.0203125 0.0515625
0 0.2359375 0.33671875 0.0234375 0.04609375