0 0.78359375 0.36328125 0.053125 0.0984375
0 0.09375 0.42421875 0.040625 0.08125
0 0.08125 0.37265625 0.02734375 0.0578125
0 0.17265625 0.359375 0.03125 0.071875
0 0.14375 0.31953125 0.028125 0.065625
0 0.184375 0.27421875 0.02421875 0.05546875
0 0.21015625 0.30078125 0.0328125 0.07265625
0 0.2484375 0.340625 0.03359375 0.07265625
0 0.30390625 0.3171875 0.0296875 0.07109375
0 0.265625 0.2234375 0.0265625 0.04765625
0 0.20078125 0.21640625 0.02578125 0.04609375
0 0.1796875 0.203125 0.01875 0.04609375
0 0.1171875 0.27109375 0.02578125 0.05625
0 0.06328125 0.31796875 0.03125 0.05859375
0 0.06171875 0.2609375 0.0234375 0.04140625
0 0.04453125 0.18046875 0.0140625 0.03125
0 0.05234375 0.2 0.0171875 0.03359375
0 0.053125 0.2328125 0.01953125 0.03125
0 0.06875 0.16796875 0.01171875 0.0296875
0 0.0796875 0.178125 0.01171875 0.0375
0 0.10546875 0.23046875 0.01796875 0.04140625
0 0.1078125 0.1578125 0.0109375 0.0234375
0 0.11953125 0.16875 0.01640625 0.03984375
0 0.1265625 0.196875 0.0140625 0.0359375
0 0.15 0.2140625 0.01796875 0.04921875
0 0.13984375 0.18828125 0.01171875 0.04453125
0 0.15625 0.153125 0.015625 0.03359375
0 0.16484375 0.1859375 0.0171875 0.0359375
0 0.1890625 0.1515625 0.0171875 0.0359375
0 0.21015625 0.14296875 0.01796875 0.03046875
0 0.2171875 0.1203125 0.0109375 0.0203125
0 0.234375 0.128125 0.0125 0.03046875
0 0.22578125 0.153125 0.01640625 0.0390625
0 0.246875 0.17109375 0.01640625 0.04453125
0 0.278125 0.1671875 0.01953125 0.04140625
0 0.2875 0.2 0.01640625 0.0359375
0 0.29609375 0.12890625 0.0140625 0.03671875
0 0.32421875 0.22109375 0.02109375 0.05390625
0 0.33046875 0.271875 0.02578125 0.053125
0 0.3484375 0.2484375 0.0234375 0.046875
0 0.3546875 0.203125 0.025 0.04765625
0 0.3921875 0.32109375 0.034375 0.0828125
0 0.41015625 0.275 0.028125 0.06015625
0 0.45859375 0.271875 0.02578125 0.05546875
0 0.4046875 0.234375 0.025 0.03828125
0 0.390625 0.17578125 0.0171875 0.04140625
0 0.33046875 0.109375 0.0125 0.03203125
0 0.3515625 0.10546875 0.0125 0.02734375
0 0.371875 0.10390625 0.015625 0.0265625
0 0.33984375 0.13515625 0.0140625 0.0296875
0 0.36484375 0.1484375 0.01640625 0.03515625
0 0.40234375 0.115625 0.01171875 0.03203125
0 0.4265625 0.15 0.0171875 0.04140625
0 0.43671875 0.18125 0.01796875 0.0375
0 0.43828125 0.1234375 0.0125 0.02890625
0 0.45078125 0.14140625 0.01328125 0.034375
0 0.46171875 0.1546875 0.01484375 0.03828125
0 0.465625 0.1203125 0.01015625 0.02265625
0 0.47890625 0.13515625 0.0125 0.034375
0 0.49375 0.13671875 0.01328125 0.02734375
0 0.4890625 0.1671875 0.0171875 0.03515625
0 0.53828125 0.1546875 0.0140625 0.03515625
0 0.51015625 0.221875 0.02109375 0.05078125
0 0.5484375 0.21328125 0.02109375 0.04375
0 0.575 0.1859375 0.01640625 0.02734375
0 0.5796875 0.1625 0.01875 0.025
0 0.58984375 0.2109375 0.02578125 0.0484375
0 0.64609375 0.20546875 0.01796875 0.0375
0 0.6640625 0.18828125 0.01875 0.03671875
0 0.678125 0.23125 0.02109375 0.0515625