0 0.0265625 0.37265625 0.0265625 0.05703125
0 0.6828125 0.334375 0.03203125 0.0484375
0 0.6046875 0.3390625 0.0296875 0.06015625
0 0.54765625 0.2984375 0.0328125 0.053125
0 0.47890625 0.3078125 0.02109375 0.06015625
0 0.39765625 0.29453125 0.02109375 0.0484375
0 0.34296875 0.275 0.015625 0.0359375
0 0.3234375 0.278125 0.0140625 0.03828125
0 0.30390625 0.259375 0.0125 0.0375
0 0.2578125 0.284375 0.01796875 0.03515625
0 0.31328125 0.221875 0.01328125 0.02734375
0 0.296875 0.2421875 0.0125 0.02890625
0 0.34453125 0.23203125 0.01640625 0.0359375
0 0.3734375 0.2359375 0.01875 0.0296875
0 0.4265625 0.21484375 0.0140625 0.02734375
0 0.46328125 0.2359375 0.01875 0.0375
0 0.38046875 0.20390625 0.02109375 0.028125
0 0.41171875 0.175 0.01328125 0.025
0 0.4265625 0.18046875 0.0171875 0.0265625
0 0.465625 0.203125 0.01484375 0.03125
0 0.44921875 0.1484375 0.0125 0.02421875
0 0.47734375 0.1640625 0.01484375 0.0328125
0 0.48671875 0.134375 0.0125 0.02421875
0 0.5421875 0.196875 0.0171875 0.02578125
0 0.56015625 0.23828125 0.0171875 0.0359375
0 0.50390625 0.146875 0.01171875 0.02421875
0 0.53515625 0.13125 0.01328125 0.021875
0 0.52421875 0.15546875 0.01640625 0.0296875
0 0.55703125 0.1140625 0.015625 0.03125
0 0.5734375 0.153125 0.0125 0.0265625
0 0.565625 0.13125 0.01015625 0.0234375
0 0.48828125 0.20390625 0.01875 0.0375
0 0.45546875 0.18828125 0.01796875 0.03125
0 0.590625 0.13828125 0.01015625 0.02421875
0 0.61328125 0.146875 0.0171875 0.02578125
0 0.56640625 0.17890625 0.015625 0.03359375
0 0.55234375 0.16015625 0.01328125 0.02734375
0 0.590625 0.1171875 0.0140625 0.02578125
0 0.61484375 0.11015625 0.0140625 0.0296875
0 0.646875 0.1 0.0125 0.02265625
0 0.628125 0.2015625 0.015625 0.0375
0 0.6125 0.265625 0.0171875 0.0453125
0 0.66015625 0.26875 0.02265625 0.0375
0 0.6671875 0.2125 0.01953125 0.05
0 0.65390625 0.1765625 0.01484375 0.034375
0 0.696875 0.22265625 0.02265625 0.0453125
0 0.725 0.28125 0.028125 0.04609375
0 0.75 0.23828125 0.0203125 0.0453125
0 0.69765625 0.17578125 0.015625 0.0375
0 0.734375 0.19765625 0.01796875 0.04140625
0 0.6859375 0.14765625 0.0125 0.02265625
0 0.709375 0.1421875 0.0125 0.02890625
0 0.6734375 0.11875 0.01171875 0.03046875
0 0.6421875 0.1265625 0.01328125 0.0296875
0 0.70078125 0.09375 0.01796875 0.03046875
0 0.73359375 0.11953125 0.01796875 0.04140625
0 0.75234375 0.11640625 0.0125 0.0359375
0 0.765625 0.128125 0.01171875 0.03984375
0 0.78046875 0.11640625 0.0125 0.0328125
0 0.7984375 0.13125 0.015625 0.03125
0 0.8234375 0.115625 0.01328125 0.028125
0 0.834375 0.1375 0.0140625 0.0328125
0 0.86484375 0.12109375 0.01328125 0.0265625
0 0.89765625 0.125 0.015625 0.03359375
0 0.92890625 0.14765625 0.0125 0.0265625
0 0.86796875 0.146875 0.0078125 0.0265625
0 0.85546875 0.16015625 0.015625 0.0359375
0 0.89296875 0.1609375 0.01484375 0.02421875
0 0.93203125 0.17109375 0.01484375 0.02578125
0 0.92578125 0.20546875 0.01640625 0.03125
0 0.89375 0.20078125 0.01796875 0.0328125
0 0.846875 0.1921875 0.01484375 0.0328125
0 0.8203125 0.1625 0.0171875 0.03515625
0 0.8015625 0.175 0.015625 0.03359375
0 0.76796875 0.16796875 0.01875 0.0328125
0 0.74609375 0.15234375 0.015625 0.02421875
0 0.73046875 0.16015625 0.01328125 0.03125
0 0.8171875 0.2234375 0.0203125 0.04609375
0 0.86796875 0.2296875 0.025 0.04765625
0 0.78984375 0.2890625 0.028125 0.0546875
0 0.91953125 0.2875 0.02109375 0.0609375
0 0.4421875 0.23046875 0.01640625 0.0328125