0 0.70859375 0.31171875 0.04375 0.07421875
0 0.33125 0.2015625 0.01796875 0.04140625
0 0.38671875 0.1796875 0.015625 0.03203125
0 0.37578125 0.19765625 0.015625 0.0328125
0 0.42265625 0.1765625 0.01640625 0.03359375
0 0.43671875 0.1890625 0.015625 0.03359375
0 0.47890625 0.2171875 0.02109375 0.0390625
0 0.4703125 0.178125 0.01328125 0.03359375
0 0.45859375 0.15859375 0.01328125 0.0328125
0 0.44765625 0.1546875 0.01171875 0.03203125
0 0.484375 0.17265625 0.01796875 0.03046875
0 0.515625 0.18671875 0.02109375 0.040625
0 0.49375 0.15625 0.01484375 0.02578125
0 0.4828125 0.140625 0.01328125 0.02890625
0 0.52265625 0.13828125 0.0125 0.0328125
0 0.52734375 0.175 0.01875 0.03046875
0 0.55390625 0.13828125 0.0171875 0.03203125
0 0.5859375 0.1296875 0.015625 0.02734375
0 0.60078125 0.13515625 0.015625 0.02421875
0 0.5640625 0.16171875 0.0171875 0.0296875
0 0.578125 0.1625 0.01875 0.0359375
0 0.6046875 0.16171875 0.015625 0.0375
0 0.56171875 0.19140625 0.021875 0.03828125
0 0.6 0.2421875 0.03125 0.05546875
0 0.63046875 0.21484375 0.0265625 0.05234375
0 0.64765625 0.1609375 0.01796875 0.0390625
0 0.66328125 0.134375 0.015625 0.03515625
0 0.69296875 0.1359375 0.015625 0.02734375
0 0.7171875 0.128125 0.0125 0.02421875
0 0.6828125 0.121875 0.015625 0.03046875
0 0.6359375 0.15 0.0171875 0.03359375
0 0.6703125 0.23515625 0.02578125 0.05390625
0 0.66640625 0.19609375 0.01953125 0.04140625
0 0.7 0.25078125 0.0296875 0.05078125
0 0.71796875 0.2015625 0.01875 0.05
0 0.70078125 0.18671875 0.01640625 0.0375
0 0.73828125 0.153125 0.015625 0.0359375
0 0.7625 0.146875 0.015625 0.0375
0 0.74296875 0.1796875 0.02265625 0.04453125
0 0.8015625 0.22265625 0.02109375 0.05078125
0 0.78203125 0.1828125 0.01640625 0.04375
0 0.79765625 0.17890625 0.01796875 0.04140625
0 0.8171875 0.16484375 0.01796875 0.03046875
0 0.83046875 0.146875 0.01640625 0.03203125
0 0.86484375 0.1453125 0.01796875 0.03515625
0 0.89609375 0.15859375 0.015625 0.03203125
0 0.9140625 0.18671875 0.0171875 0.0359375
0 0.94609375 0.184375 0.01796875 0.0359375
0 0.94296875 0.22734375 0.0203125 0.04453125
0 0.89140625 0.23359375 0.021875 0.0421875
0 0.86640625 0.209375 0.01875 0.0421875
0 0.84453125 0.18671875 0.01640625 0.03515625
0 0.88203125 0.2765625 0.0203125 0.05625
0 0.825 0.19765625 0.02109375 0.05078125
0 0.6265625 0.1171875 0.01796875 0.02734375