0 0.82890625 0.4953125 0.04296875 0.11328125
0 0.63359375 0.278125 0.0203125 0.053125
0 0.72265625 0.26171875 0.021875 0.0421875
0 0.64140625 0.19453125 0.02265625 0.03203125
0 0.58984375 0.21875 0.015625 0.034375
0 0.6328125 0.228125 0.01953125 0.03828125
0 0.5453125 0.2203125 0.025 0.04296875
0 0.5859375 0.1640625 0.015625 0.0390625
0 0.53515625 0.1390625 0.0203125 0.03046875
0 0.47890625 0.134375 0.0140625 0.0296875
0 0.46484375 0.13046875 0.0140625 0.02890625
0 0.4390625 0.11015625 0.01484375 0.025
0 0.43828125 0.13515625 0.0171875 0.021875
0 0.41875 0.12421875 0.01328125 0.0203125
0 0.39453125 0.13046875 0.0140625 0.03203125
0 0.35234375 0.13515625 0.01484375 0.0265625
0 0.3140625 0.15859375 0.01796875 0.04453125
0 0.38515625 0.159375 0.01484375 0.02578125
0 0.346875 0.178125 0.0140625 0.03359375
0 0.44453125 0.18828125 0.01875 0.0359375
0 0.346875 0.22734375 0.021875 0.04453125
0 0.390625 0.2625 0.0265625 0.059375
0 0.4484375 0.2546875 0.02578125 0.04921875
0 0.17265625 0.14140625 0.0109375 0.02578125
0 0.1640625 0.128125 0.0125 0.02265625
0 0.134375 0.12421875 0.01640625 0.02890625
0 0.14375 0.15390625 0.0125 0.0296875
0 0.1015625 0.146875 0.01796875 0.034375
0 0.07734375 0.15703125 0.01640625 0.03671875
0 0.2171875 0.2 0.01953125 0.03984375
0 0.22578125 0.15390625 0.0171875 0.025
0 0.2890625 0.1796875 0.02109375 0.0453125
0 0.246875 0.22578125 0.025 0.040625
0 0.190625 0.23359375 0.01796875 0.03984375
0 0.22734375 0.2796875 0.025 0.05546875
0 0.275 0.26015625 0.025 0.05390625
0 0.16328125 0.3078125 0.0265625 0.05859375
0 0.1046875 0.3515625 0.04375 0.08203125
0 0.21484375 0.39140625 0.03359375 0.06953125
0 0.25 0.31796875 0.03046875 0.0671875
0 0.3328125 0.3234375 0.03515625 0.0671875
0 0.50703125 0.3046875 0.03203125 0.05078125
0 0.46171875 0.3265625 0.0296875 0.05234375