0 0.4203125 0.28828125 0.03125 0.0671875
0 0.37890625 0.31328125 0.0453125 0.06171875
0 0.3453125 0.3640625 0.04140625 0.0734375
0 0.29296875 0.30859375 0.03671875 0.07109375
0 0.30390625 0.24765625 0.03828125 0.0640625
0 0.2625 0.2859375 0.03203125 0.05703125
0 0.21953125 0.30078125 0.034375 0.05390625
0 0.1828125 0.315625 0.034375 0.05859375
0 0.17734375 0.37734375 0.0359375 0.059375
0 0.15859375 0.37109375 0.02421875 0.05859375
0 0.13359375 0.3625 0.02578125 0.0546875
0 0.1234375 0.31953125 0.028125 0.0484375