0 0.0734375 0.24765625 0.03046875 0.03046875
0 0.13828125 0.24765625 0.02265625 0.03828125
0 0.31328125 0.14765625 0.02265625 0.05859375
0 0.41015625 0.21796875 0.021875 0.046875
0 0.446875 0.221875 0.02890625 0.05390625
0 0.565625 0.1875 0.01640625 0.0296875
0 0.5609375 0.15703125 0.025 0.05078125
0 0.62421875 0.275 0.0375 0.07578125
0 0.62265625 0.20546875 0.01796875 0.05390625
0 0.66875 0.2203125 0.0359375 0.046875
0 0.66953125 0.16953125 0.025 0.034375
0 0.9359375 0.22421875 0.03125 0.0453125