0 0.89140625 0.2578125 0.028125 0.0578125
0 0.2421875 0.384375 0.0359375 0.06328125
0 0.29609375 0.30859375 0.03515625 0.06015625
0 0.19296875 0.28359375 0.0296875 0.04921875
0 0.08984375 0.35234375 0.03046875 0.05625
0 0.353125 0.25078125 0.025 0.04609375
0 0.29921875 0.25625 0.028125 0.0453125
0 0.2265625 0.24375 0.02421875 0.040625
0 0.25859375 0.23359375 0.02578125 0.0390625
0 0.3109375 0.22265625 0.025 0.0359375
0 0.39609375 0.22734375 0.02421875 0.0421875
0 0.58984375 0.25859375 0.0234375 0.04609375
0 0.615625 0.2296875 0.01875 0.04609375
0 0.63984375 0.2203125 0.01953125 0.0421875
0 0.6625 0.215625 0.01953125 0.0359375
0 0.703125 0.23359375 0.01640625 0.03359375
0 0.6484375 0.17421875 0.015625 0.03671875
0 0.5328125 0.20625 0.0203125 0.0390625
0 0.43515625 0.18125 0.02109375 0.03984375
0 0.0625 0.24765625 0.02109375 0.03984375
0 0.15546875 0.25 0.02421875 0.0453125
0 0.1109375 0.23125 0.021875 0.03984375
0 0.19140625 0.203125 0.021875 0.03515625
0 0.05625 0.20703125 0.0171875 0.03359375
0 0.04140625 0.18984375 0.01484375 0.03359375
0 0.08203125 0.18125 0.01640625 0.03203125
0 0.09453125 0.21875 0.01796875 0.0390625
0 0.121875 0.18125 0.01875 0.0359375
0 0.23203125 0.19453125 0.0203125 0.040625
0 0.159375 0.1734375 0.01796875 0.03359375
0 0.19140625 0.16796875 0.0171875 0.03046875
0 0.13671875 0.15234375 0.0140625 0.03359375
0 0.1578125 0.13671875 0.01640625 0.0296875
0 0.18828125 0.13671875 0.0140625 0.02421875
0 0.2046875 0.1484375 0.01328125 0.0296875
0 0.2328125 0.1328125 0.01484375 0.03125
0 0.2765625 0.1796875 0.01953125 0.03671875
0 0.2546875 0.17109375 0.0203125 0.03515625
0 0.2578125 0.140625 0.01796875 0.02578125
0 0.32265625 0.17890625 0.01953125 0.03359375
0 0.284375 0.11171875 0.01484375 0.028125
0 0.30703125 0.10703125 0.0140625 0.0203125
0 0.3671875 0.20859375 0.0234375 0.0375
0 0.3578125 0.1515625 0.01796875 0.03046875
0 0.32890625 0.11953125 0.01328125 0.02578125
0 0.3859375 0.1578125 0.01640625 0.0375
0 0.41640625 0.1359375 0.01640625 0.0296875
0 0.35234375 0.11640625 0.01328125 0.02578125
0 0.46953125 0.17421875 0.0171875 0.0328125
0 0.4953125 0.18125 0.01640625 0.0328125
0 0.4421875 0.13671875 0.0140625 0.028125
0 0.46328125 0.1296875 0.0171875 0.03046875
0 0.5484375 0.1546875 0.01640625 0.028125
0 0.56953125 0.15859375 0.015625 0.02890625
0 0.55078125 0.1953125 0.01640625 0.03125
0 0.5890625 0.16171875 0.01484375 0.03125
0 0.60078125 0.20625 0.01640625 0.0359375