0 0.07265625 0.54296875 0.07265625 0.15078125
0 0.9109375 0.28671875 0.0296875 0.06015625
0 0.865625 0.22421875 0.0234375 0.05078125
0 0.87734375 0.18984375 0.0203125 0.04140625
0 0.88515625 0.16171875 0.021875 0.0359375
0 0.89765625 0.1359375 0.01640625 0.034375
0 0.925 0.1609375 0.01953125 0.03984375
0 0.91953125 0.19296875 0.02578125 0.0515625
0 0.775 0.2953125 0.0296875 0.0671875
0 0.671875 0.33515625 0.0359375 0.08125
0 0.71484375 0.2859375 0.0234375 0.05703125
0 0.75625 0.23046875 0.0234375 0.053125
0 0.79453125 0.18046875 0.01953125 0.040625
0 0.8390625 0.18828125 0.021875 0.04609375
0 0.86484375 0.12890625 0.0171875 0.04140625
0 0.8421875 0.146875 0.01875 0.03359375
0 0.82421875 0.1390625 0.01640625 0.03828125
0 0.8109375 0.1671875 0.021875 0.03671875
0 0.80703125 0.12578125 0.0125 0.03203125
0 0.79609375 0.13671875 0.0125 0.03671875
0 0.7890625 0.11796875 0.0140625 0.03046875
0 0.76015625 0.1625 0.02265625 0.03671875
0 0.746875 0.13515625 0.0140625 0.0328125
0 0.7484375 0.1046875 0.01640625 0.03203125
0 0.76015625 0.12734375 0.015625 0.0265625
0 0.73046875 0.121875 0.01484375 0.03359375
0 0.740625 0.18203125 0.0203125 0.0421875
0 0.703125 0.22421875 0.0234375 0.04375
0 0.65546875 0.246875 0.025 0.0453125
0 0.60078125 0.3328125 0.028125 0.07109375
0 0.60703125 0.2515625 0.02734375 0.053125
0 0.60703125 0.20546875 0.02421875 0.0484375
0 0.66328125 0.20625 0.0234375 0.046875
0 0.653125 0.1765625 0.01953125 0.0328125
0 0.690625 0.1796875 0.02265625 0.0421875
0 0.6890625 0.140625 0.01875 0.0421875
0 0.68828125 0.0984375 0.01953125 0.04140625
0 0.66796875 0.12109375 0.01875 0.034375
0 0.63828125 0.1 0.015625 0.0296875
0 0.61875 0.1421875 0.01796875 0.03828125
0 0.55 0.28984375 0.0265625 0.05625
0 0.58203125 0.12265625 0.0203125 0.02109375
0 0.56796875 0.16875 0.0234375 0.0453125
0 0.55546875 0.1171875 0.01640625 0.02578125
0 0.53203125 0.12890625 0.0234375 0.025
0 0.54140625 0.2 0.01875 0.040625
0 0.54765625 0.16328125 0.01875 0.0296875
0 0.56640625 0.25625 0.0234375 0.04921875
0 0.51328125 0.190625 0.01796875 0.034375
0 0.50234375 0.1703125 0.0125 0.025
0 0.4828125 0.1328125 0.0109375 0.02265625
0 0.47734375 0.165625 0.01796875 0.03828125
0 0.45546875 0.1640625 0.01796875 0.0390625
0 0.4875 0.3 0.03046875 0.065625
0 0.46875 0.2359375 0.02265625 0.053125
0 0.46015625 0.19609375 0.01796875 0.03671875
0 0.44453125 0.22109375 0.01953125 0.04453125
0 0.43046875 0.16953125 0.0171875 0.03828125
0 0.42578125 0.21953125 0.01484375 0.03984375
0 0.40625 0.175 0.01484375 0.0296875
0 0.40390625 0.2859375 0.021875 0.04453125
0 0.38984375 0.19609375 0.01484375 0.0390625
0 0.38046875 0.21953125 0.015625 0.0484375
0 0.36640625 0.2140625 0.0140625 0.040625
0 0.34296875 0.221875 0.01875 0.04765625
0 0.3390625 0.265625 0.02109375 0.03984375
0 0.31328125 0.22578125 0.0171875 0.03125
0 0.31796875 0.2734375 0.01796875 0.034375
0 0.29765625 0.2578125 0.021875 0.04921875
0 0.27734375 0.2625 0.01796875 0.03828125
0 0.2546875 0.27421875 0.02109375 0.040625