0 0.79609375 0.44375 0.0609375 0.13515625
0 0.76015625 0.37578125 0.05 0.12265625
0 0.73359375 0.19921875 0.0265625 0.06875
0 0.665625 0.278125 0.0375 0.059375
0 0.59765625 0.18671875 0.02578125 0.04375
0 0.5765625 0.22109375 0.0203125 0.04296875
0 0.5546875 0.225 0.02734375 0.04140625
0 0.5703125 0.2828125 0.03046875 0.05390625
0 0.51484375 0.3140625 0.03203125 0.05859375
0 0.478125 0.2125 0.02109375 0.04609375
0 0.52578125 0.1921875 0.0265625 0.040625
0 0.5453125 0.16015625 0.0171875 0.03203125
0 0.5296875 0.15703125 0.01640625 0.0359375
0 0.51640625 0.1375 0.01875 0.03359375
0 0.49296875 0.17578125 0.0203125 0.03828125
0 0.4703125 0.140625 0.0203125 0.0359375
0 0.4453125 0.1546875 0.01953125 0.03671875
0 0.42265625 0.1625 0.01640625 0.03828125
0 0.43515625 0.11796875 0.015625 0.03046875
0 0.3421875 0.10625 0.0234375 0.03203125
0 0.30546875 0.096875 0.01484375 0.03828125
0 0.253125 0.10625 0.01640625 0.03515625
0 0.2890625 0.14921875 0.01796875 0.03515625
0 0.27421875 0.1640625 0.01796875 0.0328125
0 0.25546875 0.14765625 0.01484375 0.03515625
0 0.3046875 0.178125 0.01796875 0.04375
0 0.31875 0.1625 0.01953125 0.0328125
0 0.38046875 0.25 0.02421875 0.05859375
0 0.3421875 0.25703125 0.025 0.06171875
0 0.284375 0.28046875 0.03046875 0.06171875
0 0.2296875 0.30546875 0.03046875 0.06484375
0 0.19140625 0.13125 0.01640625 0.03203125
0 0.20234375 0.18125 0.0203125 0.03515625
0 0.24453125 0.16953125 0.01953125 0.0375
0 0.1546875 0.19140625 0.021875 0.04140625
0 0.12890625 0.2296875 0.0234375 0.046875