0 0.85859375 0.56015625 0.04609375 0.096875
0 0.17265625 0.5359375 0.03125 0.0609375
0 0.07265625 0.48984375 0.02578125 0.05390625
0 0.1375 0.46640625 0.025 0.0640625
0 0.13203125 0.3734375 0.02734375 0.0453125
0 0.1765625 0.37421875 0.0234375 0.03671875
0 0.2109375 0.43828125 0.03125 0.0546875
0 0.29140625 0.54375 0.028125 0.0609375
0 0.2703125 0.40390625 0.028125 0.06796875
0 0.2984375 0.37734375 0.02109375 0.05859375
0 0.325 0.378125 0.02265625 0.05390625
0 0.34765625 0.3625 0.01796875 0.0390625
0 0.35390625 0.4859375 0.034375 0.07734375
0 0.39921875 0.41015625 0.02421875 0.05234375
0 0.40703125 0.4484375 0.0375 0.071875
0 0.47421875 0.45703125 0.0359375 0.07578125
0 0.528125 0.40703125 0.04765625 0.07421875
0 0.4640625 0.38515625 0.025 0.059375
0 0.39375 0.35234375 0.02734375 0.04296875
0 0.35859375 0.3125 0.02578125 0.0359375
0 0.3078125 0.33203125 0.02890625 0.04765625
0 0.31796875 0.28359375 0.01875 0.04453125
0 0.278125 0.29765625 0.01875 0.04765625
0 0.22109375 0.2921875 0.02421875 0.03671875
0 0.1734375 0.3078125 0.01796875 0.0328125
0 0.15703125 0.33671875 0.015625 0.03671875
0 0.14140625 0.328125 0.01015625 0.03828125
0 0.115625 0.3296875 0.0125 0.0390625
0 0.0921875 0.35546875 0.01875 0.03671875
0 0.05703125 0.3734375 0.02578125 0.0453125
0 0.06484375 0.325 0.01328125 0.06015625
0 0.05 0.31171875 0.0140625 0.028125
0 0.04765625 0.28203125 0.0125 0.028125
0 0.0921875 0.2765625 0.01484375 0.025
0 0.1078125 0.2609375 0.01796875 0.0296875
0 0.13828125 0.27734375 0.01328125 0.02890625
0 0.1484375 0.25 0.0265625 0.03359375
0 0.1765625 0.25078125 0.02109375 0.0390625
0 0.2046875 0.24375 0.01640625 0.0359375
0 0.2234375 0.26484375 0.01328125 0.03125
0 0.240625 0.2609375 0.015625 0.0296875
0 0.2453125 0.23359375 0.01171875 0.02265625
0 0.28828125 0.2515625 0.021875 0.021875
0 0.2578125 0.25234375 0.015625 0.03125
0 0.28125 0.2265625 0.015625 0.034375
0 0.3171875 0.228125 0.0140625 0.03125
0 0.3265625 0.221875 0.01171875 0.034375
0 0.346875 0.2578125 0.01328125 0.02734375
0 0.35390625 0.2265625 0.01015625 0.03125
0 0.37734375 0.20625 0.015625 0.021875
0 0.3890625 0.25546875 0.01640625 0.03203125
0 0.41015625 0.2421875 0.01796875 0.02421875
0 0.38984375 0.2234375 0.01171875 0.0375
0 0.42734375 0.21953125 0.01640625 0.02890625
0 0.44140625 0.24765625 0.01484375 0.03515625
0 0.446875 0.29765625 0.01875 0.04765625
0 0.4734375 0.278125 0.0171875 0.0421875
0 0.48828125 0.27109375 0.0171875 0.03828125
0 0.53203125 0.24921875 0.0171875 0.02265625
0 0.52265625 0.2375 0.0125 0.040625
0 0.53046875 0.2796875 0.01484375 0.03671875
0 0.50625 0.303125 0.03203125 0.0234375
0 0.4875 0.33671875 0.0125 0.04375
0 0.52578125 0.328125 0.0296875 0.03828125
0 0.578125 0.28984375 0.015625 0.034375
0 0.559375 0.31328125 0.015625 0.028125
0 0.58515625 0.3421875 0.0296875 0.03515625
0 0.58984375 0.3078125 0.015625 0.0390625
0 0.60546875 0.26328125 0.02109375 0.04140625
0 0.565625 0.259375 0.02109375 0.046875
0 0.64765625 0.303125 0.0140625 0.04296875
0 0.64140625 0.3546875 0.034375 0.03515625
0 0.6171875 0.353125 0.00859375 0.02578125
0 0.7171875 0.32109375 0.025 0.03984375
0 0.70390625 0.36953125 0.02109375 0.03359375
0 0.740625 0.36171875 0.021875 0.0390625
0 0.76796875 0.34453125 0.025 0.053125