0 0.78046875 0.3953125 0.06796875 0.09140625
0 0.08671875 0.3296875 0.02890625 0.0578125
0 0.1671875 0.25859375 0.021875 0.03984375
0 0.08046875 0.24375 0.01640625 0.0421875
0 0.04609375 0.225 0.01796875 0.04375
0 0.0625 0.19765625 0.01953125 0.03828125
0 0.0953125 0.14921875 0.015625 0.034375
0 0.09609375 0.19140625 0.0203125 0.0421875
0 0.1171875 0.23203125 0.02109375 0.04375
0 0.13046875 0.15859375 0.01640625 0.028125
0 0.13984375 0.18359375 0.0265625 0.02421875
0 0.159375 0.22421875 0.02109375 0.0453125
0 0.18671875 0.1828125 0.01484375 0.0328125
0 0.1734375 0.16796875 0.01171875 0.0375
0 0.159375 0.16015625 0.015625 0.04140625
0 0.1796875 0.13515625 0.0171875 0.0296875
0 0.19609375 0.13359375 0.015625 0.02265625
0 0.221875 0.1265625 0.01484375 0.02265625
0 0.22734375 0.1484375 0.01015625 0.01875
0 0.21328125 0.1625 0.0125 0.02734375
0 0.253125 0.12109375 0.021875 0.03515625
0 0.275 0.13671875 0.0203125 0.02421875
0 0.27109375 0.16640625 0.01171875 0.02890625
0 0.246875 0.1921875 0.015625 0.0296875
0 0.240625 0.25546875 0.02734375 0.07578125
0 0.28046875 0.23671875 0.01796875 0.0609375
0 0.29296875 0.1828125 0.01640625 0.05703125
0 0.33046875 0.17890625 0.01796875 0.0484375
0 0.3421875 0.2296875 0.01875 0.03984375
0 0.38984375 0.20625 0.0234375 0.0515625
0 0.38671875 0.246875 0.028125 0.059375
0 0.446875 0.2234375 0.025 0.053125
0 0.34765625 0.3421875 0.03359375 0.06796875
0 0.26328125 0.36953125 0.0265625 0.0609375
0 0.321875 0.278125 0.02734375 0.0625
0 0.20078125 0.28671875 0.025 0.071875
0 0.3 0.10390625 0.0203125 0.0265625
0 0.31875 0.1046875 0.0140625 0.01640625
0 0.328125 0.12109375 0.015625 0.0453125
0 0.35234375 0.11640625 0.01796875 0.025
0 0.3625 0.103125 0.0140625 0.028125
0 0.371875 0.10625 0.0125 0.025
0 0.35859375 0.15625 0.0171875 0.05390625
0 0.37734375 0.13671875 0.01171875 0.03203125
0 0.39609375 0.1265625 0.0171875 0.02265625
0 0.4046875 0.1171875 0.015625 0.0359375
0 0.428125 0.1140625 0.01484375 0.03828125
0 0.40234375 0.1484375 0.01796875 0.0515625
0 0.42421875 0.17265625 0.01953125 0.04765625
0 0.4375 0.1359375 0.01328125 0.028125
0 0.45625 0.15 0.01328125 0.03671875
0 0.44375 0.18515625 0.0109375 0.0359375
0 0.45625 0.12578125 0.0109375 0.03515625
0 0.46953125 0.14765625 0.015625 0.034375
0 0.4890625 0.128125 0.01328125 0.03203125
0 0.50234375 0.1171875 0.01328125 0.0296875
0 0.4796875 0.1703125 0.0171875 0.03359375
0 0.50546875 0.1484375 0.01875 0.03046875
0 0.5359375 0.1265625 0.01640625 0.02265625
0 0.53125 0.15703125 0.0125 0.03828125
0 0.52109375 0.1984375 0.0140625 0.05625
0 0.5609375 0.18671875 0.0234375 0.03203125
0 0.55234375 0.146875 0.0109375 0.034375
0 0.58046875 0.15390625 0.01328125 0.0328125
0 0.5796875 0.1796875 0.0125 0.03828125
0 0.60078125 0.171875 0.02109375 0.0453125
0 0.62578125 0.17421875 0.015625 0.0296875
0 0.5828125 0.24375 0.01640625 0.0484375
0 0.6109375 0.20703125 0.0171875 0.0390625
0 0.59296875 0.228125 0.0125 0.046875
0 0.6421875 0.2484375 0.0171875 0.0421875
0 0.6359375 0.1859375 0.01875 0.04609375
0 0.66875 0.17578125 0.02109375 0.03984375
0 0.68125 0.2296875 0.02109375 0.053125
0 0.6875 0.20546875 0.01796875 0.034375
0 0.71640625 0.225 0.015625 0.04453125