0 0.86484375 0.36328125 0.05546875 0.09375
0 0.103125 0.4140625 0.0375 0.0890625
0 0.17578125 0.403125 0.03984375 0.08203125
0 0.2546875 0.3875 0.03828125 0.0859375
0 0.08671875 0.3375 0.0421875 0.0640625
0 0.1625 0.30703125 0.03203125 0.07265625
0 0.13203125 0.27109375 0.0265625 0.0578125
0 0.3046875 0.31015625 0.03671875 0.059375
0 0.225 0.30859375 0.03359375 0.06328125
0 0.3984375 0.3265625 0.034375 0.06484375
0 0.44375 0.28671875 0.0296875 0.05703125
0 0.5046875 0.28515625 0.0265625 0.05546875
0 0.565625 0.22578125 0.025 0.05859375
0 0.61171875 0.2484375 0.02265625 0.04453125
0 0.63828125 0.24140625 0.02109375 0.04140625
0 0.6640625 0.234375 0.0203125 0.0484375
0 0.6921875 0.2375 0.02109375 0.0484375
0 0.11875 0.22109375 0.02421875 0.04453125
0 0.19765625 0.21640625 0.0234375 0.04453125
0 0.1859375 0.259375 0.02421875 0.04609375
0 0.27734375 0.29453125 0.03125 0.0609375
0 0.378125 0.25234375 0.02890625 0.05078125
0 0.28984375 0.2296875 0.02578125 0.05
0 0.2421875 0.18203125 0.0234375 0.0453125
0 0.33203125 0.2828125 0.0296875 0.06328125
0 0.4171875 0.23828125 0.02890625 0.0578125
0 0.32890625 0.17578125 0.02109375 0.04296875
0 0.37421875 0.20859375 0.0234375 0.03984375
0 0.4953125 0.2078125 0.02265625 0.04921875
0 0.44296875 0.18046875 0.0203125 0.04375
0 0.41328125 0.17421875 0.02109375 0.04453125
0 0.54375 0.21171875 0.02265625 0.04375
0 0.61171875 0.18984375 0.02109375 0.04375
0 0.5828125 0.1828125 0.01953125 0.0421875
0 0.5125 0.17265625 0.01953125 0.03515625
0 0.07421875 0.21953125 0.0234375 0.05
0 0.22109375 0.1375 0.01953125 0.0375
0 0.25078125 0.12734375 0.02109375 0.0375
0 0.290625 0.103125 0.0203125 0.03125
0 0.38125 0.1453125 0.02109375 0.0375
0 0.19765625 0.1765625 0.0203125 0.0390625
0 0.3328125 0.13359375 0.0203125 0.0328125
0 0.4140625 0.11640625 0.0171875 0.03671875
0 0.33125 0.09765625 0.015625 0.0328125
0 0.53515625 0.16640625 0.01953125 0.0375
0 0.5765625 0.1453125 0.0171875 0.0296875
0 0.66328125 0.17890625 0.01796875 0.0390625
0 0.2421875 0.24609375 0.02578125 0.0484375
0 0.29296875 0.1765625 0.02109375 0.03984375
0 0.440625 0.1203125 0.01796875 0.028125
0 0.484375 0.134375 0.0140625 0.0359375