0 0.91171875 0.54609375 0.04921875 0.11796875
0 0.13828125 0.5140625 0.040625 0.071875
0 0.20703125 0.44765625 0.03671875 0.0671875
0 0.11875 0.40390625 0.028125 0.0640625
0 0.04453125 0.43046875 0.03203125 0.06328125
0 0.2734375 0.390625 0.0296875 0.06640625
0 0.34765625 0.390625 0.03125 0.0578125
0 0.3984375 0.37578125 0.03046875 0.06015625
0 0.43125 0.32421875 0.03046875 0.0578125
0 0.3921875 0.28515625 0.03203125 0.0609375
0 0.14140625 0.34609375 0.02734375 0.0546875
0 0.2 0.30546875 0.0296875 0.05390625
0 0.25234375 0.28828125 0.02578125 0.0484375
0 0.34453125 0.2484375 0.02734375 0.0515625
0 0.2859375 0.27734375 0.025 0.05390625
0 0.30859375 0.21640625 0.02265625 0.04921875
0 0.02265625 0.359375 0.021875 0.04765625
0 0.04765625 0.36640625 0.0234375 0.05078125
0 0.07109375 0.31953125 0.0234375 0.04921875
0 0.01640625 0.25078125 0.01640625 0.04375
0 0.04375 0.24375 0.01875 0.0421875
0 0.20703125 0.2515625 0.0203125 0.05
0 0.259375 0.225 0.021875 0.04765625
0 0.18125 0.21953125 0.0203125 0.03984375
0 0.0671875 0.26171875 0.01640625 0.0375
0 0.09921875 0.2203125 0.01640625 0.03515625
0 0.1328125 0.2328125 0.01875 0.0421875
0 0.22421875 0.20078125 0.0171875 0.03828125
0 0.18984375 0.1828125 0.02109375 0.03359375
0 0.29296875 0.1546875 0.0171875 0.040625
0 0.31484375 0.15234375 0.01796875 0.04375
0 0.34453125 0.1734375 0.0171875 0.03515625
0 0.3984375 0.20859375 0.0203125 0.0484375
0 0.3453125 0.1359375 0.01640625 0.04140625
0 0.37109375 0.121875 0.015625 0.0375
0 0.3984375 0.14765625 0.01796875 0.0296875
0 0.40703125 0.1203125 0.0171875 0.02734375
0 0.4296875 0.1328125 0.0171875 0.03984375
0 0.47578125 0.2296875 0.01875 0.04609375
0 0.4859375 0.16171875 0.01875 0.04453125
0 0.51484375 0.15 0.01796875 0.03828125
0 0.56875 0.290625 0.025 0.05234375
0 0.53203125 0.23984375 0.02421875 0.05234375
0 0.51015625 0.19921875 0.02109375 0.0421875
0 0.53203125 0.1734375 0.01875 0.04921875
0 0.575 0.18984375 0.01796875 0.0421875
0 0.615625 0.1890625 0.01953125 0.04296875
0 0.64609375 0.196875 0.02109375 0.03125
0 0.61171875 0.23515625 0.01953125 0.03984375
0 0.6484375 0.26640625 0.0203125 0.0546875
0 0.67421875 0.221875 0.01953125 0.05078125
0 0.70390625 0.23984375 0.01796875 0.04453125
0 0.7015625 0.2 0.02421875 0.0296875
0 0.73359375 0.23515625 0.01953125 0.0421875
0 0.7828125 0.28125 0.021875 0.046875