0 0.8546875 0.540625 0.04453125 0.0859375
0 0.7734375 0.33828125 0.0171875 0.0453125
0 0.74609375 0.3625 0.0171875 0.04140625
0 0.7171875 0.31171875 0.01875 0.0359375
0 0.71484375 0.36328125 0.0234375 0.0421875
0 0.68515625 0.38515625 0.02578125 0.04296875
0 0.65625 0.33046875 0.01796875 0.03671875
0 0.65625 0.3 0.015625 0.0328125
0 0.62734375 0.346875 0.0203125 0.0453125
0 0.59921875 0.3359375 0.01875 0.0453125
0 0.61875 0.26171875 0.01640625 0.03046875
0 0.5890625 0.2765625 0.01796875 0.0296875
0 0.60625 0.30078125 0.0171875 0.02734375
0 0.54765625 0.31796875 0.02109375 0.0390625
0 0.5125 0.334375 0.01953125 0.04765625
0 0.553125 0.27421875 0.0171875 0.03828125
0 0.58046875 0.2578125 0.0171875 0.025
0 0.49375 0.27578125 0.015625 0.03671875
0 0.46328125 0.28828125 0.021875 0.03671875
0 0.509375 0.26796875 0.01875 0.034375
0 0.55234375 0.24921875 0.0171875 0.02578125
0 0.46484375 0.2484375 0.01484375 0.034375
0 0.434375 0.26171875 0.01484375 0.03515625
0 0.44921875 0.2234375 0.0140625 0.028125
0 0.40859375 0.209375 0.0125 0.0328125
0 0.41640625 0.253125 0.0125 0.03359375
0 0.38046875 0.228125 0.01484375 0.0375
0 0.35859375 0.221875 0.01171875 0.028125
0 0.34375 0.23125 0.015625 0.0328125
0 0.325 0.221875 0.0171875 0.0296875
0 0.31484375 0.25078125 0.01796875 0.0375
0 0.31015625 0.29921875 0.01796875 0.046875
0 0.3515625 0.27890625 0.01875 0.0375
0 0.3765625 0.26015625 0.015625 0.03984375
0 0.38671875 0.30625 0.0203125 0.03984375
0 0.3390625 0.32421875 0.0234375 0.040625
0 0.4203125 0.3375 0.02578125 0.0578125
0 0.378125 0.35859375 0.02265625 0.05546875
0 0.35703125 0.365625 0.02421875 0.05546875
0 0.33203125 0.36640625 0.0265625 0.04765625
0 0.30390625 0.39921875 0.03046875 0.05546875
0 0.48515625 0.38125 0.0265625 0.04921875
0 0.54609375 0.4046875 0.02734375 0.06171875
0 0.484375 0.4328125 0.0328125 0.06328125
0 0.43125 0.446875 0.0296875 0.07109375
0 0.3875 0.471875 0.034375 0.059375
0 0.32265625 0.54296875 0.03828125 0.07890625
0 0.25234375 0.4390625 0.0296875 0.06640625
0 0.2640625 0.3 0.0171875 0.03984375
0 0.2765625 0.26015625 0.01875 0.03984375
0 0.28984375 0.2515625 0.01171875 0.0359375
0 0.2734375 0.23203125 0.01484375 0.02890625
0 0.26171875 0.259375 0.01796875 0.03203125
0 0.24296875 0.240625 0.01484375 0.03125
0 0.21640625 0.2421875 0.01953125 0.0328125
0 0.1828125 0.2578125 0.02109375 0.034375
0 0.17265625 0.2796875 0.01796875 0.0375
0 0.15078125 0.259375 0.01484375 0.0359375
0 0.134375 0.2796875 0.01953125 0.04609375
0 0.09296875 0.30078125 0.0140625 0.028125
0 0.103125 0.3171875 0.01796875 0.0328125
0 0.10078125 0.36640625 0.0203125 0.04609375
0 0.1328125 0.34921875 0.0203125 0.0453125
0 0.15703125 0.3390625 0.01796875 0.0375
0 0.14765625 0.32421875 0.0125 0.0328125
0 0.1796875 0.32890625 0.01484375 0.0375
0 0.20625 0.30234375 0.0203125 0.040625
0 0.20703125 0.2734375 0.0203125 0.0375
0 0.20546875 0.3453125 0.01796875 0.04296875
0 0.21328125 0.3609375 0.0234375 0.0484375
0 0.17109375 0.36640625 0.0234375 0.05546875
0 0.11640625 0.48203125 0.02578125 0.05234375
0 0.1796875 0.46953125 0.028125 0.0578125
0 0.2125 0.52421875 0.03125 0.08203125
0 0.246875 0.27734375 0.0171875 0.03359375