0 0.11171875 0.28125 0.021875 0.05
0 0.33984375 0.2140625 0.02109375 0.03984375
0 0.3859375 0.10703125 0.0140625 0.02578125
0 0.40390625 0.25234375 0.02734375 0.03828125
0 0.41875 0.22109375 0.01953125 0.03671875
0 0.44140625 0.2171875 0.02578125 0.0453125
0 0.6265625 0.12578125 0.01640625 0.03671875
0 0.503125 0.21484375 0.02109375 0.04375
0 0.51171875 0.1890625 0.01796875 0.04140625
0 0.53671875 0.19296875 0.021875 0.04296875
0 0.5875 0.16953125 0.02109375 0.0375
0 0.6625 0.19296875 0.01875 0.04453125
0 0.703125 0.1953125 0.01953125 0.0453125
0 0.63671875 0.25234375 0.02421875 0.0484375
0 0.71953125 0.2953125 0.0296875 0.065625
0 0.83359375 0.2296875 0.0203125 0.05
0 0.8421875 0.19765625 0.01796875 0.03125
0 0.88671875 0.22265625 0.01640625 0.046875
0 0.865625 0.2890625 0.02265625 0.0578125
0 0.83984375 0.334375 0.0234375 0.0671875
0 0.9421875 0.24375 0.015625 0.0375
0 0.92109375 0.2859375 0.02890625 0.046875