0 0.63359375 0.52109375 0.08671875 0.121875
0 0.71484375 0.39296875 0.05390625 0.11640625
0 0.59140625 0.20390625 0.03359375 0.06171875
0 0.56640625 0.20859375 0.01640625 0.03828125
0 0.5484375 0.21171875 0.01328125 0.0390625
0 0.52265625 0.24375 0.01953125 0.04375
0 0.48984375 0.2234375 0.02578125 0.04609375
0 0.40546875 0.25859375 0.0296875 0.04375
0 0.3546875 0.24921875 0.025 0.05
0 0.35078125 0.1296875 0.0125 0.04609375
0 0.3859375 0.1203125 0.01484375 0.02734375
0 0.40703125 0.13203125 0.01328125 0.03828125