0 0.3859375 0.47109375 0.06640625 0.14765625
0 0.2296875 0.409375 0.06484375 0.12578125
0 0.3609375 0.1578125 0.0234375 0.05078125
0 0.41171875 0.20234375 0.01796875 0.04765625
0 0.446875 0.25859375 0.02578125 0.05625
0 0.43984375 0.20234375 0.0203125 0.04375
0 0.4890625 0.21875 0.02265625 0.05234375
0 0.47265625 0.22578125 0.0140625 0.05078125
0 0.603125 0.21015625 0.02578125 0.04921875
0 0.65390625 0.2390625 0.025 0.06484375
0 0.67890625 0.103125 0.0140625 0.03828125
0 0.64921875 0.1140625 0.01953125 0.0390625
0 0.61640625 0.11484375 0.01640625 0.03515625
0 0.5984375 0.1046875 0.0140625 0.03671875