0 0.2109375 0.36484375 0.05078125 0.11953125
0 0.32734375 0.22734375 0.0234375 0.03828125
0 0.33046875 0.19296875 0.0203125 0.03671875
0 0.35 0.21171875 0.01953125 0.040625
0 0.41171875 0.20703125 0.01796875 0.040625
0 0.42109375 0.17890625 0.01875 0.0328125
0 0.45546875 0.21015625 0.02265625 0.03984375
0 0.4890625 0.2234375 0.02578125 0.0453125
0 0.44140625 0.1578125 0.01484375 0.03359375
0 0.46484375 0.15390625 0.015625 0.0328125
0 0.47265625 0.1359375 0.01640625 0.0234375
0 0.51171875 0.16484375 0.01796875 0.03515625
0 0.5015625 0.146875 0.01015625 0.01953125
0 0.51015625 0.13828125 0.0125 0.025
0 0.5140625 0.1234375 0.01171875 0.02421875
0 0.525 0.13203125 0.0171875 0.02265625
0 0.553125 0.12578125 0.01328125 0.0296875
0 0.53359375 0.1609375 0.01640625 0.03671875
0 0.5484375 0.19375 0.021875 0.03828125
0 0.5640625 0.15234375 0.0140625 0.03203125
0 0.58515625 0.171875 0.02265625 0.040625
0 0.5921875 0.115625 0.0109375 0.02734375
0 0.60390625 0.12734375 0.01171875 0.0265625
0 0.6 0.1484375 0.0171875 0.0296875
0 0.63203125 0.14921875 0.01953125 0.0359375
0 0.6390625 0.12734375 0.01328125 0.02734375
0 0.64609375 0.1140625 0.01328125 0.02578125
0 0.51796875 0.28515625 0.02578125 0.05390625
0 0.57734375 0.2421875 0.02265625 0.0515625
0 0.6234375 0.20703125 0.0265625 0.0453125
0 0.6359375 0.25390625 0.0234375 0.05
0 0.59296875 0.31328125 0.03046875 0.07421875
0 0.58359375 0.29375 0.02109375 0.05390625
0 0.6640625 0.33828125 0.03046875 0.08515625
0 0.65625 0.2921875 0.02421875 0.0453125
0 0.6671875 0.22421875 0.02421875 0.05078125
0 0.67109375 0.17890625 0.01640625 0.0359375
0 0.65 0.15390625 0.01484375 0.03125
0 0.65390625 0.13671875 0.0109375 0.02421875
0 0.66328125 0.121875 0.0125 0.0234375
0 0.6875 0.128125 0.01484375 0.03359375
0 0.69921875 0.128125 0.0125 0.0265625
0 0.709375 0.16796875 0.01875 0.03359375
0 0.7015625 0.20859375 0.02109375 0.0484375
0 0.721875 0.2421875 0.0234375 0.0515625
0 0.73984375 0.18203125 0.01953125 0.03984375
0 0.7546875 0.13359375 0.0171875 0.03828125
0 0.7640625 0.15546875 0.01796875 0.0390625
0 0.78125 0.14453125 0.01640625 0.0265625
0 0.80078125 0.17265625 0.0171875 0.034375
0 0.77734375 0.18984375 0.0171875 0.04453125
0 0.7890625 0.2171875 0.0203125 0.04765625
0 0.8125 0.19765625 0.01640625 0.040625
0 0.82890625 0.1859375 0.01953125 0.03671875
0 0.8421875 0.16015625 0.0171875 0.0359375
0 0.87578125 0.165625 0.0171875 0.03828125
0 0.9109375 0.17734375 0.01640625 0.03515625
0 0.921875 0.17578125 0.01328125 0.0328125
0 0.946875 0.18125 0.0171875 0.03984375
0 0.86875 0.19765625 0.0140625 0.0390625
0 0.88359375 0.22890625 0.0203125 0.040625
0 0.93515625 0.2390625 0.01875 0.0421875
0 0.91484375 0.24921875 0.02265625 0.04453125
0 0.84453125 0.22890625 0.01875 0.04375
0 0.84921875 0.19609375 0.0171875 0.0359375
0 0.80078125 0.29140625 0.0265625 0.05390625
0 0.815625 0.2703125 0.02265625 0.0453125
0 0.8765625 0.26875 0.02421875 0.053125
0 0.92578125 0.29140625 0.0265625 0.053125
0 0.91328125 0.33828125 0.028125 0.0578125
0 0.8359375 0.30859375 0.03203125 0.0609375
0 0.72421875 0.378125 0.03984375 0.078125
0 0.81875 0.3625 0.03515625 0.0734375
0 0.896875 0.4328125 0.03984375 0.090625