0 0.05546875 0.23203125 0.0296875 0.0453125
0 0.26328125 0.22421875 0.02421875 0.07109375
0 0.3046875 0.28828125 0.034375 0.03671875
0 0.36328125 0.33828125 0.025 0.06015625
0 0.38125 0.284375 0.01875 0.05546875
0 0.365625 0.22734375 0.03046875 0.040625
0 0.31875 0.22421875 0.0265625 0.04296875
0 0.3265625 0.18671875 0.01875 0.03984375
0 0.3640625 0.12421875 0.02734375 0.04140625
0 0.4359375 0.19296875 0.02265625 0.04453125
0 0.4546875 0.17890625 0.02109375 0.0375
0 0.5203125 0.13125 0.01328125 0.0375
0 0.5140625 0.175 0.01875 0.03046875
0 0.5375 0.17890625 0.0203125 0.04296875
0 0.553125 0.240625 0.0296875 0.0359375
0 0.58828125 0.20546875 0.02265625 0.04140625