0 0.57265625 0.20859375 0.02109375 0.0578125
0 0.53671875 0.2046875 0.02265625 0.05
0 0.3765625 0.1484375 0.01875 0.0390625
0 0.33828125 0.1453125 0.01953125 0.03046875
0 0.3484375 0.12578125 0.015625 0.03203125
0 0.2484375 0.15078125 0.01953125 0.0390625
0 0.23046875 0.15390625 0.01953125 0.0390625
0 0.17421875 0.26171875 0.02578125 0.0625
0 0.12890625 0.18671875 0.0203125 0.03046875
0 0.05625 0.1890625 0.01796875 0.0328125
0 0.1078125 0.2171875 0.02421875 0.03984375
0 0.08125 0.2546875 0.02421875 0.053125
0 0.10859375 0.25546875 0.0203125 0.04140625