0 0.85703125 0.428125 0.04296875 0.0859375
0 0.39921875 0.33828125 0.034375 0.07109375
0 0.42890625 0.28359375 0.02578125 0.05625
0 0.51171875 0.315625 0.0296875 0.05234375
0 0.6109375 0.2796875 0.025 0.0484375
0 0.640625 0.25859375 0.02578125 0.04765625
0 0.68984375 0.28828125 0.02578125 0.03984375
0 0.16015625 0.3265625 0.0296875 0.06171875
0 0.21875 0.2796875 0.028125 0.05703125
0 0.2640625 0.26328125 0.0265625 0.04609375
0 0.32265625 0.25546875 0.03046875 0.04765625
0 0.37890625 0.23984375 0.021875 0.04375
0 0.07890625 0.26171875 0.021875 0.04921875
0 0.1390625 0.26875 0.025 0.05546875
0 0.16875 0.22265625 0.0203125 0.05
0 0.2453125 0.21953125 0.02265625 0.04375
0 0.2734375 0.21953125 0.02265625 0.0484375
0 0.34140625 0.2171875 0.01953125 0.04296875
0 0.22109375 0.20625 0.0234375 0.04609375
0 0.1125 0.20390625 0.01953125 0.03515625
0 0.15546875 0.19140625 0.0171875 0.034375
0 0.19375 0.18203125 0.0203125 0.040625
0 0.1890625 0.12265625 0.0140625 0.0296875
0 0.1609375 0.146875 0.0171875 0.03203125
0 0.23125 0.13515625 0.01328125 0.0296875
0 0.25859375 0.12109375 0.0140625 0.02890625
0 0.32265625 0.11953125 0.01484375 0.03125
0 0.290625 0.15234375 0.01640625 0.034375
0 0.415625 0.17578125 0.01484375 0.03046875
0 0.528125 0.23125 0.01796875 0.03984375
0 0.47265625 0.20546875 0.01953125 0.040625
0 0.4546875 0.1609375 0.0171875 0.03359375
0 0.434375 0.1515625 0.01484375 0.0296875
0 0.5671875 0.24296875 0.021875 0.0390625
0 0.55703125 0.16875 0.01875 0.03984375
0 0.5921875 0.19453125 0.0171875 0.0375
0 0.61171875 0.18359375 0.01484375 0.0375
0 0.6375 0.20078125 0.0171875 0.03203125
0 0.725 0.27265625 0.01640625 0.03203125
0 0.68828125 0.23515625 0.01796875 0.02890625
0 0.6671875 0.225 0.01640625 0.03515625
0 0.38125 0.1515625 0.0140625 0.02734375
0 0.4453125 0.2515625 0.02109375 0.0453125
0 0.74453125 0.26953125 0.0171875 0.03671875
0 0.234375 0.1703125 0.01640625 0.0390625
0 0.21328125 0.153125 0.01484375 0.03515625
0 0.51328125 0.1390625 0.01171875 0.0234375
0 0.5046875 0.153125 0.01640625 0.0234375
0 0.334375 0.18125 0.01953125 0.034375