0 0.33984375 0.34453125 0.04765625 0.0890625
0 0.26015625 0.3640625 0.034375 0.06953125
0 0.29765625 0.3140625 0.0328125 0.05546875
0 0.44609375 0.3125 0.021875 0.07890625
0 0.50078125 0.30078125 0.0265625 0.05703125
0 0.44140625 0.24453125 0.0265625 0.05703125
0 0.390625 0.23828125 0.01875 0.0484375
0 0.3453125 0.2578125 0.02421875 0.0484375
0 0.28125 0.27578125 0.0328125 0.06875
0 0.2109375 0.2875 0.0359375 0.0546875
0 0.13828125 0.29921875 0.0359375 0.06328125
0 0.090625 0.2515625 0.02109375 0.04609375
0 0.12734375 0.24453125 0.0234375 0.05859375
0 0.17109375 0.23984375 0.021875 0.05703125
0 0.17890625 0.20390625 0.015625 0.0359375
0 0.15859375 0.18359375 0.01953125 0.028125
0 0.13046875 0.2 0.01328125 0.03828125
0 0.11328125 0.19921875 0.0140625 0.03828125
0 0.13203125 0.140625 0.01796875 0.028125
0 0.15859375 0.14296875 0.01640625 0.034375
0 0.16953125 0.159375 0.021875 0.04296875
0 0.18984375 0.17109375 0.01953125 0.03046875
0 0.1953125 0.134375 0.01875 0.025
0 0.21015625 0.1546875 0.02265625 0.0359375
0 0.21796875 0.19765625 0.0203125 0.046875
0 0.24296875 0.2296875 0.0203125 0.04140625
0 0.2625 0.18515625 0.0203125 0.03828125
0 0.234375 0.165625 0.0140625 0.0421875
0 0.25234375 0.14453125 0.01953125 0.03828125
0 0.22734375 0.11953125 0.021875 0.05078125
0 0.2640625 0.15546875 0.0171875 0.02890625
0 0.290625 0.17890625 0.02578125 0.0359375
0 0.2984375 0.153125 0.02890625 0.034375
0 0.290625 0.221875 0.0265625 0.05390625
0 0.3515625 0.2171875 0.02421875 0.0390625
0 0.38984375 0.20234375 0.02578125 0.03359375
0 0.35 0.1671875 0.02734375 0.04296875
0 0.33359375 0.1078125 0.01484375 0.0296875
0 0.3546875 0.11640625 0.0109375 0.0265625
0 0.41171875 0.10390625 0.01953125 0.0375
0 0.37890625 0.1421875 0.01953125 0.02578125
0 0.4125 0.15625 0.0203125 0.03125
0 0.434375 0.15859375 0.0140625 0.03515625
0 0.45234375 0.13671875 0.009375 0.021875
0 0.45 0.1828125 0.01640625 0.04453125
0 0.4765625 0.14296875 0.01953125 0.034375
0 0.51328125 0.13359375 0.02265625 0.0453125
0 0.50078125 0.1203125 0.01015625 0.025
0 0.534375 0.134375 0.015625 0.0296875
0 0.53203125 0.1609375 0.01796875 0.028125
0 0.5171875 0.18828125 0.01640625 0.025
0 0.4921875 0.17265625 0.01484375 0.02890625
0 0.52734375 0.22578125 0.021875 0.02890625
0 0.5546875 0.21796875 0.025 0.04453125
0 0.55859375 0.1609375 0.02265625 0.04609375
0 0.5703125 0.18203125 0.01953125 0.0421875
0 0.590625 0.1734375 0.0234375 0.03203125
0 0.60625 0.18515625 0.0203125 0.03046875
0 0.59765625 0.2234375 0.01796875 0.0421875
0 0.60625 0.25703125 0.0203125 0.05703125
0 0.57421875 0.27421875 0.028125 0.07109375
0 0.6484375 0.21328125 0.01328125 0.0421875
0 0.66171875 0.2078125 0.021875 0.02578125
0 0.69609375 0.2609375 0.01796875 0.03671875
0 0.67578125 0.2796875 0.02109375 0.0359375
0 0.7234375 0.25625 0.025 0.0359375
0 0.734375 0.26484375 0.01640625 0.04765625