0 0.0578125 0.20390625 0.025 0.0546875
0 0.078125 0.26796875 0.0359375 0.04765625
0 0.19296875 0.27421875 0.034375 0.05703125
0 0.21875 0.2234375 0.02890625 0.06328125
0 0.37734375 0.27109375 0.0296875 0.0609375
0 0.4546875 0.1953125 0.02265625 0.0546875
0 0.4921875 0.19765625 0.025 0.05234375
0 0.55390625 0.2421875 0.0171875 0.04453125
0 0.5890625 0.2265625 0.01796875 0.04375
0 0.6125 0.215625 0.0203125 0.04296875
0 0.62734375 0.19765625 0.01875 0.0421875
0 0.66328125 0.19140625 0.02109375 0.040625
0 0.603125 0.1671875 0.021875 0.04375
0 0.428125 0.1296875 0.02578125 0.0265625
0 0.53046875 0.16796875 0.01484375 0.03984375