0 0.19140625 0.475 0.04140625 0.08671875
0 0.93515625 0.29609375 0.04609375 0.08671875
0 0.78671875 0.2359375 0.04140625 0.0859375
0 0.26328125 0.31328125 0.0375 0.06796875
0 0.20625 0.28828125 0.02421875 0.046875
0 0.2015625 0.39140625 0.0375 0.06484375
0 0.159375 0.30390625 0.02578125 0.040625
0 0.1171875 0.34140625 0.02109375 0.04921875
0 0.7375 0.0890625 0.021875 0.0375
0 0.71484375 0.1171875 0.02109375 0.0375
0 0.66875 0.1078125 0.0171875 0.0359375
0 0.56953125 0.128125 0.02109375 0.0421875
0 0.4296875 0.16953125 0.0296875 0.04609375
0 0.35703125 0.16953125 0.0171875 0.03359375