0 0.8140625 0.47265625 0.05078125 0.10078125
0 0.43984375 0.28359375 0.0328125 0.06328125
0 0.5078125 0.30703125 0.034375 0.06328125
0 0.1171875 0.21953125 0.0265625 0.04765625
0 0.23203125 0.10390625 0.02265625 0.046875
0 0.2984375 0.08046875 0.01953125 0.0359375
0 0.571875 0.27265625 0.03046875 0.05859375
0 0.63203125 0.26171875 0.02421875 0.05
0 0.65390625 0.26328125 0.02265625 0.03984375
0 0.54921875 0.2359375 0.025 0.04140625
0 0.578125 0.21875 0.0203125 0.04140625
0 0.475 0.1859375 0.0234375 0.0421875
0 0.51171875 0.19453125 0.021875 0.04140625
0 0.2875 0.14140625 0.0203125 0.0328125
0 0.3375 0.0796875 0.0171875 0.03671875
0 0.3609375 0.08515625 0.01796875 0.0390625
0 0.34765625 0.10859375 0.0171875 0.03671875
0 0.53359375 0.1609375 0.021875 0.03671875
0 0.546875 0.18515625 0.0234375 0.03359375