0 0.03203125 0.40546875 0.0515625 0.06484375
0 0.6796875 0.3265625 0.0375 0.06328125
0 0.7140625 0.28984375 0.02421875 0.05625
0 0.7640625 0.2421875 0.0265625 0.04140625
0 0.7828125 0.28359375 0.025 0.06015625
0 0.93125 0.2828125 0.0203125 0.06796875
0 0.8765625 0.215625 0.01875 0.0484375
0 0.890625 0.18046875 0.0171875 0.04765625
0 0.9046875 0.16484375 0.0140625 0.0359375
0 0.934375 0.190625 0.0171875 0.05
0 0.95078125 0.159375 0.01328125 0.03828125
0 0.903125 0.13359375 0.01328125 0.0296875
0 0.88359375 0.13828125 0.015625 0.03984375
0 0.865625 0.14453125 0.0125 0.0375
0 0.8578125 0.18125 0.0140625 0.03671875
0 0.809375 0.17890625 0.01640625 0.0453125
0 0.83359375 0.15546875 0.01875 0.0296875
0 0.84375 0.1296875 0.0140625 0.0390625
0 0.83046875 0.11875 0.01328125 0.0265625
0 0.80625 0.12734375 0.0109375 0.02421875
0 0.79375 0.11328125 0.00859375 0.02578125
0 0.78125 0.11484375 0.01640625 0.02421875
0 0.7796875 0.159375 0.0203125 0.03828125
0 0.75390625 0.1421875 0.01875 0.028125
0 0.7421875 0.10859375 0.0171875 0.028125
0 0.7609375 0.11796875 0.01953125 0.025
0 0.75859375 0.1828125 0.02421875 0.04609375
0 0.73515625 0.15390625 0.01640625 0.03671875
0 0.71015625 0.171875 0.02421875 0.034375
0 0.68828125 0.14375 0.01796875 0.02890625
0 0.715625 0.21875 0.02109375 0.0421875
0 0.675 0.19609375 0.02265625 0.040625
0 0.6578125 0.17734375 0.02421875 0.03828125
0 0.7078125 0.096875 0.021875 0.03984375
0 0.66484375 0.246875 0.03046875 0.04453125
0 0.61171875 0.203125 0.0234375 0.0359375
0 0.61796875 0.2515625 0.02734375 0.05078125
0 0.575 0.2390625 0.03515625 0.0578125
0 0.5671875 0.28984375 0.02421875 0.059375
0 0.5953125 0.3484375 0.03046875 0.053125
0 0.484375 0.29609375 0.02734375 0.05625
0 0.48671875 0.221875 0.02265625 0.05390625
0 0.553125 0.1921875 0.02421875 0.0328125
0 0.5 0.19375 0.0140625 0.03359375
0 0.58046875 0.18125 0.01640625 0.04375
0 0.584375 0.15 0.0140625 0.03203125
0 0.6265625 0.1359375 0.01875 0.03828125
0 0.65390625 0.10546875 0.01171875 0.03203125
0 0.6765625 0.121875 0.015625 0.0453125
0 0.6484375 0.096875 0.01328125 0.0265625
0 0.63203125 0.090625 0.015625 0.02421875
0 0.6125 0.09296875 0.01328125 0.02890625
0 0.56953125 0.10078125 0.01171875 0.01875
0 0.58984375 0.1234375 0.01484375 0.01953125
0 0.56796875 0.13515625 0.015625 0.02421875
0 0.54140625 0.125 0.02421875 0.02890625
0 0.53828125 0.1609375 0.01796875 0.03125
0 0.51953125 0.1515625 0.01640625 0.03125
0 0.48671875 0.12890625 0.01171875 0.02109375
0 0.4828125 0.159375 0.01484375 0.03828125
0 0.45703125 0.14140625 0.009375 0.02109375
0 0.45234375 0.16875 0.02109375 0.03359375
0 0.428125 0.1578125 0.01640625 0.01875
0 0.42578125 0.18203125 0.0125 0.01953125
0 0.45703125 0.22109375 0.01953125 0.0375
0 0.43125 0.21328125 0.02109375 0.03359375
0 0.3875 0.2109375 0.0140625 0.04140625
0 0.375 0.2015625 0.0140625 0.0265625
0 0.3953125 0.28671875 0.02265625 0.05
0 0.34296875 0.27734375 0.02265625 0.05078125
0 0.34296875 0.2171875 0.02734375 0.0484375
0 0.321875 0.2390625 0.02109375 0.04453125
0 0.309375 0.27734375 0.01640625 0.0578125
0 0.28515625 0.26328125 0.02109375 0.0453125
0 0.25390625 0.27578125 0.0203125 0.04375