0 0.91796875 0.4046875 0.0453125 0.09375
0 0.8171875 0.390625 0.04453125 0.0875
0 0.759375 0.3453125 0.040625 0.0765625
0 0.82109375 0.2640625 0.0265625 0.03984375
0 0.77578125 0.23671875 0.03203125 0.04921875
0 0.74609375 0.2109375 0.021875 0.04765625
0 0.72578125 0.3125 0.02890625 0.05703125
0 0.6671875 0.25625 0.0265625 0.05859375
0 0.67890625 0.2171875 0.01875 0.04765625
0 0.6609375 0.203125 0.01640625 0.04765625
0 0.53984375 0.1921875 0.028125 0.04609375
0 0.4828125 0.19453125 0.0375 0.06875
0 0.6265625 0.20703125 0.028125 0.05546875
0 0.70703125 0.20390625 0.0203125 0.04921875
0 0.51796875 0.271875 0.03515625 0.0703125