0 0.1703125 0.2125 0.0203125 0.0453125
0 0.159375 0.34609375 0.05 0.0984375
0 0.31015625 0.18515625 0.0265625 0.04609375
0 0.34296875 0.2203125 0.02890625 0.05078125
0 0.4140625 0.22734375 0.02734375 0.053125
0 0.42578125 0.15078125 0.0203125 0.0390625
0 0.44921875 0.14609375 0.0203125 0.0390625
0 0.47421875 0.146875 0.01875 0.04140625
0 0.490625 0.16953125 0.0140625 0.040625
0 0.50234375 0.1453125 0.0171875 0.0375
0 0.521875 0.18046875 0.01953125 0.040625
0 0.56640625 0.17734375 0.02109375 0.04453125
0 0.91484375 0.16953125 0.01953125 0.03828125
0 0.89765625 0.215625 0.02109375 0.05625
0 0.953125 0.18828125 0.021875 0.03984375
0 0.94453125 0.23203125 0.02421875 0.05703125