0 0.09140625 0.28046875 0.03125 0.0515625
0 0.91875 0.35234375 0.02734375 0.06171875
0 0.75390625 0.3765625 0.025 0.078125
0 0.7 0.3234375 0.025 0.06484375
0 0.7984375 0.296875 0.02109375 0.06328125
0 0.82734375 0.275 0.02109375 0.05078125
0 0.9296875 0.26171875 0.02265625 0.03984375
0 0.8796875 0.240625 0.02421875 0.05
0 0.90390625 0.22421875 0.01484375 0.040625
0 0.95078125 0.23359375 0.00859375 0.0359375
0 0.94296875 0.2140625 0.01640625 0.034375
0 0.959375 0.19375 0.0140625 0.04453125
0 0.92109375 0.1625 0.01796875 0.028125
0 0.9078125 0.1890625 0.0125 0.02890625
0 0.915625 0.17421875 0.01484375 0.03046875
0 0.88359375 0.1671875 0.0171875 0.01640625
0 0.87890625 0.19375 0.01484375 0.0234375
0 0.84921875 0.228125 0.01328125 0.04609375
0 0.80546875 0.2234375 0.01484375 0.0484375
0 0.7734375 0.24921875 0.02890625 0.0578125
0 0.73828125 0.2375 0.02109375 0.03984375
0 0.7640625 0.20234375 0.0203125 0.03984375
0 0.82421875 0.20859375 0.02109375 0.04375
0 0.83828125 0.18203125 0.0140625 0.03515625
0 0.846875 0.17109375 0.01171875 0.03125
0 0.8609375 0.15703125 0.015625 0.0359375
0 0.83984375 0.1390625 0.015625 0.03046875
0 0.809375 0.14453125 0.01875 0.0328125
0 0.80390625 0.17421875 0.01875 0.028125
0 0.790625 0.16015625 0.01875 0.03203125
0 0.7859375 0.1375 0.01171875 0.028125
0 0.76328125 0.13984375 0.01640625 0.0328125
0 0.74375 0.17578125 0.01875 0.025
0 0.73828125 0.14375 0.0203125 0.04140625
0 0.72109375 0.18671875 0.01640625 0.0359375
0 0.70859375 0.18359375 0.02265625 0.046875
0 0.69296875 0.26875 0.02109375 0.040625
0 0.68828125 0.2296875 0.02109375 0.03671875
0 0.678125 0.18515625 0.02109375 0.0453125
0 0.64296875 0.253125 0.02421875 0.0546875
0 0.59453125 0.2265625 0.02421875 0.04765625
0 0.61015625 0.1640625 0.01328125 0.025
0 0.64453125 0.165625 0.01640625 0.0375
0 0.65546875 0.1453125 0.02265625 0.034375
0 0.665625 0.1265625 0.0078125 0.03203125
0 0.68828125 0.13671875 0.0171875 0.03515625
0 0.7171875 0.13046875 0.01484375 0.028125
0 0.690625 0.12109375 0.01015625 0.02421875
0 0.665625 0.11015625 0.0109375 0.0203125
0 0.646875 0.12265625 0.01484375 0.034375
0 0.6296875 0.14140625 0.0125 0.03671875
0 0.61484375 0.1234375 0.0171875 0.0375
0 0.62421875 0.109375 0.0140625 0.02109375
0 0.60078125 0.078125 0.0140625 0.015625
0 0.59921875 0.1421875 0.0125 0.0234375
0 0.58203125 0.140625 0.01640625 0.025
0 0.57265625 0.16796875 0.0171875 0.0265625
0 0.56484375 0.18671875 0.02578125 0.0421875
0 0.528125 0.18125 0.0171875 0.034375
0 0.53671875 0.1625 0.00625 0.01875
0 0.559375 0.13515625 0.01875 0.03515625
0 0.55390625 0.1296875 0.0078125 0.02109375
0 0.53359375 0.13828125 0.0140625 0.02421875
0 0.50234375 0.134375 0.02421875 0.03046875
0 0.48984375 0.1625 0.01015625 0.03203125
0 0.50390625 0.1671875 0.01640625 0.028125
0 0.509375 0.18671875 0.015625 0.03828125
0 0.46328125 0.21484375 0.02265625 0.059375
0 0.44453125 0.25546875 0.02421875 0.03828125
0 0.4109375 0.246875 0.0265625 0.0625
0 0.43046875 0.209375 0.02109375 0.034375
0 0.45234375 0.1609375 0.0140625 0.04296875
0 0.4296875 0.16640625 0.01796875 0.03359375
0 0.40546875 0.1671875 0.0140625 0.02265625
0 0.38984375 0.20546875 0.01796875 0.03515625
0 0.375 0.2015625 0.01484375 0.02734375
0 0.3796875 0.24453125 0.0171875 0.0421875
0 0.35078125 0.2328125 0.021875 0.0421875
0 0.334375 0.22734375 0.01640625 0.040625
0 0.353125 0.19921875 0.0203125 0.03671875
0 0.34921875 0.1765625 0.01171875 0.0234375
0 0.29375 0.23359375 0.01640625 0.0328125
0 0.2765625 0.22734375 0.0140625 0.03828125