0 0.35859375 0.1859375 0.01796875 0.0390625
0 0.47734375 0.196875 0.034375 0.05234375
0 0.5515625 0.190625 0.02890625 0.04609375
0 0.58046875 0.22265625 0.02421875 0.05390625
0 0.62578125 0.19453125 0.0296875 0.05859375
0 0.70625 0.2140625 0.02421875 0.04609375
0 0.68125 0.23828125 0.02421875 0.05859375
0 0.76875 0.22734375 0.028125 0.05234375
0 0.73515625 0.278125 0.02734375 0.05859375
0 0.77265625 0.296875 0.0375 0.0765625
0 0.82890625 0.24375 0.0234375 0.05859375
0 0.91796875 0.28046875 0.01875 0.0515625
0 0.93984375 0.2859375 0.028125 0.053125
0 0.90625 0.32890625 0.0265625 0.06640625