0 0.1453125 0.540625 0.04453125 0.0859375
0 0.2265625 0.33828125 0.0171875 0.0453125
0 0.25390625 0.3625 0.0171875 0.04140625
0 0.2828125 0.31171875 0.01875 0.0359375
0 0.28515625 0.36328125 0.0234375 0.0421875
0 0.31484375 0.38515625 0.02578125 0.04296875
0 0.34375 0.33046875 0.01796875 0.03671875
0 0.34375 0.3 0.015625 0.0328125
0 0.37265625 0.346875 0.0203125 0.0453125
0 0.40078125 0.3359375 0.01875 0.0453125
0 0.38125 0.26171875 0.01640625 0.03046875
0 0.4109375 0.2765625 0.01796875 0.0296875
0 0.39375 0.30078125 0.0171875 0.02734375
0 0.45234375 0.31796875 0.02109375 0.0390625
0 0.4875 0.334375 0.01953125 0.04765625
0 0.446875 0.27421875 0.0171875 0.03828125
0 0.41953125 0.2578125 0.0171875 0.025
0 0.50625 0.27578125 0.015625 0.03671875
0 0.53671875 0.28828125 0.021875 0.03671875
0 0.490625 0.26796875 0.01875 0.034375
0 0.44765625 0.24921875 0.0171875 0.02578125
0 0.53515625 0.2484375 0.01484375 0.034375
0 0.565625 0.26171875 0.01484375 0.03515625
0 0.55078125 0.2234375 0.0140625 0.028125
0 0.59140625 0.209375 0.0125 0.0328125
0 0.58359375 0.253125 0.0125 0.03359375
0 0.61953125 0.228125 0.01484375 0.0375
0 0.64140625 0.221875 0.01171875 0.028125
0 0.65625 0.23125 0.015625 0.0328125
0 0.675 0.221875 0.0171875 0.0296875
0 0.68515625 0.25078125 0.01796875 0.0375
0 0.68984375 0.29921875 0.01796875 0.046875
0 0.6484375 0.27890625 0.01875 0.0375
0 0.6234375 0.26015625 0.015625 0.03984375
0 0.61328125 0.30625 0.0203125 0.03984375
0 0.6609375 0.32421875 0.0234375 0.040625
0 0.5796875 0.3375 0.02578125 0.0578125
0 0.621875 0.35859375 0.02265625 0.05546875
0 0.64296875 0.365625 0.02421875 0.05546875
0 0.66796875 0.36640625 0.0265625 0.04765625
0 0.69609375 0.39921875 0.03046875 0.05546875
0 0.51484375 0.38125 0.0265625 0.04921875
0 0.45390625 0.4046875 0.02734375 0.06171875
0 0.515625 0.4328125 0.0328125 0.06328125
0 0.56875 0.446875 0.0296875 0.07109375
0 0.6125 0.471875 0.034375 0.059375
0 0.67734375 0.54296875 0.03828125 0.07890625
0 0.74765625 0.4390625 0.0296875 0.06640625
0 0.7359375 0.3 0.0171875 0.03984375
0 0.7234375 0.26015625 0.01875 0.03984375
0 0.71015625 0.2515625 0.01171875 0.0359375
0 0.7265625 0.23203125 0.01484375 0.02890625
0 0.73828125 0.259375 0.01796875 0.03203125
0 0.75703125 0.240625 0.01484375 0.03125
0 0.78359375 0.2421875 0.01953125 0.0328125
0 0.8171875 0.2578125 0.02109375 0.034375
0 0.82734375 0.2796875 0.01796875 0.0375
0 0.84921875 0.259375 0.01484375 0.0359375
0 0.865625 0.2796875 0.01953125 0.04609375
0 0.90703125 0.30078125 0.0140625 0.028125
0 0.896875 0.3171875 0.01796875 0.0328125
0 0.89921875 0.36640625 0.0203125 0.04609375
0 0.8671875 0.34921875 0.0203125 0.0453125
0 0.84296875 0.3390625 0.01796875 0.0375
0 0.85234375 0.32421875 0.0125 0.0328125
0 0.8203125 0.32890625 0.01484375 0.0375
0 0.79375 0.30234375 0.0203125 0.040625
0 0.79296875 0.2734375 0.0203125 0.0375
0 0.79453125 0.3453125 0.01796875 0.04296875
0 0.78671875 0.3609375 0.0234375 0.0484375
0 0.82890625 0.36640625 0.0234375 0.05546875
0 0.88359375 0.48203125 0.02578125 0.05234375
0 0.8203125 0.46953125 0.028125 0.0578125
0 0.7875 0.52421875 0.03125 0.08203125
0 0.753125 0.27734375 0.0171875 0.03359375