0 0.51796875 0.25625 0.04453125 0.06171875
0 0.58359375 0.2203125 0.02890625 0.05234375
0 0.62109375 0.196875 0.02265625 0.03984375
0 0.66484375 0.22578125 0.01640625 0.0453125
0 0.7125 0.221875 0.028125 0.05
0 0.8765625 0.2734375 0.0203125 0.05234375
0 0.9234375 0.26640625 0.01953125 0.0515625
0 0.87578125 0.2328125 0.02578125 0.03203125
0 0.9328125 0.22578125 0.0109375 0.04140625
0 0.896875 0.21484375 0.0109375 0.03203125
0 0.9359375 0.1875 0.01484375 0.03046875
0 0.921875 0.18046875 0.015625 0.04296875
0 0.93984375 0.16328125 0.0125 0.03515625
0 0.78984375 0.21796875 0.01953125 0.046875
0 0.80234375 0.20546875 0.0265625 0.04375
0 0.8546875 0.2 0.01171875 0.0375
0 0.83359375 0.17421875 0.015625 0.03515625
0 0.875 0.1578125 0.0171875 0.040625
0 0.84609375 0.1484375 0.0203125 0.04453125
0 0.81796875 0.13203125 0.01640625 0.02890625
0 0.79375 0.134375 0.025 0.02578125
0 0.80703125 0.15859375 0.0171875 0.025
0 0.775 0.1546875 0.0125 0.03125
0 0.78671875 0.171875 0.015625 0.0390625
0 0.75859375 0.13359375 0.015625 0.03203125
0 0.76484375 0.18046875 0.0109375 0.03359375
0 0.73671875 0.17734375 0.01484375 0.0359375
0 0.74140625 0.14765625 0.01328125 0.0390625
0 0.721875 0.14921875 0.01875 0.0328125
0 0.7046875 0.1875 0.0203125 0.034375
0 0.69140625 0.17265625 0.01796875 0.03515625
0 0.7 0.1234375 0.0125 0.025
0 0.66953125 0.10625 0.0125 0.02265625
0 0.67265625 0.1265625 0.015625 0.03203125
0 0.65546875 0.1171875 0.01171875 0.03046875
0 0.61640625 0.10546875 0.015625 0.025
0 0.66015625 0.14609375 0.02578125 0.03125
0 0.625 0.12578125 0.0125 0.01640625
0 0.321875 0.2171875 0.0171875 0.0453125
0 0.36640625 0.19765625 0.0265625 0.04140625
0 0.36875 0.17734375 0.01875 0.0359375
0 0.40703125 0.17421875 0.0203125 0.0390625
0 0.434375 0.178125 0.0140625 0.04609375
0 0.446875 0.21875 0.02265625 0.05234375
0 0.53359375 0.215625 0.02109375 0.03359375
0 0.50078125 0.18671875 0.01796875 0.03828125
0 0.4734375 0.19375 0.01953125 0.03828125
0 0.45859375 0.16484375 0.0109375 0.02890625
0 0.47109375 0.15546875 0.0125 0.0234375
0 0.43515625 0.14765625 0.0171875 0.03515625
0 0.4671875 0.13828125 0.01328125 0.0375
0 0.48984375 0.14140625 0.0140625 0.03046875
0 0.515625 0.159375 0.0125 0.040625
0 0.53671875 0.16640625 0.0171875 0.03671875
0 0.57109375 0.175 0.0203125 0.03125
0 0.59453125 0.15078125 0.009375 0.0265625
0 0.61640625 0.16953125 0.0203125 0.03046875
0 0.571875 0.12265625 0.01015625 0.0328125
0 0.52109375 0.12421875 0.01796875 0.02265625