0 0.2078125 0.5515625 0.04296875 0.0765625
0 0.30546875 0.5265625 0.04375 0.07890625
0 0.375 0.45 0.0359375 0.078125
0 0.425 0.44140625 0.02578125 0.08046875
0 0.46796875 0.396875 0.0296875 0.05546875
0 0.53046875 0.39609375 0.040625 0.06015625
0 0.68046875 0.35625 0.021875 0.0546875
0 0.73359375 0.37265625 0.02109375 0.05078125
0 0.7609375 0.35 0.01796875 0.0421875
0 0.7890625 0.32734375 0.015625 0.03515625
0 0.08125 0.45859375 0.028125 0.0640625
0 0.1671875 0.45703125 0.03515625 0.05703125
0 0.221875 0.41015625 0.0296875 0.06328125
0 0.2890625 0.3890625 0.03125 0.065625
0 0.353125 0.35859375 0.034375 0.06015625
0 0.3953125 0.34765625 0.0265625 0.05078125
0 0.471875 0.34140625 0.0265625 0.06328125
0 0.40859375 0.31640625 0.02421875 0.05
0 0.375 0.28984375 0.02109375 0.040625
0 0.3296875 0.30078125 0.01796875 0.040625
0 0.19296875 0.34375 0.028125 0.0546875
0 0.15546875 0.39453125 0.0265625 0.05078125
0 0.071875 0.3875 0.0234375 0.04375
0 0.0875 0.3109375 0.01640625 0.0453125
0 0.13515625 0.32421875 0.0203125 0.04140625
0 0.0734375 0.30234375 0.015625 0.0296875
0 0.0703125 0.25859375 0.015625 0.025
0 0.11015625 0.2671875 0.01640625 0.03828125
0 0.12578125 0.2421875 0.01640625 0.03046875
0 0.30546875 0.28359375 0.0203125 0.03203125
0 0.21484375 0.284375 0.0171875 0.0390625
0 0.16015625 0.29140625 0.02109375 0.034375
0 0.15 0.25703125 0.0171875 0.03125
0 0.19921875 0.2296875 0.01328125 0.03828125
0 0.2265625 0.22421875 0.0171875 0.02734375
0 0.27265625 0.24921875 0.01796875 0.03984375
0 0.30390625 0.23984375 0.01328125 0.040625
0 0.33671875 0.26171875 0.0171875 0.034375
0 0.3359375 0.215625 0.0140625 0.0296875
0 0.33828125 0.19765625 0.01015625 0.028125
0 0.3171875 0.346875 0.01875 0.05
0 0.73203125 0.3015625 0.01796875 0.03671875
0 0.66484375 0.28515625 0.01640625 0.04453125
0 0.625 0.24765625 0.021875 0.0375
0 0.5875 0.2453125 0.0171875 0.02421875
0 0.56953125 0.25 0.01484375 0.0296875
0 0.546875 0.23125 0.01484375 0.0296875
0 0.50390625 0.25 0.01640625 0.0359375
0 0.4703125 0.25390625 0.01640625 0.0375
0 0.45234375 0.27265625 0.0171875 0.03984375
0 0.43359375 0.25390625 0.015625 0.03046875
0 0.60703125 0.3203125 0.02109375 0.04609375
0 0.56484375 0.325 0.02734375 0.04609375
0 0.54140625 0.290625 0.02109375 0.0390625
0 0.509375 0.31796875 0.0234375 0.04375
0 0.37265625 0.228125 0.01875 0.0296875
0 0.4078125 0.209375 0.01796875 0.02265625
0 0.45625 0.21484375 0.0109375 0.028125
0 0.88203125 0.51484375 0.034375 0.0875