0 0.66015625 0.34453125 0.04765625 0.0890625
0 0.73984375 0.3640625 0.034375 0.06953125
0 0.70234375 0.3140625 0.0328125 0.05546875
0 0.55390625 0.3125 0.021875 0.07890625
0 0.49921875 0.30078125 0.0265625 0.05703125
0 0.55859375 0.24453125 0.0265625 0.05703125
0 0.609375 0.23828125 0.01875 0.0484375
0 0.6546875 0.2578125 0.02421875 0.0484375
0 0.71875 0.27578125 0.0328125 0.06875
0 0.7890625 0.2875 0.0359375 0.0546875
0 0.86171875 0.29921875 0.0359375 0.06328125
0 0.909375 0.2515625 0.02109375 0.04609375
0 0.87265625 0.24453125 0.0234375 0.05859375
0 0.82890625 0.23984375 0.021875 0.05703125
0 0.82109375 0.20390625 0.015625 0.0359375
0 0.84140625 0.18359375 0.01953125 0.028125
0 0.86953125 0.2 0.01328125 0.03828125
0 0.88671875 0.19921875 0.0140625 0.03828125
0 0.86796875 0.140625 0.01796875 0.028125
0 0.84140625 0.14296875 0.01640625 0.034375
0 0.83046875 0.159375 0.021875 0.04296875
0 0.81015625 0.17109375 0.01953125 0.03046875
0 0.8046875 0.134375 0.01875 0.025
0 0.78984375 0.1546875 0.02265625 0.0359375
0 0.78203125 0.19765625 0.0203125 0.046875
0 0.75703125 0.2296875 0.0203125 0.04140625
0 0.7375 0.18515625 0.0203125 0.03828125
0 0.765625 0.165625 0.0140625 0.0421875
0 0.74765625 0.14453125 0.01953125 0.03828125
0 0.77265625 0.11953125 0.021875 0.05078125
0 0.7359375 0.15546875 0.0171875 0.02890625
0 0.709375 0.17890625 0.02578125 0.0359375
0 0.7015625 0.153125 0.02890625 0.034375
0 0.709375 0.221875 0.0265625 0.05390625
0 0.6484375 0.2171875 0.02421875 0.0390625
0 0.61015625 0.20234375 0.02578125 0.03359375
0 0.65 0.1671875 0.02734375 0.04296875
0 0.66640625 0.1078125 0.01484375 0.0296875
0 0.6453125 0.11640625 0.0109375 0.0265625
0 0.58828125 0.10390625 0.01953125 0.0375
0 0.62109375 0.1421875 0.01953125 0.02578125
0 0.5875 0.15625 0.0203125 0.03125
0 0.565625 0.15859375 0.0140625 0.03515625
0 0.54765625 0.13671875 0.009375 0.021875
0 0.55 0.1828125 0.01640625 0.04453125
0 0.5234375 0.14296875 0.01953125 0.034375
0 0.48671875 0.13359375 0.02265625 0.0453125
0 0.49921875 0.1203125 0.01015625 0.025
0 0.465625 0.134375 0.015625 0.0296875
0 0.46796875 0.1609375 0.01796875 0.028125
0 0.4828125 0.18828125 0.01640625 0.025
0 0.5078125 0.17265625 0.01484375 0.02890625
0 0.47265625 0.22578125 0.021875 0.02890625
0 0.4453125 0.21796875 0.025 0.04453125
0 0.44140625 0.1609375 0.02265625 0.04609375
0 0.4296875 0.18203125 0.01953125 0.0421875
0 0.409375 0.1734375 0.0234375 0.03203125
0 0.39375 0.18515625 0.0203125 0.03046875
0 0.40234375 0.2234375 0.01796875 0.0421875
0 0.39375 0.25703125 0.0203125 0.05703125
0 0.42578125 0.27421875 0.028125 0.07109375
0 0.3515625 0.21328125 0.01328125 0.0421875
0 0.33828125 0.2078125 0.021875 0.02578125
0 0.30390625 0.2609375 0.01796875 0.03671875
0 0.32421875 0.2796875 0.02109375 0.0359375
0 0.2765625 0.25625 0.025 0.0359375
0 0.265625 0.26484375 0.01640625 0.04765625