0 0.13046875 0.1390625 0.01484375 0.0328125
0 0.1640625 0.13359375 0.0140625 0.0328125
0 0.20078125 0.1234375 0.01171875 0.03515625
0 0.23203125 0.125 0.015625 0.03203125
0 0.275 0.146875 0.0125 0.03828125
0 0.2578125 0.146875 0.01640625 0.03828125
0 0.19453125 0.16640625 0.0140625 0.03359375
0 0.15390625 0.175 0.02109375 0.0390625
0 0.11015625 0.19140625 0.0203125 0.040625
0 0.30703125 0.14375 0.01796875 0.03984375
0 0.23828125 0.1703125 0.0171875 0.040625
0 0.2109375 0.18125 0.02109375 0.0484375
0 0.159375 0.21484375 0.01953125 0.04375
0 0.18046875 0.22890625 0.02578125 0.06328125
0 0.1296875 0.25390625 0.03125 0.06640625
0 0.0890625 0.2640625 0.02109375 0.0546875
0 0.25859375 0.19765625 0.02265625 0.0375
0 0.28671875 0.18984375 0.01640625 0.03671875
0 0.34765625 0.1578125 0.01875 0.0296875
0 0.37265625 0.2 0.0234375 0.0515625
0 0.34765625 0.1953125 0.02578125 0.04453125
0 0.29921875 0.21953125 0.01953125 0.05
0 0.3328125 0.2421875 0.02265625 0.06015625
0 0.421875 0.23984375 0.02421875 0.05
0 0.39453125 0.25625 0.02734375 0.04921875
0 0.28203125 0.25234375 0.0265625 0.053125
0 0.2265625 0.28359375 0.02578125 0.0609375
0 0.25703125 0.32734375 0.0359375 0.07265625
0 0.32578125 0.3 0.03046875 0.06328125
0 0.45390625 0.3078125 0.02734375 0.0546875
0 0.49921875 0.2859375 0.02734375 0.0578125
0 0.8046875 0.403125 0.04765625 0.09140625
0 0.33671875 0.12109375 0.01796875 0.03515625
0 0.35546875 0.11171875 0.015625 0.0296875
0 0.37578125 0.13359375 0.01328125 0.03046875
0 0.38828125 0.15 0.0171875 0.03359375
0 0.4125 0.1484375 0.01953125 0.0328125
0 0.4421875 0.1390625 0.01640625 0.03671875
0 0.49453125 0.121875 0.01328125 0.028125
0 0.475 0.14453125 0.01640625 0.03359375
0 0.43046875 0.16875 0.0203125 0.03828125
0 0.47109375 0.20390625 0.02265625 0.040625
0 0.5203125 0.1328125 0.0203125 0.034375
0 0.53828125 0.159375 0.01875 0.034375
0 0.50390625 0.1890625 0.01953125 0.040625
0 0.52109375 0.209375 0.01953125 0.0484375
0 0.5703125 0.24375 0.02578125 0.04609375
0 0.5640625 0.15703125 0.01953125 0.04453125
0 0.58359375 0.1796875 0.01796875 0.03359375
0 0.59453125 0.1703125 0.0140625 0.028125
0 0.61796875 0.196875 0.01953125 0.040625
0 0.615625 0.25703125 0.025 0.05
0 0.5859375 0.271875 0.025 0.05546875
0 0.64609375 0.25234375 0.02265625 0.04140625
0 0.67578125 0.20546875 0.01484375 0.0390625
0 0.66328125 0.21796875 0.01796875 0.03671875
0 0.67734375 0.2484375 0.0234375 0.0390625
0 0.70546875 0.24609375 0.01484375 0.0421875
0 0.73515625 0.2671875 0.01796875 0.0421875
0 0.69765625 0.25546875 0.01875 0.03828125