0 0.16640625 0.41953125 0.03671875 0.10625
0 0.19375 0.47421875 0.0453125 0.103125
0 0.29765625 0.25625 0.0203125 0.059375
0 0.34375 0.2640625 0.03671875 0.04296875
0 0.484375 0.334375 0.034375 0.05546875
0 0.421875 0.27890625 0.025 0.04765625
0 0.44375 0.2296875 0.02109375 0.03203125
0 0.425 0.22578125 0.01953125 0.04453125
0 0.38828125 0.20390625 0.02421875 0.03828125
0 0.60390625 0.2640625 0.01796875 0.05625
0 0.65703125 0.26171875 0.02734375 0.0640625
0 0.71015625 0.2796875 0.0296875 0.0578125
0 0.7703125 0.31328125 0.02890625 0.06328125
0 0.86953125 0.23046875 0.0171875 0.0546875
0 0.84921875 0.19453125 0.01953125 0.05703125
0 0.79296875 0.1921875 0.02578125 0.04453125
0 0.69765625 0.1921875 0.021875 0.040625
0 0.7203125 0.1765625 0.01796875 0.03359375
0 0.746875 0.15078125 0.01875 0.0515625
0 0.80546875 0.1390625 0.01484375 0.02890625
0 0.6953125 0.10234375 0.0140625 0.03515625
0 0.6140625 0.128125 0.01640625 0.03671875
0 0.56171875 0.121875 0.021875 0.0359375
0 0.5765625 0.159375 0.02421875 0.04453125
0 0.54921875 0.16171875 0.01796875 0.0328125
0 0.52109375 0.215625 0.01875 0.04453125
0 0.4671875 0.21640625 0.01796875 0.0296875
0 0.44453125 0.19609375 0.015625 0.03984375
0 0.43203125 0.1734375 0.01875 0.0390625
0 0.38984375 0.2078125 0.02109375 0.0375
0 0.74765625 0.1140625 0.0125 0.034375
0 0.47421875 0.190625 0.01875 0.03125
0 0.4953125 0.17265625 0.0171875 0.04140625
0 0.47265625 0.15234375 0.01640625 0.02578125
0 0.50625 0.13203125 0.01484375 0.01953125