0 0.33984375 0.225 0.0375 0.0578125
0 0.91796875 0.23515625 0.01953125 0.0609375
0 0.90078125 0.2171875 0.0140625 0.0421875
0 0.88671875 0.24375 0.0203125 0.0609375
0 0.81484375 0.26015625 0.021875 0.06484375
0 0.76640625 0.14453125 0.0234375 0.0375
0 0.75234375 0.121875 0.015625 0.021875
0 0.646875 0.1390625 0.0171875 0.0484375
0 0.61796875 0.12734375 0.01953125 0.0375
0 0.64765625 0.115625 0.01171875 0.034375
0 0.55703125 0.2328125 0.02890625 0.06171875
0 0.4015625 0.20078125 0.02265625 0.0609375