0 0.77734375 0.33984375 0.04140625 0.090625
0 0.87109375 0.2484375 0.01796875 0.04453125
0 0.7421875 0.20859375 0.021875 0.02890625
0 0.72734375 0.159375 0.0265625 0.02734375
0 0.65 0.11953125 0.01796875 0.0296875
0 0.6140625 0.11796875 0.02578125 0.0234375
0 0.66171875 0.22890625 0.0203125 0.0359375
0 0.61484375 0.228125 0.02265625 0.040625
0 0.5921875 0.2625 0.02421875 0.0328125
0 0.5234375 0.18046875 0.0203125 0.0546875
0 0.49140625 0.1875 0.01640625 0.04296875
0 0.45625 0.18515625 0.0234375 0.04453125
0 0.503125 0.128125 0.015625 0.0265625
0 0.53671875 0.10390625 0.0125 0.03828125
0 0.59765625 0.19296875 0.00859375 0.01875
0 0.578125 0.21484375 0.01953125 0.025
0 0.5734375 0.1671875 0.0203125 0.02890625
0 0.5765625 0.14140625 0.01640625 0.0296875
0 0.49375 0.11328125 0.0125 0.03984375
0 0.47890625 0.11875 0.01171875 0.02421875
0 0.4640625 0.13515625 0.01171875 0.0234375
0 0.4515625 0.11640625 0.0125 0.0234375
0 0.40625 0.12421875 0.015625 0.03515625
0 0.428125 0.08828125 0.0109375 0.03359375
0 0.4 0.08046875 0.01796875 0.02890625
0 0.3796875 0.12421875 0.0109375 0.0296875
0 0.3640625 0.08984375 0.0125 0.0359375
0 0.34609375 0.0796875 0.01953125 0.03671875
0 0.31015625 0.06640625 0.01953125 0.028125
0 0.2734375 0.06484375 0.0125 0.03359375
0 0.24453125 0.0796875 0.02109375 0.0421875
0 0.225 0.0921875 0.0203125 0.0421875
0 0.29140625 0.1046875 0.01328125 0.0171875
0 0.3375 0.121875 0.01953125 0.0390625
0 0.38125 0.23828125 0.0375 0.0546875
0 0.4390625 0.2734375 0.02890625 0.034375
0 0.33046875 0.25859375 0.02109375 0.05703125
0 0.31796875 0.2140625 0.0265625 0.05859375
0 0.26171875 0.2515625 0.03046875 0.06953125
0 0.23359375 0.2453125 0.021875 0.04140625
0 0.20234375 0.18359375 0.02890625 0.05
0 0.1578125 0.21640625 0.03359375 0.0453125
0 0.0875 0.3140625 0.0359375 0.0578125
0 0.30234375 0.1734375 0.0171875 0.02890625
0 0.29453125 0.159375 0.00859375 0.02421875
0 0.2203125 0.15078125 0.015625 0.025
0 0.16640625 0.16484375 0.00859375 0.0359375
0 0.1375 0.16875 0.01953125 0.0234375
0 0.1234375 0.2421875 0.01640625 0.03984375
0 0.11328125 0.21328125 0.01328125 0.0359375
0 0.0828125 0.24921875 0.01953125 0.0359375
0 0.06953125 0.21171875 0.01328125 0.0390625
0 0.03515625 0.1640625 0.015625 0.03125
0 0.053125 0.1328125 0.015625 0.04375
0 0.090625 0.109375 0.015625 0.034375
0 0.13046875 0.115625 0.02265625 0.03828125
0 0.15390625 0.09765625 0.0203125 0.03671875
0 0.1828125 0.12109375 0.0171875 0.034375
0 0.1984375 0.13359375 0.01015625 0.02890625
0 0.021875 0.1265625 0.009375 0.02890625