0 0.91640625 0.425 0.046875 0.084375
0 0.32421875 0.353125 0.040625 0.0703125
0 0.40234375 0.340625 0.03203125 0.0734375
0 0.43984375 0.303125 0.03203125 0.05078125
0 0.51640625 0.321875 0.0359375 0.05234375
0 0.5921875 0.29140625 0.02109375 0.059375
0 0.65859375 0.2890625 0.01953125 0.046875
0 0.7015625 0.26796875 0.0171875 0.04453125
0 0.7171875 0.265625 0.02109375 0.03125
0 0.73984375 0.26171875 0.015625 0.0484375
0 0.67578125 0.2203125 0.02109375 0.034375
0 0.6515625 0.2203125 0.0140625 0.0328125
0 0.66875 0.25703125 0.02109375 0.046875
0 0.6296875 0.2125 0.01640625 0.04140625
0 0.61640625 0.20078125 0.01328125 0.034375
0 0.5890625 0.2328125 0.02421875 0.0375
0 0.53359375 0.2546875 0.0234375 0.040625
0 0.55625 0.23203125 0.01796875 0.0328125
0 0.590625 0.17265625 0.015625 0.03828125
0 0.57265625 0.1859375 0.01640625 0.0375
0 0.553125 0.1921875 0.0234375 0.03984375
0 0.53828125 0.171875 0.0109375 0.02421875
0 0.54765625 0.1453125 0.0140625 0.03046875
0 0.51875 0.19140625 0.02109375 0.0375
0 0.51953125 0.1625 0.01640625 0.0296875
0 0.47109375 0.21796875 0.0234375 0.05078125
0 0.4953125 0.203125 0.02109375 0.03515625
0 0.41640625 0.15546875 0.02421875 0.03515625
0 0.39140625 0.20625 0.0203125 0.03828125
0 0.4421875 0.11484375 0.01640625 0.0265625
0 0.46640625 0.13515625 0.01796875 0.0265625
0 0.47890625 0.16015625 0.0171875 0.0296875
0 0.45625 0.1703125 0.02109375 0.0375
0 0.384375 0.13828125 0.025 0.04296875
0 0.353125 0.1125 0.0171875 0.0296875
0 0.221875 0.296875 0.03359375 0.05703125
0 0.24375 0.23203125 0.0234375 0.0515625
0 0.29375 0.228125 0.01875 0.046875
0 0.30390625 0.18125 0.0171875 0.034375
0 0.328125 0.2140625 0.0140625 0.03828125
0 0.34296875 0.1828125 0.01640625 0.0375
0 0.38671875 0.26953125 0.03515625 0.0453125
0 0.33671875 0.259375 0.0265625 0.046875
0 0.2890625 0.29375 0.0359375 0.046875
0 0.30703125 0.0890625 0.01875 0.03515625
0 0.33046875 0.11796875 0.0109375 0.02578125
0 0.315625 0.14765625 0.0140625 0.03671875
0 0.29453125 0.13515625 0.01640625 0.04140625
0 0.2828125 0.16640625 0.01640625 0.03515625
0 0.265625 0.209375 0.0203125 0.04140625
0 0.265625 0.11953125 0.0140625 0.028125
0 0.25234375 0.1046875 0.0140625 0.0328125
0 0.25859375 0.1421875 0.0125 0.03125
0 0.215625 0.11484375 0.015625 0.028125
0 0.22890625 0.125 0.0125 0.034375
0 0.1703125 0.13359375 0.02265625 0.040625
0 0.1890625 0.11875 0.01015625 0.046875
0 0.20078125 0.12734375 0.015625 0.034375
0 0.2 0.175 0.02421875 0.0328125
0 0.24453125 0.17578125 0.01875 0.0328125
0 0.13359375 0.23046875 0.0265625 0.04140625
0 0.10703125 0.12421875 0.021875 0.03671875
0 0.134375 0.121875 0.01796875 0.053125
0 0.15546875 0.17421875 0.02890625 0.046875
0 0.0796875 0.28125 0.02578125 0.05390625
0 0.0796875 0.1953125 0.01640625 0.0375
0 0.0734375 0.146875 0.01328125 0.025
0 0.11640625 0.1953125 0.01484375 0.0328125