0 0.6703125 0.21875 0.02109375 0.04609375
0 0.5890625 0.20390625 0.0328125 0.046875
0 0.54375 0.21640625 0.02890625 0.04609375
0 0.509375 0.1765625 0.02421875 0.04765625
0 0.5265625 0.134375 0.025 0.03515625
0 0.4515625 0.18828125 0.0234375 0.04453125
0 0.44140625 0.16484375 0.01875 0.03671875
0 0.4125 0.05703125 0.01640625 0.0328125
0 0.3609375 0.1203125 0.02109375 0.040625
0 0.36875 0.21484375 0.03203125 0.046875
0 0.32265625 0.16640625 0.0234375 0.0453125
0 0.325 0.2171875 0.02734375 0.05234375
0 0.2609375 0.2296875 0.03046875 0.059375
0 0.3234375 0.28828125 0.02578125 0.05546875
0 0.36796875 0.26171875 0.03203125 0.04453125
0 0.3609375 0.3140625 0.03359375 0.06640625
0 0.05859375 0.240625 0.0203125 0.04453125