0 0.3609375 0.2546875 0.02734375 0.0546875
0 0.39296875 0.26875 0.01875 0.0484375
0 0.296875 0.25703125 0.021875 0.03671875
0 0.265625 0.25625 0.01171875 0.0375
0 0.27734375 0.246875 0.01484375 0.02578125
0 0.36015625 0.19140625 0.01171875 0.0265625
0 0.3984375 0.19296875 0.015625 0.02578125
0 0.4109375 0.2265625 0.015625 0.03359375
0 0.446875 0.228125 0.01796875 0.03203125
0 0.446875 0.18359375 0.01953125 0.0296875
0 0.47734375 0.18359375 0.01640625 0.0296875
0 0.4921875 0.19453125 0.0140625 0.0359375
0 0.51484375 0.203125 0.01875 0.034375
0 0.41875 0.1640625 0.015625 0.02890625
0 0.4640625 0.1375 0.01015625 0.01953125
0 0.465625 0.1609375 0.01328125 0.02109375
0 0.4953125 0.159375 0.0140625 0.02265625
0 0.5234375 0.16171875 0.01171875 0.02578125
0 0.53984375 0.16875 0.01484375 0.0328125
0 0.5828125 0.16875 0.01328125 0.0375
0 0.6015625 0.15703125 0.0140625 0.03203125
0 0.64375 0.13203125 0.0125 0.02578125
0 0.66953125 0.103125 0.01484375 0.0234375
0 0.7015625 0.0984375 0.0125 0.0296875
0 0.6421875 0.09921875 0.0140625 0.0171875
0 0.61640625 0.1015625 0.01328125 0.01875
0 0.59453125 0.10234375 0.015625 0.02265625
0 0.57890625 0.11015625 0.01015625 0.0140625
0 0.58828125 0.13515625 0.0109375 0.01640625
0 0.6109375 0.13046875 0.01328125 0.02578125
0 0.5640625 0.13046875 0.01171875 0.025
0 0.55703125 0.10859375 0.009375 0.02265625
0 0.53515625 0.12265625 0.0140625 0.02578125
0 0.4953125 0.29140625 0.0265625 0.06171875
0 0.53046875 0.32890625 0.0171875 0.05078125
0 0.5546875 0.25546875 0.02109375 0.0546875
0 0.60625 0.2109375 0.01640625 0.04609375
0 0.60703125 0.26328125 0.02421875 0.03515625
0 0.61015625 0.31640625 0.03359375 0.05546875
0 0.68359375 0.32890625 0.03828125 0.06484375
0 0.709375 0.26796875 0.03203125 0.0515625
0 0.6609375 0.2203125 0.02578125 0.05234375
0 0.6546875 0.178125 0.01796875 0.05234375
0 0.684375 0.1546875 0.01484375 0.0328125
0 0.70703125 0.1828125 0.01484375 0.03984375
0 0.72890625 0.18203125 0.02265625 0.04765625
0 0.7515625 0.20859375 0.02109375 0.05078125
0 0.77421875 0.15078125 0.01484375 0.0296875
0 0.78359375 0.2046875 0.0109375 0.0265625
0 0.80859375 0.24140625 0.01953125 0.03984375
0 0.76328125 0.26875 0.0234375 0.04609375
0 0.75078125 0.315625 0.03515625 0.04765625
0 0.790625 0.39453125 0.0328125 0.06875
0 0.83828125 0.32421875 0.0265625 0.0578125
0 0.9 0.38671875 0.02734375 0.065625
0 0.91328125 0.2875 0.028125 0.05859375
0 0.921875 0.25234375 0.01953125 0.0296875
0 0.92265625 0.22109375 0.021875 0.05
0 0.91875 0.1609375 0.015625 0.03125
0 0.89609375 0.140625 0.0125 0.03515625
0 0.8859375 0.16015625 0.01953125 0.0375
0 0.875 0.203125 0.02421875 0.04375
0 0.8640625 0.2546875 0.02265625 0.04375
0 0.82421875 0.2 0.0234375 0.04765625
0 0.82890625 0.15078125 0.0171875 0.0359375
0 0.85703125 0.1375 0.01171875 0.02734375
0 0.87265625 0.12890625 0.01328125 0.02734375
0 0.83984375 0.11875 0.0171875 0.0328125