0 0.7875 0.4046875 0.08046875 0.175
0 0.4109375 0.23515625 0.05390625 0.109375
0 0.60546875 0.134375 0.0390625 0.05703125
0 0.8484375 0.1515625 0.03125 0.05859375
0 0.8765625 0.14609375 0.03671875 0.0546875
0 0.690625 0.06796875 0.0265625 0.03046875
0 0.36796875 0.18984375 0.02890625 0.03828125
0 0.6375 0.0671875 0.0171875 0.02890625
0 0.65546875 0.0671875 0.02109375 0.04375
0 0.21015625 0.32578125 0.03125 0.07890625
0 0.18828125 0.36171875 0.04453125 0.09296875
0 0.7765625 0.11953125 0.01875 0.03984375
0 0.9125 0.18046875 0.0203125 0.0375
0 0.44921875 0.17578125 0.01875 0.040625
0 0.47109375 0.1765625 0.025 0.0515625