0 0.834375 0.4734375 0.059375 0.0578125
0 0.11640625 0.41953125 0.0296875 0.08125
0 0.1734375 0.35859375 0.03359375 0.06875
0 0.1171875 0.29609375 0.02734375 0.05625
0 0.16640625 0.28671875 0.02890625 0.0546875
0 0.1484375 0.2609375 0.02265625 0.04921875
0 0.128125 0.23046875 0.01875 0.04609375
0 0.0828125 0.2734375 0.0171875 0.0546875
0 0.084375 0.2265625 0.0171875 0.04296875
0 0.11328125 0.1875 0.0171875 0.0390625
0 0.1078125 0.15078125 0.0140625 0.03984375
0 0.0984375 0.1359375 0.0140625 0.02734375
0 0.071875 0.1578125 0.0140625 0.025
0 0.08125 0.20234375 0.01484375 0.03359375
0 0.13203125 0.12578125 0.015625 0.0234375
0 0.13984375 0.14765625 0.0140625 0.02734375
0 0.15078125 0.15625 0.01640625 0.034375
0 0.1578125 0.18203125 0.01484375 0.02578125
0 0.178125 0.20390625 0.01875 0.0359375
0 0.19140625 0.24921875 0.02109375 0.0484375
0 0.23515625 0.29453125 0.034375 0.0578125
0 0.253125 0.2390625 0.025 0.05859375
0 0.271875 0.18046875 0.0171875 0.03515625
0 0.25546875 0.13671875 0.0109375 0.025
0 0.22890625 0.21015625 0.021875 0.040625
0 0.20546875 0.184375 0.015625 0.0359375
0 0.22265625 0.17421875 0.01640625 0.034375
0 0.24609375 0.17265625 0.01640625 0.03515625
0 0.18828125 0.159375 0.01328125 0.028125
0 0.17421875 0.12109375 0.01484375 0.025
0 0.1953125 0.121875 0.0171875 0.025
0 0.21796875 0.109375 0.01328125 0.0265625
0 0.259375 0.10625 0.0171875 0.0234375
0 0.2828125 0.1578125 0.015625 0.03046875
0 0.309375 0.1609375 0.0140625 0.02109375
0 0.321875 0.1921875 0.021875 0.04609375
0 0.34609375 0.225 0.0140625 0.0453125
0 0.33203125 0.25234375 0.02109375 0.05
0 0.37421875 0.3078125 0.03125 0.05859375
0 0.40625 0.24765625 0.0296875 0.03828125
0 0.3984375 0.209375 0.021875 0.0375
0 0.44296875 0.23515625 0.025 0.040625
0 0.459375 0.29765625 0.021875 0.05859375
0 0.30859375 0.1078125 0.015625 0.02421875
0 0.33671875 0.10078125 0.01328125 0.0296875
0 0.33203125 0.12421875 0.0140625 0.0265625
0 0.36328125 0.11171875 0.009375 0.021875
0 0.35625 0.090625 0.01171875 0.02890625
0 0.359375 0.1359375 0.0140625 0.02578125
0 0.37421875 0.15 0.0140625 0.02890625
0 0.39140625 0.134375 0.01171875 0.0359375
0 0.39296875 0.1015625 0.00859375 0.0296875
0 0.41484375 0.1234375 0.015625 0.03515625
0 0.421875 0.16484375 0.01640625 0.034375
0 0.45625 0.16171875 0.0140625 0.02734375
0 0.4453125 0.14375 0.01171875 0.02578125
0 0.45859375 0.1296875 0.0109375 0.02578125
0 0.446875 0.10703125 0.01484375 0.0328125
0 0.4828125 0.15 0.01328125 0.034375
0 0.48984375 0.18359375 0.01953125 0.03203125
0 0.50390625 0.15703125 0.01328125 0.0328125
0 0.49453125 0.13125 0.01328125 0.03046875
0 0.5171875 0.1359375 0.0109375 0.0296875
0 0.53515625 0.1609375 0.01484375 0.02578125
0 0.5578125 0.14765625 0.01171875 0.025
0 0.55 0.203125 0.01328125 0.02578125
0 0.5375 0.23046875 0.015625 0.0328125
0 0.5921875 0.190625 0.0140625 0.03125
0 0.6015625 0.2359375 0.02109375 0.0375
0 0.60546875 0.2796875 0.02578125 0.04453125
0 0.63515625 0.25390625 0.01875 0.03984375
0 0.6515625 0.2078125 0.0203125 0.03359375
0 0.6703125 0.2046875 0.01328125 0.02421875
0 0.65546875 0.2453125 0.01640625 0.05078125
0 0.6796875 0.2671875 0.02109375 0.0421875
0 0.70859375 0.2625 0.02265625 0.03828125