0 0.3 0.17109375 0.02421875 0.05
0 0.36015625 0.1546875 0.0234375 0.05
0 0.40546875 0.2375 0.03359375 0.06875
0 0.4390625 0.178125 0.028125 0.075
0 0.4890625 0.18359375 0.0375 0.075
0 0.5453125 0.19921875 0.02734375 0.05234375
0 0.6453125 0.165625 0.03359375 0.0578125
0 0.69375 0.209375 0.03203125 0.05703125
0 0.75703125 0.278125 0.03203125 0.0609375
0 0.78359375 0.2796875 0.02734375 0.05390625
0 0.84453125 0.25390625 0.02890625 0.05
0 0.925 0.2578125 0.0421875 0.0703125
0 0.86171875 0.28984375 0.040625 0.07890625