0 0.09765625 0.4953125 0.05859375 0.10859375
0 0.9078125 0.41484375 0.04375 0.090625
0 0.91875 0.334375 0.0296875 0.059375
0 0.925 0.2796875 0.0234375 0.05703125
0 0.92734375 0.20546875 0.034375 0.040625
0 0.89375 0.221875 0.01796875 0.05078125
0 0.87734375 0.25703125 0.02578125 0.05
0 0.8421875 0.3015625 0.03046875 0.06796875
0 0.825 0.3875 0.03359375 0.07265625
0 0.7796875 0.3015625 0.02734375 0.06640625
0 0.8171875 0.22734375 0.025 0.05625
0 0.80234375 0.18828125 0.0234375 0.04921875
0 0.771875 0.23125 0.02734375 0.0359375
0 0.7375 0.2859375 0.0234375 0.07109375
0 0.75 0.365625 0.03828125 0.08125
0 0.703125 0.3015625 0.0265625 0.08671875
0 0.66875 0.27109375 0.02578125 0.0578125
0 0.73359375 0.21015625 0.01953125 0.0421875
0 0.7640625 0.1890625 0.021875 0.0546875
0 0.74609375 0.1625 0.02421875 0.0390625
0 0.7625 0.14765625 0.01796875 0.03984375
0 0.79375 0.15078125 0.01484375 0.0296875
0 0.81328125 0.14296875 0.0203125 0.0453125
0 0.80234375 0.1234375 0.0203125 0.0421875
0 0.753125 0.125 0.0203125 0.02578125
0 0.7046875 0.14609375 0.021875 0.034375
0 0.6734375 0.18203125 0.021875 0.04609375
0 0.6359375 0.19609375 0.021875 0.0453125
0 0.62265625 0.24609375 0.01796875 0.059375
0 0.61015625 0.3109375 0.021875 0.0515625
0 0.54921875 0.28046875 0.028125 0.06875
0 0.5671875 0.2296875 0.02578125 0.046875
0 0.49609375 0.2765625 0.03203125 0.04921875
0 0.721875 0.10859375 0.01875 0.03515625
0 0.696875 0.09921875 0.0203125 0.03203125
0 0.66640625 0.09140625 0.01484375 0.021875
0 0.659375 0.10703125 0.0171875 0.0296875
0 0.6640625 0.1359375 0.0171875 0.03359375
0 0.640625 0.10390625 0.0125 0.0265625
0 0.63203125 0.1234375 0.01875 0.03125
0 0.6203125 0.10625 0.01328125 0.03125
0 0.62578125 0.14453125 0.02109375 0.0390625
0 0.60078125 0.125 0.01484375 0.040625
0 0.58125 0.11015625 0.015625 0.03671875
0 0.55546875 0.11640625 0.01640625 0.01953125
0 0.5859375 0.16328125 0.02265625 0.0453125
0 0.55859375 0.17421875 0.015625 0.021875
0 0.55234375 0.14453125 0.01484375 0.02734375
0 0.56640625 0.134375 0.0140625 0.03125
0 0.54921875 0.13046875 0.01484375 0.02890625
0 0.5296875 0.11015625 0.01015625 0.0171875
0 0.53046875 0.16171875 0.015625 0.0390625
0 0.51328125 0.14375 0.02109375 0.046875
0 0.5015625 0.11171875 0.01171875 0.021875
0 0.49296875 0.12734375 0.02109375 0.0390625
0 0.47109375 0.13203125 0.01953125 0.03671875
0 0.459375 0.14765625 0.01328125 0.03984375
0 0.4796875 0.175 0.0171875 0.0375
0 0.50390625 0.1765625 0.0171875 0.02890625
0 0.48203125 0.22265625 0.025 0.04296875
0 0.45390625 0.22109375 0.0203125 0.0546875
0 0.4421875 0.17109375 0.02265625 0.0546875
0 0.421875 0.1390625 0.0125 0.03671875
0 0.4109375 0.18203125 0.01953125 0.03203125
0 0.421875 0.2328125 0.021875 0.04765625
0 0.39453125 0.18515625 0.015625 0.053125
0 0.37890625 0.184375 0.0203125 0.04765625
0 0.35078125 0.17265625 0.01953125 0.04453125
0 0.34140625 0.19140625 0.021875 0.0296875
0 0.3828125 0.24375 0.0265625 0.04609375
0 0.32578125 0.23828125 0.01953125 0.0578125
0 0.30234375 0.22109375 0.025 0.0375
0 0.2859375 0.21875 0.0265625 0.059375