0 0.8109375 0.3890625 0.05 0.1015625
0 0.68046875 0.2328125 0.01640625 0.04765625
0 0.67109375 0.21015625 0.021875 0.0421875
0 0.64296875 0.1953125 0.02265625 0.0453125
0 0.52109375 0.2359375 0.021875 0.0484375
0 0.5578125 0.2234375 0.0265625 0.04765625
0 0.57890625 0.20625 0.0125 0.04921875
0 0.5765625 0.18828125 0.0109375 0.0453125
0 0.57265625 0.15078125 0.00859375 0.02890625
0 0.525 0.178125 0.021875 0.02890625
0 0.43671875 0.18359375 0.01640625 0.03984375
0 0.5421875 0.15234375 0.01875 0.03671875
0 0.53125 0.140625 0.01640625 0.03984375
0 0.50078125 0.1578125 0.02109375 0.0375
0 0.47421875 0.159375 0.01953125 0.04140625
0 0.5 0.1296875 0.015625 0.03203125
0 0.45859375 0.1421875 0.015625 0.0390625
0 0.44765625 0.1203125 0.0171875 0.03203125
0 0.4203125 0.13515625 0.01640625 0.025
0 0.396875 0.14453125 0.0125 0.0390625
0 0.371875 0.15234375 0.01484375 0.03125
0 0.35234375 0.15 0.01796875 0.04921875
0 0.3359375 0.12734375 0.01328125 0.03671875
0 0.3203125 0.11328125 0.0203125 0.04375
0 0.35703125 0.11484375 0.01484375 0.04296875
0 0.3890625 0.10546875 0.0109375 0.02890625
0 0.396875 0.1203125 0.01796875 0.03203125
0 0.4140625 0.11328125 0.01640625 0.04375
0 0.06328125 0.16796875 0.0125 0.03515625
0 0.0890625 0.171875 0.0125 0.053125
0 0.1234375 0.1609375 0.0203125 0.0390625
0 0.1609375 0.1578125 0.01796875 0.0375
0 0.21640625 0.140625 0.01484375 0.03984375
0 0.2421875 0.1203125 0.0140625 0.03203125
0 0.296875 0.134375 0.0140625 0.0328125
0 0.09453125 0.40234375 0.02734375 0.05625
0 0.096875 0.32421875 0.03203125 0.06328125
0 0.0671875 0.2859375 0.02578125 0.05390625
0 0.08125 0.24375 0.02109375 0.06484375
0 0.06953125 0.23359375 0.01171875 0.04921875
0 0.05859375 0.21171875 0.01875 0.06015625
0 0.10390625 0.19921875 0.03046875 0.034375
0 0.1171875 0.23984375 0.021875 0.04375
0 0.1203125 0.29453125 0.021875 0.06171875
0 0.1515625 0.303125 0.02734375 0.065625
0 0.1796875 0.3578125 0.028125 0.0703125
0 0.26640625 0.3390625 0.02578125 0.08828125
0 0.21328125 0.2859375 0.0265625 0.071875
0 0.190625 0.24453125 0.015625 0.0671875
0 0.16328125 0.24375 0.01796875 0.06875
0 0.15078125 0.19609375 0.01015625 0.03359375
0 0.1328125 0.1875 0.01328125 0.04296875
0 0.17109375 0.16953125 0.01796875 0.0390625
0 0.18984375 0.19609375 0.0125 0.0375
0 0.21328125 0.215625 0.02109375 0.03125
0 0.19140625 0.1625 0.0125 0.034375
0 0.22734375 0.18046875 0.01328125 0.046875
0 0.26328125 0.17578125 0.01484375 0.0421875
0 0.24609375 0.146875 0.015625 0.02578125
0 0.31875 0.3234375 0.0328125 0.06953125
0 0.33046875 0.2734375 0.02421875 0.0703125
0 0.2890625 0.24296875 0.02109375 0.04921875
0 0.29140625 0.19296875 0.015625 0.04375
0 0.28828125 0.1609375 0.01328125 0.0453125
0 0.33984375 0.18671875 0.02890625 0.04140625
0 0.325 0.215625 0.0203125 0.04921875
0 0.371875 0.21953125 0.01953125 0.06640625
0 0.3640625 0.25390625 0.025 0.05859375
0 0.4078125 0.31875 0.03125 0.07421875
0 0.4078125 0.26875 0.02578125 0.04765625
0 0.41953125 0.23046875 0.0296875 0.03359375
0 0.46640625 0.29453125 0.028125 0.0578125