0 0.55546875 0.27578125 0.0359375 0.06953125
0 0.57890625 0.2671875 0.015625 0.05703125
0 0.6390625 0.24375 0.01640625 0.0453125
0 0.63359375 0.20078125 0.0171875 0.0375
0 0.66875 0.21640625 0.01953125 0.02890625
0 0.6859375 0.2625 0.0265625 0.059375
0 0.703125 0.225 0.01484375 0.04140625
0 0.7375 0.26796875 0.01796875 0.06328125
0 0.7640625 0.2484375 0.01953125 0.0375
0 0.79140625 0.2828125 0.02578125 0.04765625
0 0.83828125 0.3046875 0.0296875 0.06328125
0 0.9015625 0.34609375 0.02890625 0.05546875
0 0.91796875 0.30390625 0.025 0.04140625
0 0.8703125 0.26953125 0.02109375 0.0578125
0 0.9234375 0.2484375 0.02109375 0.05
0 0.87734375 0.2375 0.015625 0.0375
0 0.84453125 0.2328125 0.015625 0.03984375
0 0.840625 0.19609375 0.0140625 0.03984375
0 0.9046875 0.2015625 0.02109375 0.034375
0 0.94375 0.20625 0.02265625 0.0296875
0 0.93984375 0.1734375 0.015625 0.03671875
0 0.90703125 0.15859375 0.02109375 0.034375
0 0.8796875 0.15859375 0.0125 0.03203125
0 0.8609375 0.18046875 0.01953125 0.04453125
0 0.83203125 0.159375 0.015625 0.0234375
0 0.84765625 0.14453125 0.01796875 0.0375
0 0.8109375 0.1359375 0.01640625 0.02578125
0 0.79765625 0.15625 0.0140625 0.03125
0 0.78515625 0.21328125 0.0265625 0.05234375
0 0.75859375 0.20546875 0.0171875 0.03671875
0 0.75859375 0.15703125 0.02109375 0.04453125
0 0.78828125 0.13515625 0.0125 0.03046875
0 0.7515625 0.12578125 0.0171875 0.028125
0 0.72265625 0.1421875 0.01875 0.03984375
0 0.7375 0.18203125 0.0171875 0.04453125
0 0.7015625 0.17109375 0.02109375 0.03203125
0 0.69296875 0.159375 0.009375 0.025
0 0.70625 0.1046875 0.01015625 0.021875
0 0.6828125 0.13125 0.015625 0.03046875
0 0.6765625 0.1046875 0.01484375 0.0234375
0 0.65390625 0.115625 0.01875 0.0328125
0 0.62265625 0.09609375 0.0125 0.01328125
0 0.62734375 0.1109375 0.01484375 0.01640625
0 0.6234375 0.13046875 0.01484375 0.02109375
0 0.6546875 0.14453125 0.0140625 0.03203125
0 0.60625 0.11796875 0.01484375 0.02890625
0 0.5984375 0.10078125 0.0109375 0.01875
0 0.590625 0.13203125 0.01328125 0.03203125
0 0.5765625 0.1171875 0.01328125 0.02734375
0 0.6140625 0.16171875 0.01640625 0.04140625
0 0.58515625 0.16328125 0.015625 0.03671875
0 0.565625 0.13828125 0.01171875 0.02421875
0 0.553125 0.11953125 0.015625 0.02890625
0 0.53125 0.1296875 0.01015625 0.028125
0 0.5203125 0.12890625 0.015625 0.03203125
0 0.5 0.13828125 0.009375 0.03046875
0 0.53203125 0.159375 0.01328125 0.02734375
0 0.5359375 0.20390625 0.021875 0.04140625
0 0.4953125 0.21328125 0.0140625 0.03984375
0 0.49921875 0.18203125 0.01171875 0.040625
0 0.48203125 0.18125 0.01953125 0.0359375
0 0.4640625 0.15859375 0.01640625 0.03359375
0 0.471875 0.13203125 0.01484375 0.02890625
0 0.453125 0.19609375 0.01796875 0.04375
0 0.42265625 0.14375 0.0140625 0.028125
0 0.4265625 0.18125 0.01796875 0.0359375
0 0.41484375 0.21015625 0.0171875 0.0359375
0 0.403125 0.1640625 0.0171875 0.0328125
0 0.3890625 0.1921875 0.0125 0.040625
0 0.37734375 0.17578125 0.0171875 0.028125
0 0.3625 0.1890625 0.015625 0.034375
0 0.40859375 0.26484375 0.01875 0.05
0 0.37421875 0.24765625 0.0171875 0.04765625
0 0.33359375 0.234375 0.01640625 0.0296875
0 0.32421875 0.19453125 0.0203125 0.03984375
0 0.2703125 0.2234375 0.02578125 0.05546875
0 0.56953125 0.23046875 0.01953125 0.02734375