0 0.39453125 0.49296875 0.078125 0.10546875
0 0.28125 0.39375 0.0640625 0.1140625
0 0.41875 0.2796875 0.0234375 0.04921875
0 0.39453125 0.2375 0.01953125 0.0546875
0 0.41796875 0.1953125 0.0234375 0.03359375
0 0.440625 0.20859375 0.0140625 0.05078125
0 0.48515625 0.22890625 0.01875 0.04609375
0 0.5890625 0.25625 0.028125 0.05234375
0 0.62890625 0.25546875 0.03671875 0.0546875
0 0.6640625 0.12421875 0.01484375 0.02734375
0 0.6421875 0.12890625 0.01640625 0.0265625
0 0.6125 0.1125 0.0109375 0.03984375
0 0.584375 0.121875 0.0171875 0.0359375