0 0.90859375 0.28046875 0.03125 0.0515625
0 0.08125 0.35234375 0.02734375 0.06171875
0 0.24609375 0.3765625 0.025 0.078125
0 0.3 0.3234375 0.025 0.06484375
0 0.2015625 0.296875 0.02109375 0.06328125
0 0.17265625 0.275 0.02109375 0.05078125
0 0.0703125 0.26171875 0.02265625 0.03984375
0 0.1203125 0.240625 0.02421875 0.05
0 0.09609375 0.22421875 0.01484375 0.040625
0 0.04921875 0.23359375 0.00859375 0.0359375
0 0.05703125 0.2140625 0.01640625 0.034375
0 0.040625 0.19375 0.0140625 0.04453125
0 0.07890625 0.1625 0.01796875 0.028125
0 0.0921875 0.1890625 0.0125 0.02890625
0 0.084375 0.17421875 0.01484375 0.03046875
0 0.11640625 0.1671875 0.0171875 0.01640625
0 0.12109375 0.19375 0.01484375 0.0234375
0 0.15078125 0.228125 0.01328125 0.04609375
0 0.19453125 0.2234375 0.01484375 0.0484375
0 0.2265625 0.24921875 0.02890625 0.0578125
0 0.26171875 0.2375 0.02109375 0.03984375
0 0.2359375 0.20234375 0.0203125 0.03984375
0 0.17578125 0.20859375 0.02109375 0.04375
0 0.16171875 0.18203125 0.0140625 0.03515625
0 0.153125 0.17109375 0.01171875 0.03125
0 0.1390625 0.15703125 0.015625 0.0359375
0 0.16015625 0.1390625 0.015625 0.03046875
0 0.190625 0.14453125 0.01875 0.0328125
0 0.19609375 0.17421875 0.01875 0.028125
0 0.209375 0.16015625 0.01875 0.03203125
0 0.2140625 0.1375 0.01171875 0.028125
0 0.23671875 0.13984375 0.01640625 0.0328125
0 0.25625 0.17578125 0.01875 0.025
0 0.26171875 0.14375 0.0203125 0.04140625
0 0.27890625 0.18671875 0.01640625 0.0359375
0 0.29140625 0.18359375 0.02265625 0.046875
0 0.30703125 0.26875 0.02109375 0.040625
0 0.31171875 0.2296875 0.02109375 0.03671875
0 0.321875 0.18515625 0.02109375 0.0453125
0 0.35703125 0.253125 0.02421875 0.0546875
0 0.40546875 0.2265625 0.02421875 0.04765625
0 0.38984375 0.1640625 0.01328125 0.025
0 0.35546875 0.165625 0.01640625 0.0375
0 0.34453125 0.1453125 0.02265625 0.034375
0 0.334375 0.1265625 0.0078125 0.03203125
0 0.31171875 0.13671875 0.0171875 0.03515625
0 0.2828125 0.13046875 0.01484375 0.028125
0 0.309375 0.12109375 0.01015625 0.02421875
0 0.334375 0.11015625 0.0109375 0.0203125
0 0.353125 0.12265625 0.01484375 0.034375
0 0.3703125 0.14140625 0.0125 0.03671875
0 0.38515625 0.1234375 0.0171875 0.0375
0 0.37578125 0.109375 0.0140625 0.02109375
0 0.39921875 0.078125 0.0140625 0.015625
0 0.40078125 0.1421875 0.0125 0.0234375
0 0.41796875 0.140625 0.01640625 0.025
0 0.42734375 0.16796875 0.0171875 0.0265625
0 0.43515625 0.18671875 0.02578125 0.0421875
0 0.471875 0.18125 0.0171875 0.034375
0 0.46328125 0.1625 0.00625 0.01875
0 0.440625 0.13515625 0.01875 0.03515625
0 0.44609375 0.1296875 0.0078125 0.02109375
0 0.46640625 0.13828125 0.0140625 0.02421875
0 0.49765625 0.134375 0.02421875 0.03046875
0 0.51015625 0.1625 0.01015625 0.03203125
0 0.49609375 0.1671875 0.01640625 0.028125
0 0.490625 0.18671875 0.015625 0.03828125
0 0.53671875 0.21484375 0.02265625 0.059375
0 0.55546875 0.25546875 0.02421875 0.03828125
0 0.5890625 0.246875 0.0265625 0.0625
0 0.56953125 0.209375 0.02109375 0.034375
0 0.54765625 0.1609375 0.0140625 0.04296875
0 0.5703125 0.16640625 0.01796875 0.03359375
0 0.59453125 0.1671875 0.0140625 0.02265625
0 0.61015625 0.20546875 0.01796875 0.03515625
0 0.625 0.2015625 0.01484375 0.02734375
0 0.6203125 0.24453125 0.0171875 0.0421875
0 0.64921875 0.2328125 0.021875 0.0421875
0 0.665625 0.22734375 0.01640625 0.040625
0 0.646875 0.19921875 0.0203125 0.03671875
0 0.65078125 0.1765625 0.01171875 0.0234375
0 0.70625 0.23359375 0.01640625 0.0328125
0 0.7234375 0.22734375 0.0140625 0.03828125