0 0.11484375 0.50390625 0.06171875 0.10859375
0 0.83671875 0.36328125 0.02578125 0.065625
0 0.7578125 0.3390625 0.03046875 0.071875
0 0.6796875 0.34140625 0.0390625 0.0671875
0 0.6328125 0.29765625 0.03125 0.0734375
0 0.5859375 0.2859375 0.0265625 0.0625
0 0.53203125 0.27265625 0.0265625 0.059375
0 0.5890625 0.240625 0.021875 0.0328125
0 0.6359375 0.25078125 0.02421875 0.034375
0 0.66953125 0.23359375 0.025 0.03984375
0 0.72578125 0.2359375 0.02578125 0.053125
0 0.79765625 0.27421875 0.02265625 0.05625
0 0.87109375 0.29765625 0.02421875 0.05390625
0 0.92109375 0.3203125 0.021875 0.059375
0 0.92890625 0.28125 0.02109375 0.03671875
0 0.88515625 0.2421875 0.02421875 0.0578125
0 0.84296875 0.2171875 0.02109375 0.0453125
0 0.82109375 0.253125 0.02421875 0.046875
0 0.790625 0.21328125 0.02421875 0.05234375
0 0.703125 0.21015625 0.02265625 0.04609375
0 0.66171875 0.19140625 0.02109375 0.0421875
0 0.7140625 0.16640625 0.0171875 0.03828125
0 0.74921875 0.175 0.01953125 0.0375
0 0.77265625 0.18203125 0.02109375 0.040625
0 0.81484375 0.1671875 0.01796875 0.03203125
0 0.8359375 0.1796875 0.015625 0.03515625
0 0.853125 0.196875 0.01640625 0.03828125
0 0.84921875 0.1578125 0.015625 0.034375
0 0.86953125 0.18203125 0.0125 0.03828125
0 0.88125 0.159375 0.01484375 0.03984375
0 0.890625 0.20703125 0.015625 0.0375
0 0.94609375 0.178125 0.0140625 0.0328125
0 0.915625 0.18515625 0.0140625 0.03125
0 0.784375 0.1484375 0.01640625 0.0375
0 0.7640625 0.1515625 0.01640625 0.040625
0 0.7453125 0.13671875 0.01796875 0.03046875
0 0.725 0.14765625 0.01640625 0.0328125
0 0.68828125 0.13046875 0.01640625 0.028125
0 0.6921875 0.115625 0.0125 0.01953125
0 0.6640625 0.1265625 0.0140625 0.03046875
0 0.65546875 0.14375 0.01328125 0.0296875
0 0.63671875 0.103125 0.0125 0.0265625
0 0.60625 0.125 0.01328125 0.03046875
0 0.58203125 0.121875 0.01328125 0.0328125
0 0.6171875 0.1109375 0.01171875 0.025
0 0.63125 0.15390625 0.0171875 0.0375
0 0.59296875 0.17421875 0.0203125 0.040625
0 0.55703125 0.184375 0.015625 0.04140625
0 0.5375 0.15859375 0.01328125 0.03359375
0 0.52890625 0.13125 0.0109375 0.025
0 0.51015625 0.15859375 0.0171875 0.03515625
0 0.50546875 0.215625 0.02265625 0.05078125
0 0.490625 0.18359375 0.01640625 0.0390625
0 0.44609375 0.2203125 0.021875 0.0484375
0 0.42265625 0.203125 0.01640625 0.0421875
0 0.42421875 0.1578125 0.01328125 0.03671875
0 0.4375 0.18515625 0.0109375 0.03125
0 0.46875 0.15625 0.01484375 0.03515625
0 0.4984375 0.1265625 0.01171875 0.025
0 0.49140625 0.14765625 0.01328125 0.02421875
0 0.35859375 0.20625 0.0203125 0.03671875
0 0.32578125 0.2078125 0.02265625 0.04140625
0 0.31640625 0.2375 0.02265625 0.04375