0 0.06953125 0.30625 0.03125 0.06875
0 0.34296875 0.17734375 0.01640625 0.0375
0 0.353125 0.19296875 0.01875 0.03203125
0 0.3390625 0.22421875 0.0203125 0.04921875
0 0.409375 0.20390625 0.01796875 0.040625
0 0.41875 0.17578125 0.01640625 0.03046875
0 0.425 0.146875 0.0140625 0.03046875
0 0.4375 0.23515625 0.0234375 0.046875
0 0.475 0.2265625 0.02109375 0.0515625
0 0.45234375 0.1796875 0.021875 0.04453125
0 0.45234375 0.15078125 0.0171875 0.03046875
0 0.4734375 0.184375 0.01953125 0.04765625
0 0.4984375 0.140625 0.0140625 0.03125
0 0.51171875 0.125 0.0125 0.028125
0 0.50390625 0.15859375 0.01640625 0.02890625
0 0.52265625 0.13125 0.0140625 0.03125
0 0.53359375 0.134375 0.01484375 0.0234375
0 0.52890625 0.1578125 0.01640625 0.03515625
0 0.5625 0.15390625 0.01796875 0.03359375
0 0.55078125 0.11796875 0.01640625 0.03203125
0 0.553125 0.18828125 0.0203125 0.046875
0 0.584375 0.175 0.02109375 0.03671875
0 0.58984375 0.14453125 0.01640625 0.03203125
0 0.5984375 0.12421875 0.0171875 0.0359375
0 0.61171875 0.11484375 0.0140625 0.0265625
0 0.63203125 0.10390625 0.0140625 0.02890625
0 0.65546875 0.10546875 0.01328125 0.0203125
0 0.6578125 0.11796875 0.01328125 0.0234375
0 0.65 0.13828125 0.01484375 0.02734375
0 0.61875 0.13984375 0.01640625 0.03125
0 0.63203125 0.159375 0.01796875 0.03515625
0 0.621875 0.20625 0.02265625 0.04609375
0 0.57578125 0.24453125 0.03046875 0.05078125
0 0.51484375 0.28515625 0.03046875 0.0578125
0 0.55234375 0.30078125 0.0328125 0.07265625
0 0.61171875 0.2640625 0.0234375 0.046875
0 0.62109375 0.2984375 0.0328125 0.07265625
0 0.66171875 0.21328125 0.021875 0.04296875
0 0.6671875 0.17421875 0.01875 0.03984375
0 0.67734375 0.12734375 0.01484375 0.03125
0 0.6796875 0.10546875 0.0125 0.021875
0 0.69921875 0.1203125 0.0125 0.01875
0 0.7015625 0.159375 0.015625 0.034375
0 0.7015625 0.1375 0.015625 0.02421875
0 0.70234375 0.190625 0.02265625 0.04140625
0 0.7078125 0.2265625 0.028125 0.05
0 0.66875 0.26875 0.0296875 0.05859375
0 0.6765625 0.33203125 0.034375 0.0765625
0 0.7265625 0.14453125 0.01640625 0.03359375
0 0.74375 0.12578125 0.01484375 0.03203125
0 0.77890625 0.1328125 0.01640625 0.03203125
0 0.75390625 0.1515625 0.01484375 0.028125
0 0.7375 0.17421875 0.0171875 0.0359375
0 0.76640625 0.18359375 0.0171875 0.0359375
0 0.77734375 0.203125 0.01796875 0.0390625
0 0.79609375 0.17265625 0.01640625 0.03515625
0 0.83359375 0.153125 0.01484375 0.0328125
0 0.86953125 0.1609375 0.01484375 0.028125
0 0.809375 0.2 0.01953125 0.03671875
0 0.8234375 0.18125 0.01484375 0.03828125
0 0.846875 0.1890625 0.015625 0.03203125
0 0.86015625 0.18984375 0.01640625 0.03984375
0 0.89375 0.1921875 0.01953125 0.046875
0 0.9015625 0.18515625 0.01484375 0.0328125
0 0.9359375 0.171875 0.021875 0.034375
0 0.93125 0.20546875 0.02109375 0.034375
0 0.93515625 0.25703125 0.021875 0.04921875
0 0.87421875 0.22734375 0.0234375 0.05234375
0 0.9125 0.27265625 0.02421875 0.04140625
0 0.91015625 0.3140625 0.02578125 0.05625
0 0.8671875 0.2859375 0.02421875 0.06328125
0 0.84375 0.3015625 0.02421875 0.05859375
0 0.8390625 0.2171875 0.01640625 0.04453125
0 0.815625 0.25546875 0.025 0.046875
0 0.79453125 0.2875 0.03203125 0.0578125
0 0.828125 0.353125 0.03359375 0.075
0 0.75703125 0.33984375 0.03671875 0.0703125