0 0.9328125 0.25 0.03828125 0.05703125
0 0.76796875 0.159375 0.02734375 0.053125
0 0.71171875 0.1890625 0.03359375 0.05390625
0 0.75703125 0.2390625 0.0328125 0.059375
0 0.63125 0.2625 0.0359375 0.065625
0 0.5453125 0.13125 0.0265625 0.046875
0 0.575 0.134375 0.01953125 0.0328125
0 0.4890625 0.3015625 0.03203125 0.06953125
0 0.39296875 0.2875 0.03203125 0.0578125
0 0.47421875 0.22890625 0.0203125 0.05
0 0.4578125 0.23046875 0.021875 0.04921875
0 0.3546875 0.30703125 0.025 0.04453125
0 0.33984375 0.21171875 0.01953125 0.03515625
0 0.3703125 0.21953125 0.02578125 0.02890625
0 0.39921875 0.22890625 0.0203125 0.03359375
0 0.4875 0.19609375 0.02109375 0.04296875
0 0.4046875 0.1765625 0.0140625 0.028125
0 0.36640625 0.19296875 0.0203125 0.034375