0 0.49296875 0.259375 0.04453125 0.07890625
0 0.52109375 0.18828125 0.0296875 0.065625
0 0.46015625 0.1984375 0.0234375 0.05078125
0 0.375 0.19296875 0.02578125 0.04453125
0 0.34140625 0.1890625 0.01484375 0.0375
0 0.32734375 0.2078125 0.0234375 0.04609375
0 0.30078125 0.19296875 0.0203125 0.04296875
0 0.3390625 0.25234375 0.02734375 0.0671875
0 0.2828125 0.2640625 0.03125 0.06328125
0 0.25625 0.2015625 0.02109375 0.04765625
0 0.23125 0.2359375 0.0265625 0.0578125
0 0.18203125 0.25078125 0.02421875 0.05390625
0 0.265625 0.3578125 0.03515625 0.0890625
0 0.1875 0.384375 0.03671875 0.08203125
0 0.11015625 0.41328125 0.034375 0.09765625