0 0.9375 0.35625 0.021875 0.0625
0 0.878125 0.29296875 0.01875 0.05546875
0 0.85546875 0.265625 0.02265625 0.040625
0 0.82578125 0.2203125 0.02109375 0.05234375
0 0.784375 0.18671875 0.01953125 0.04453125
0 0.65234375 0.1359375 0.01171875 0.05625
0 0.62734375 0.103125 0.01796875 0.04609375
0 0.58515625 0.09453125 0.0265625 0.025
0 0.55 0.07265625 0.0140625 0.04140625
0 0.48515625 0.0578125 0.01484375 0.0234375
0 0.4265625 0.0734375 0.01875 0.0296875
0 0.40703125 0.08046875 0.015625 0.0265625
0 0.3625 0.07578125 0.0171875 0.0390625
0 0.51484375 0.10234375 0.015625 0.040625
0 0.475 0.10703125 0.01796875 0.0375
0 0.4578125 0.1125 0.0203125 0.02109375
0 0.60234375 0.13203125 0.01171875 0.053125
0 0.58203125 0.12734375 0.0171875 0.0640625
0 0.55625 0.16953125 0.02421875 0.03359375
0 0.58203125 0.184375 0.01953125 0.04921875
0 0.6125 0.2265625 0.01953125 0.03984375
0 0.69296875 0.1890625 0.0171875 0.05390625
0 0.734375 0.20546875 0.0203125 0.03515625
0 0.70859375 0.22890625 0.0265625 0.03515625
0 0.7953125 0.3484375 0.02734375 0.0546875
0 0.67265625 0.3109375 0.03125 0.0609375
0 0.5625 0.290625 0.02421875 0.06015625
0 0.48125 0.24609375 0.02109375 0.04296875
0 0.54765625 0.43984375 0.04140625 0.09921875
0 0.509375 0.1640625 0.015625 0.0515625
0 0.46875 0.1484375 0.01484375 0.03828125
0 0.41875 0.15625 0.0203125 0.0359375
0 0.38046875 0.16953125 0.01953125 0.0546875
0 0.35 0.21640625 0.02578125 0.04375
0 0.309375 0.2078125 0.015625 0.04375
0 0.290625 0.190625 0.0234375 0.0359375
0 0.29609375 0.13828125 0.015625 0.04375
0 0.24375 0.1171875 0.0171875 0.0484375
0 0.22265625 0.13828125 0.025 0.05546875
0 0.19140625 0.1171875 0.0125 0.0390625
0 0.1515625 0.140625 0.01484375 0.03984375
0 0.1640625 0.1671875 0.01484375 0.04921875
0 0.184375 0.17890625 0.0140625 0.05234375
0 0.115625 0.2 0.02265625 0.05546875
0 0.03671875 0.23046875 0.01953125 0.046875
0 0.16875 0.240625 0.01640625 0.05
0 0.246875 0.259375 0.0234375 0.03984375
0 0.23671875 0.340625 0.02890625 0.07734375
0 0.1890625 0.428125 0.03203125 0.08515625
0 0.1234375 0.5734375 0.0328125 0.0796875
0 0.071875 0.44921875 0.0328125 0.05390625
0 0.071875 0.3984375 0.0359375 0.0609375