0 0.20390625 0.44375 0.0609375 0.13515625
0 0.23984375 0.37578125 0.05 0.12265625
0 0.26640625 0.19921875 0.0265625 0.06875
0 0.334375 0.278125 0.0375 0.059375
0 0.40234375 0.18671875 0.02578125 0.04375
0 0.4234375 0.22109375 0.0203125 0.04296875
0 0.4453125 0.225 0.02734375 0.04140625
0 0.4296875 0.2828125 0.03046875 0.05390625
0 0.48515625 0.3140625 0.03203125 0.05859375
0 0.521875 0.2125 0.02109375 0.04609375
0 0.47421875 0.1921875 0.0265625 0.040625
0 0.4546875 0.16015625 0.0171875 0.03203125
0 0.4703125 0.15703125 0.01640625 0.0359375
0 0.48359375 0.1375 0.01875 0.03359375
0 0.50703125 0.17578125 0.0203125 0.03828125
0 0.5296875 0.140625 0.0203125 0.0359375
0 0.5546875 0.1546875 0.01953125 0.03671875
0 0.57734375 0.1625 0.01640625 0.03828125
0 0.56484375 0.11796875 0.015625 0.03046875
0 0.6578125 0.10625 0.0234375 0.03203125
0 0.69453125 0.096875 0.01484375 0.03828125
0 0.746875 0.10625 0.01640625 0.03515625
0 0.7109375 0.14921875 0.01796875 0.03515625
0 0.72578125 0.1640625 0.01796875 0.0328125
0 0.74453125 0.14765625 0.01484375 0.03515625
0 0.6953125 0.178125 0.01796875 0.04375
0 0.68125 0.1625 0.01953125 0.0328125
0 0.61953125 0.25 0.02421875 0.05859375
0 0.6578125 0.25703125 0.025 0.06171875
0 0.715625 0.28046875 0.03046875 0.06171875
0 0.7703125 0.30546875 0.03046875 0.06484375
0 0.80859375 0.13125 0.01640625 0.03203125
0 0.79765625 0.18125 0.0203125 0.03515625
0 0.75546875 0.16953125 0.01953125 0.0375
0 0.8453125 0.19140625 0.021875 0.04140625
0 0.87109375 0.2296875 0.0234375 0.046875