0 0.3296875 0.121875 0.01953125 0.03125
0 0.35859375 0.12578125 0.01484375 0.02578125
0 0.38359375 0.115625 0.0171875 0.01953125
0 0.40078125 0.11171875 0.0171875 0.01875
0 0.56328125 0.21171875 0.0171875 0.03125
0 0.52421875 0.228125 0.0171875 0.03359375
0 0.4140625 0.259375 0.03203125 0.0453125
0 0.36640625 0.24609375 0.0234375 0.05625
0 0.59921875 0.23984375 0.0203125 0.04375
0 0.546875 0.24296875 0.0171875 0.04296875
0 0.74609375 0.40703125 0.04765625 0.13046875
0 0.6109375 0.4921875 0.0625 0.1234375