0 0.8875 0.24921875 0.02578125 0.0515625
0 0.784375 0.390625 0.04921875 0.103125
0 0.41015625 0.11640625 0.01796875 0.0359375
0 0.59921875 0.15390625 0.01640625 0.03125
0 0.60859375 0.18125 0.01796875 0.028125
0 0.60078125 0.21015625 0.0171875 0.03515625
0 0.58359375 0.22890625 0.0234375 0.040625
0 0.571875 0.20546875 0.015625 0.0328125
0 0.56875 0.1703125 0.01484375 0.03203125
0 0.54296875 0.16484375 0.01484375 0.02734375
0 0.51875 0.153125 0.0171875 0.02890625
0 0.5125 0.2234375 0.025 0.0484375
0 0.465625 0.20390625 0.0234375 0.03671875
0 0.3875 0.2359375 0.02421875 0.05234375
0 0.35703125 0.24375 0.025 0.05859375
0 0.278125 0.1484375 0.01875 0.03125
0 0.2671875 0.17421875 0.0171875 0.04375
0 0.2484375 0.16171875 0.01875 0.0484375
0 0.2328125 0.1890625 0.021875 0.04765625
0 0.20625 0.1421875 0.01953125 0.02734375
0 0.20546875 0.175 0.0171875 0.04765625
0 0.1765625 0.16328125 0.01640625 0.04140625
0 0.17734375 0.20625 0.0203125 0.0421875
0 0.1421875 0.26796875 0.0234375 0.05625
0 0.1203125 0.34140625 0.046875 0.12734375
0 0.0953125 0.2578125 0.02734375 0.05703125
0 0.0296875 0.19140625 0.0171875 0.04296875
0 0.04296875 0.2265625 0.01953125 0.04609375
0 0.053125 0.265625 0.0234375 0.0515625