0 0.25078125 0.2265625 0.0328125 0.0609375
0 0.91640625 0.28515625 0.01953125 0.05078125
0 0.8609375 0.30859375 0.01875 0.0484375
0 0.87421875 0.28046875 0.025 0.05078125
0 0.84453125 0.271875 0.02578125 0.04296875
0 0.8375 0.22109375 0.015625 0.03984375
0 0.8875 0.24296875 0.02109375 0.04609375
0 0.8890625 0.19765625 0.0140625 0.0375
0 0.90078125 0.1953125 0.01484375 0.0390625
0 0.9296875 0.24296875 0.0125 0.04609375
0 0.94921875 0.215625 0.0203125 0.0359375
0 0.9375 0.19140625 0.015625 0.025
0 0.9359375 0.1671875 0.0171875 0.0375
0 0.8765625 0.17421875 0.0171875 0.0375
0 0.84453125 0.15703125 0.0203125 0.0390625
0 0.83046875 0.18046875 0.01875 0.02578125
0 0.80390625 0.1671875 0.01953125 0.03515625
0 0.78828125 0.17890625 0.01796875 0.02578125
0 0.784375 0.22421875 0.02265625 0.04609375
0 0.75703125 0.24765625 0.0265625 0.03828125
0 0.74921875 0.2046875 0.021875 0.0375
0 0.740625 0.16953125 0.01796875 0.028125
0 0.76171875 0.16796875 0.0125 0.03125
0 0.77421875 0.15390625 0.0140625 0.034375
0 0.75078125 0.1390625 0.01640625 0.0375
0 0.72578125 0.14296875 0.01328125 0.03046875
0 0.71640625 0.1578125 0.015625 0.028125
0 0.709375 0.18828125 0.01875 0.04765625
0 0.7234375 0.284375 0.0203125 0.06171875
0 0.67890625 0.31640625 0.03515625 0.0671875
0 0.6453125 0.21171875 0.02578125 0.0421875
0 0.67421875 0.1984375 0.02890625 0.0421875
0 0.615625 0.23828125 0.02109375 0.0515625
0 0.62265625 0.29609375 0.03125 0.03828125
0 0.56796875 0.25078125 0.02421875 0.05078125
0 0.509375 0.2296875 0.01953125 0.034375
0 0.5578125 0.1890625 0.0171875 0.03203125
0 0.546875 0.16953125 0.0140625 0.021875
0 0.57265625 0.1515625 0.01484375 0.0296875
0 0.584375 0.1375 0.01328125 0.02265625
0 0.58671875 0.16796875 0.01015625 0.03125
0 0.628125 0.14375 0.01015625 0.02890625
0 0.65703125 0.15 0.01171875 0.03515625
0 0.68203125 0.121875 0.01015625 0.02734375
0 0.7046875 0.12109375 0.01015625 0.03359375
0 0.65078125 0.10859375 0.01328125 0.0296875
0 0.6203125 0.10546875 0.0203125 0.02578125
0 0.5796875 0.10859375 0.01796875 0.02578125
0 0.54375 0.1359375 0.0171875 0.028125
0 0.53125 0.14453125 0.015625 0.01953125
0 0.52578125 0.165625 0.02265625 0.04375
0 0.50703125 0.1859375 0.0171875 0.03515625
0 0.4890625 0.16328125 0.01796875 0.0296875
0 0.49140625 0.1359375 0.00859375 0.02890625
0 0.49609375 0.121875 0.01484375 0.0390625
0 0.4671875 0.14765625 0.0171875 0.03046875
0 0.4421875 0.14609375 0.009375 0.03984375
0 0.4734375 0.17734375 0.0171875 0.0265625
0 0.44921875 0.2171875 0.0171875 0.03046875
0 0.42421875 0.2078125 0.025 0.03515625
0 0.4265625 0.17734375 0.0171875 0.03515625
0 0.39765625 0.15859375 0.01015625 0.0296875
0 0.40078125 0.19453125 0.02578125 0.0421875
0 0.38203125 0.1796875 0.01328125 0.03671875
0 0.33515625 0.19140625 0.01953125 0.03984375