0 0.9765625 0.4296875 0.0328125 0.0609375
0 0.18359375 0.5234375 0.028125 0.06875
0 0.09765625 0.46328125 0.02890625 0.0671875
0 0.1640625 0.4296875 0.0296875 0.06171875
0 0.225 0.4265625 0.0234375 0.06484375
0 0.20078125 0.35625 0.01953125 0.0421875
0 0.1453125 0.37265625 0.02109375 0.05390625
0 0.134375 0.346875 0.01796875 0.040625
0 0.12265625 0.31875 0.02109375 0.0375
0 0.0921875 0.32265625 0.01640625 0.0296875
0 0.07109375 0.36640625 0.0265625 0.040625
0 0.078125 0.30078125 0.0125 0.0359375
0 0.11328125 0.28671875 0.01640625 0.0390625
0 0.1359375 0.25 0.01640625 0.0390625
0 0.16171875 0.29921875 0.015625 0.03515625
0 0.19140625 0.2984375 0.0125 0.03046875
0 0.19140625 0.2609375 0.0140625 0.028125
0 0.16875 0.2609375 0.0171875 0.03671875
0 0.2234375 0.25234375 0.0203125 0.0359375
0 0.24921875 0.23125 0.01640625 0.03046875
0 0.26953125 0.246875 0.00859375 0.02421875
0 0.2375 0.2875 0.01796875 0.04453125
0 0.25703125 0.2796875 0.0203125 0.0359375
0 0.28046875 0.29296875 0.0171875 0.03515625
0 0.3015625 0.25625 0.0140625 0.03046875
0 0.328125 0.27421875 0.01328125 0.0390625
0 0.31953125 0.35 0.01953125 0.04453125
0 0.27734375 0.39765625 0.02578125 0.0515625
0 0.29609375 0.48203125 0.040625 0.065625
0 0.3625 0.44765625 0.04375 0.0640625
0 0.35625 0.36875 0.02734375 0.04765625
0 0.38984375 0.36796875 0.02734375 0.0546875
0 0.40546875 0.33203125 0.02265625 0.0453125
0 0.36953125 0.3078125 0.0203125 0.0390625
0 0.4578125 0.4015625 0.02578125 0.05625
0 0.47265625 0.3609375 0.0265625 0.03515625
0 0.54140625 0.40390625 0.0328125 0.05
0 0.3078125 0.22421875 0.01484375 0.0296875
0 0.3328125 0.23046875 0.0125 0.0328125
0 0.34375 0.21328125 0.01015625 0.03671875
0 0.36328125 0.22734375 0.01484375 0.025
0 0.36953125 0.24921875 0.01484375 0.03125
0 0.3765625 0.2171875 0.01484375 0.02734375
0 0.39375 0.209375 0.01484375 0.028125
0 0.40234375 0.2203125 0.01328125 0.02109375
0 0.4046875 0.253125 0.01328125 0.03203125
0 0.42265625 0.26953125 0.0125 0.04296875
0 0.4375 0.25234375 0.01015625 0.021875
0 0.4328125 0.2234375 0.0125 0.02734375
0 0.4484375 0.23203125 0.00859375 0.02890625
0 0.4640625 0.25234375 0.01875 0.03828125
0 0.4453125 0.28515625 0.0234375 0.03203125
0 0.48046875 0.28125 0.01796875 0.0375
0 0.49375 0.26640625 0.01484375 0.02578125
0 0.53125 0.26875 0.01328125 0.03125
0 0.5453125 0.24921875 0.01640625 0.03203125
0 0.55390625 0.2609375 0.01328125 0.03984375
0 0.53203125 0.3046875 0.0171875 0.03046875
0 0.5015625 0.328125 0.01875 0.03671875
0 0.55625 0.34609375 0.02890625 0.0421875
0 0.590625 0.3375 0.015625 0.034375
0 0.5953125 0.3 0.0140625 0.03359375
0 0.58984375 0.27421875 0.0171875 0.03671875
0 0.60625 0.26328125 0.01171875 0.0234375
0 0.6140625 0.32890625 0.01640625 0.046875
0 0.64453125 0.28984375 0.015625 0.03125
0 0.6421875 0.3359375 0.0140625 0.0328125
0 0.6640625 0.35703125 0.0265625 0.0515625
0 0.71015625 0.30390625 0.01875 0.0421875
0 0.7109375 0.37578125 0.021875 0.0375
0 0.74140625 0.37109375 0.01484375 0.04921875
0 0.76640625 0.33984375 0.01953125 0.0484375