0 0.8703125 0.4359375 0.034375 0.07265625
0 0.8296875 0.40859375 0.0265625 0.06875
0 0.73125 0.3515625 0.03125 0.0703125
0 0.54140625 0.296875 0.03125 0.05859375
0 0.5234375 0.2765625 0.01953125 0.046875
0 0.540625 0.19765625 0.0171875 0.04765625
0 0.6171875 0.203125 0.01953125 0.040625
0 0.6578125 0.25546875 0.0234375 0.05703125
0 0.81953125 0.25078125 0.02109375 0.05
0 0.77109375 0.24296875 0.02578125 0.05
0 0.73984375 0.21328125 0.01640625 0.03828125
0 0.703125 0.2078125 0.01796875 0.040625
0 0.66640625 0.22421875 0.01796875 0.0328125
0 0.67265625 0.1953125 0.0140625 0.02890625