0 0.06484375 0.5171875 0.05703125 0.08046875
0 0.796875 0.5 0.03046875 0.05625
0 0.88984375 0.4546875 0.03671875 0.0578125
0 0.82578125 0.440625 0.02109375 0.046875
0 0.88515625 0.39140625 0.0203125 0.04765625
0 0.83984375 0.37109375 0.0171875 0.05625
0 0.78671875 0.36015625 0.02578125 0.0546875
0 0.80703125 0.3359375 0.01640625 0.03984375
0 0.859375 0.36875 0.01953125 0.03828125
0 0.903125 0.3453125 0.01953125 0.04921875
0 0.915625 0.30546875 0.015625 0.03359375
0 0.92421875 0.26953125 0.01484375 0.040625
0 0.8765625 0.28203125 0.0171875 0.02890625
0 0.8625 0.315625 0.0203125 0.0296875
0 0.85234375 0.259375 0.01875 0.025
0 0.84140625 0.2671875 0.0171875 0.02890625
0 0.834375 0.30078125 0.01015625 0.025
0 0.828125 0.30703125 0.01640625 0.0390625
0 0.7953125 0.2921875 0.0171875 0.03984375
0 0.8 0.2640625 0.01640625 0.040625
0 0.82109375 0.26015625 0.01171875 0.03203125
0 0.75234375 0.28125 0.0203125 0.04453125
0 0.76796875 0.26875 0.01484375 0.04765625
0 0.76484375 0.23671875 0.0171875 0.03671875
0 0.7359375 0.2234375 0.01484375 0.03515625
0 0.72109375 0.2421875 0.01796875 0.03125
0 0.709375 0.2828125 0.0171875 0.03984375
0 0.6921875 0.24453125 0.0171875 0.0375
0 0.66640625 0.2640625 0.0171875 0.03515625
0 0.68125 0.33671875 0.0234375 0.04140625
0 0.71953125 0.38984375 0.02421875 0.05390625
0 0.75859375 0.4359375 0.03671875 0.06875
0 0.68359375 0.4984375 0.040625 0.065625
0 0.63125 0.45390625 0.03125 0.059375
0 0.646875 0.3875 0.0296875 0.059375
0 0.640625 0.328125 0.01640625 0.03984375
0 0.665625 0.3203125 0.02109375 0.0484375
0 0.62109375 0.3015625 0.0171875 0.05546875
0 0.5875 0.32109375 0.0203125 0.05
0 0.58046875 0.42890625 0.0265625 0.06484375
0 0.57109375 0.38125 0.02109375 0.0390625
0 0.53203125 0.4015625 0.02578125 0.0578125
0 0.521875 0.34765625 0.02734375 0.06171875
0 0.45078125 0.42265625 0.034375 0.0796875
0 0.5390625 0.290625 0.021875 0.05
0 0.56875 0.25546875 0.01953125 0.0359375
0 0.590625 0.2421875 0.01875 0.0453125
0 0.5640625 0.23984375 0.01484375 0.03828125
0 0.5921875 0.228125 0.0171875 0.028125
0 0.6015625 0.1953125 0.0171875 0.03203125
0 0.61484375 0.20546875 0.009375 0.0296875
0 0.63125 0.24453125 0.02578125 0.04296875
0 0.68125 0.215625 0.0171875 0.03515625
0 0.66015625 0.228125 0.01640625 0.03671875
0 0.6484375 0.21953125 0.015625 0.03984375
0 0.56484375 0.21484375 0.0171875 0.03046875
0 0.53984375 0.2234375 0.0140625 0.03203125
0 0.51328125 0.2609375 0.01484375 0.03359375
0 0.521875 0.25 0.0234375 0.03203125
0 0.5046875 0.25234375 0.0140625 0.02109375
0 0.4859375 0.26796875 0.01640625 0.04296875
0 0.46796875 0.22890625 0.0171875 0.0265625
0 0.45546875 0.275 0.01640625 0.03203125
0 0.44296875 0.25703125 0.0203125 0.02109375
0 0.46796875 0.3078125 0.02265625 0.04296875
0 0.44609375 0.33828125 0.02578125 0.05
0 0.39765625 0.29609375 0.0171875 0.03125
0 0.4015625 0.2734375 0.021875 0.0484375
0 0.38046875 0.25234375 0.01484375 0.0265625
0 0.40390625 0.3359375 0.02578125 0.0359375
0 0.3765625 0.3265625 0.0171875 0.03125
0 0.35546875 0.2890625 0.021875 0.0546875
0 0.35 0.33046875 0.01875 0.03515625
0 0.3265625 0.3625 0.0265625 0.05625
0 0.28359375 0.29765625 0.015625 0.03359375
0 0.284375 0.36015625 0.01875 0.04609375
0 0.2578125 0.33671875 0.0265625 0.0609375
0 0.21640625 0.34609375 0.01953125 0.0390625