0 0.946875 0.39296875 0.025 0.05234375
0 0.17109375 0.35234375 0.03671875 0.07265625
0 0.08828125 0.33515625 0.0359375 0.0578125
0 0.23359375 0.29453125 0.0328125 0.0546875
0 0.1734375 0.24765625 0.0296875 0.04921875
0 0.41640625 0.31640625 0.0296875 0.0484375
0 0.4640625 0.2890625 0.0265625 0.04921875
0 0.32890625 0.26875 0.0296875 0.0453125
0 0.38515625 0.24921875 0.02578125 0.04375
0 0.43984375 0.259375 0.0265625 0.0421875
0 0.57578125 0.26015625 0.02421875 0.0453125
0 0.51796875 0.21875 0.01953125 0.03828125
0 0.60078125 0.2640625 0.02421875 0.04453125
0 0.62734375 0.25546875 0.021875 0.04140625
0 0.659375 0.25234375 0.01953125 0.040625
0 0.6890625 0.22890625 0.0203125 0.03203125
0 0.13046875 0.240625 0.02890625 0.04609375
0 0.08671875 0.2234375 0.0234375 0.04140625
0 0.10625 0.18203125 0.02109375 0.0375
0 0.07109375 0.159375 0.01875 0.0359375
0 0.0859375 0.140625 0.0171875 0.03203125
0 0.26875 0.21015625 0.02421875 0.04296875
0 0.24609375 0.2359375 0.02890625 0.0390625
0 0.19765625 0.1796875 0.01953125 0.03671875
0 0.13359375 0.14609375 0.0171875 0.02890625
0 0.3125 0.215625 0.025 0.040625
0 0.38515625 0.20546875 0.0234375 0.040625
0 0.16328125 0.19921875 0.0234375 0.03515625
0 0.19140625 0.12265625 0.01484375 0.0296875
0 0.2125 0.11796875 0.0140625 0.0296875
0 0.16171875 0.121875 0.0140625 0.02421875
0 0.42109375 0.171875 0.0203125 0.0359375
0 0.3734375 0.1390625 0.01796875 0.03359375
0 0.3453125 0.13046875 0.01640625 0.03046875
0 0.484375 0.1859375 0.0203125 0.0328125
0 0.44765625 0.16640625 0.01796875 0.03125
0 0.57578125 0.1921875 0.0171875 0.02890625
0 0.54765625 0.1953125 0.0171875 0.034375
0 0.53125 0.14609375 0.0171875 0.02890625
0 0.47734375 0.13046875 0.01484375 0.02890625
0 0.46328125 0.14765625 0.01484375 0.02578125
0 0.4109375 0.140625 0.01640625 0.0265625
0 0.3015625 0.1125 0.0140625 0.02578125
0 0.33671875 0.10390625 0.0140625 0.02265625
0 0.65625 0.2140625 0.021875 0.034375
0 0.63046875 0.21796875 0.01875 0.03046875