0 0.8328125 0.25078125 0.02578125 0.053125
0 0.775 0.2296875 0.02578125 0.0515625
0 0.72421875 0.19375 0.021875 0.03515625
0 0.66875 0.18515625 0.01796875 0.04296875
0 0.6484375 0.1703125 0.02734375 0.0578125
0 0.68515625 0.21328125 0.02265625 0.04609375
0 0.6015625 0.159375 0.01484375 0.03515625
0 0.58515625 0.1421875 0.021875 0.05078125
0 0.53828125 0.184375 0.025 0.04453125
0 0.23515625 0.38125 0.07734375 0.11328125
0 0.75234375 0.28046875 0.0328125 0.06796875
0 0.76171875 0.35859375 0.03125 0.08515625
0 0.80703125 0.3921875 0.03828125 0.0796875
0 0.91640625 0.38984375 0.03828125 0.08046875