0 0.0421875 0.4125 0.03828125 0.08984375
0 0.934375 0.2890625 0.02578125 0.05703125
0 0.9375 0.2078125 0.0234375 0.04453125
0 0.94296875 0.17890625 0.01640625 0.03359375
0 0.93515625 0.15703125 0.01484375 0.0234375
0 0.90703125 0.13203125 0.01484375 0.03828125
0 0.90625 0.16875 0.0140625 0.03125
0 0.8765625 0.1296875 0.01484375 0.028125
0 0.8765625 0.159375 0.01640625 0.0390625
0 0.8953125 0.20234375 0.02109375 0.03671875
0 0.878125 0.225 0.021875 0.0546875
0 0.8625 0.1546875 0.01640625 0.04375
0 0.8546875 0.190625 0.0171875 0.04375
0 0.84453125 0.14140625 0.0171875 0.02578125
0 0.84296875 0.1703125 0.01484375 0.03515625
0 0.82734375 0.25234375 0.02109375 0.0578125
0 0.79140625 0.29609375 0.02734375 0.06640625
0 0.76015625 0.25234375 0.02265625 0.04921875
0 0.72890625 0.28125 0.03046875 0.065625
0 0.690625 0.3265625 0.02890625 0.07265625
0 0.8109375 0.18671875 0.02109375 0.040625
0 0.8015625 0.140625 0.01953125 0.02890625
0 0.7875 0.1203125 0.0125 0.02890625
0 0.78046875 0.1359375 0.01328125 0.034375
0 0.76171875 0.1078125 0.0125 0.03671875
0 0.7484375 0.12578125 0.0140625 0.03984375
0 0.77109375 0.175 0.01875 0.03515625
0 0.75078125 0.17265625 0.015625 0.03515625
0 0.74375 0.2078125 0.01953125 0.04375
0 0.7125 0.1859375 0.02265625 0.04765625
0 0.7203125 0.14453125 0.01640625 0.034375
0 0.696875 0.14609375 0.015625 0.0390625
0 0.6921875 0.103125 0.015625 0.0375
0 0.66953125 0.26015625 0.025 0.0515625
0 0.66328125 0.21171875 0.025 0.0421875
0 0.659375 0.0984375 0.015625 0.03671875
0 0.678125 0.125 0.01328125 0.028125
0 0.6109375 0.20625 0.0234375 0.0484375
0 0.6140625 0.26015625 0.0234375 0.0484375
0 0.615625 0.33359375 0.03125 0.071875
0 0.56328125 0.29296875 0.02734375 0.06015625
0 0.58515625 0.23984375 0.0234375 0.04921875
0 0.48984375 0.3125 0.02578125 0.0578125
0 0.61484375 0.15 0.01953125 0.03125
0 0.58125 0.16796875 0.0171875 0.03671875
0 0.56875 0.14765625 0.01171875 0.02890625
0 0.5953125 0.115625 0.01328125 0.02265625
0 0.59921875 0.14765625 0.0109375 0.0296875
0 0.61796875 0.121875 0.01328125 0.02109375
0 0.565625 0.109375 0.01328125 0.021875
0 0.54921875 0.159375 0.01796875 0.0390625
0 0.53125 0.1328125 0.01640625 0.025
0 0.52578125 0.1625 0.01640625 0.03203125
0 0.4890625 0.1375 0.01328125 0.021875
0 0.490625 0.16328125 0.015625 0.0296875
0 0.4734375 0.15546875 0.01328125 0.028125
0 0.4640625 0.165625 0.0125 0.02421875
0 0.4921875 0.19453125 0.021875 0.034375
0 0.5421875 0.203125 0.0203125 0.04140625
0 0.4671875 0.19453125 0.01640625 0.03515625
0 0.471875 0.2359375 0.01953125 0.03984375
0 0.45078125 0.19453125 0.0171875 0.03359375
0 0.415625 0.171875 0.01640625 0.0328125
0 0.45390625 0.2265625 0.015625 0.03203125
0 0.415625 0.22578125 0.0203125 0.0375
0 0.39140625 0.19453125 0.0125 0.0234375
0 0.38203125 0.215625 0.021875 0.03828125
0 0.40625 0.29921875 0.025 0.04765625
0 0.3453125 0.2734375 0.01640625 0.0421875
0 0.30625 0.2734375 0.01875 0.03359375
0 0.31171875 0.2296875 0.0140625 0.0265625
0 0.25859375 0.28359375 0.01796875 0.03984375