0 0.16875 0.40546875 0.0671875 0.065625
0 0.8671875 0.42109375 0.03046875 0.071875
0 0.9078125 0.34453125 0.02265625 0.06875
0 0.92421875 0.303125 0.02890625 0.0484375
0 0.93125 0.22890625 0.02265625 0.05625
0 0.88515625 0.23046875 0.025 0.0453125
0 0.86796875 0.28671875 0.02734375 0.0546875
0 0.84453125 0.33359375 0.02421875 0.04453125
0 0.82421875 0.4140625 0.025 0.071875
0 0.7421875 0.4015625 0.0296875 0.05703125
0 0.753125 0.32265625 0.02578125 0.059375
0 0.80703125 0.2421875 0.03515625 0.0515625
0 0.80078125 0.21796875 0.0203125 0.0484375
0 0.76875 0.25 0.02265625 0.0359375
0 0.73984375 0.2859375 0.02578125 0.03984375
0 0.678125 0.27265625 0.03046875 0.05
0 0.65703125 0.346875 0.03359375 0.07265625
0 0.62890625 0.26328125 0.0234375 0.0421875
0 0.62890625 0.2234375 0.021875 0.04296875
0 0.59765625 0.34140625 0.0296875 0.07421875
0 0.5640625 0.2484375 0.0265625 0.04453125
0 0.54453125 0.3078125 0.0265625 0.0546875
0 0.4890625 0.28046875 0.0296875 0.0421875
0 0.71953125 0.2359375 0.02109375 0.05546875
0 0.74921875 0.2078125 0.01953125 0.040625
0 0.71328125 0.18828125 0.02421875 0.04375
0 0.67421875 0.1796875 0.03046875 0.046875
0 0.7765625 0.16171875 0.0171875 0.03046875
0 0.80859375 0.15234375 0.015625 0.02890625
0 0.784375 0.140625 0.01875 0.0328125
0 0.7484375 0.13203125 0.0203125 0.03359375
0 0.71796875 0.11875 0.0171875 0.03515625
0 0.68984375 0.128125 0.01796875 0.0421875
0 0.66953125 0.13125 0.0171875 0.02578125
0 0.665625 0.1046875 0.01171875 0.0328125
0 0.6375 0.10546875 0.01484375 0.02265625
0 0.63125 0.13671875 0.01796875 0.0359375
0 0.60625 0.1171875 0.0140625 0.02421875
0 0.58515625 0.12109375 0.00625 0.0203125
0 0.59765625 0.1328125 0.01171875 0.0265625
0 0.62109375 0.16171875 0.0171875 0.0359375
0 0.58125 0.1625 0.0109375 0.05703125
0 0.56015625 0.15859375 0.01328125 0.0265625
0 0.546875 0.13984375 0.01640625 0.0453125
0 0.5328125 0.12890625 0.015625 0.0265625
0 0.5125 0.125 0.0140625 0.03359375
0 0.56015625 0.18359375 0.01484375 0.0421875
0 0.53203125 0.16015625 0.01640625 0.034375
0 0.50390625 0.18828125 0.01953125 0.03984375
0 0.51015625 0.15078125 0.01640625 0.0328125
0 0.4921875 0.16015625 0.0171875 0.0296875
0 0.47890625 0.1390625 0.009375 0.02421875
0 0.484375 0.215625 0.01640625 0.0375
0 0.47265625 0.17578125 0.01875 0.0390625
0 0.43671875 0.18359375 0.015625 0.0421875
0 0.4453125 0.15625 0.01171875 0.03046875
0 0.42265625 0.1578125 0.01328125 0.04296875
0 0.44140625 0.2203125 0.01953125 0.02734375
0 0.41796875 0.25390625 0.02109375 0.0546875
0 0.38203125 0.2484375 0.01484375 0.04921875
0 0.3890625 0.21171875 0.0203125 0.02421875
0 0.36875 0.21953125 0.0140625 0.040625
0 0.321875 0.24921875 0.02109375 0.0375
0 0.334375 0.2265625 0.0171875 0.04921875
0 0.34453125 0.19453125 0.01640625 0.04140625
0 0.3296875 0.18515625 0.01953125 0.0453125
0 0.30703125 0.21875 0.01875 0.0328125
0 0.4921875 0.1328125 0.0140625 0.0296875