0 0.76640625 0.409375 0.05546875 0.1390625
0 0.11796875 0.37265625 0.0375 0.084375
0 0.1859375 0.39609375 0.0296875 0.0796875
0 0.24609375 0.33125 0.04453125 0.04765625
0 0.30390625 0.3109375 0.0375 0.06875
0 0.4046875 0.33515625 0.0453125 0.07421875
0 0.46328125 0.32421875 0.02421875 0.04296875
0 0.4953125 0.29453125 0.03984375 0.03515625
0 0.16640625 0.30859375 0.03359375 0.0546875
0 0.0890625 0.30625 0.03125 0.0640625
0 0.21640625 0.271875 0.02578125 0.046875
0 0.2671875 0.25078125 0.028125 0.065625
0 0.38046875 0.26015625 0.0296875 0.065625
0 0.41484375 0.240625 0.01953125 0.0453125
0 0.07421875 0.2109375 0.01640625 0.0328125
0 0.07734375 0.2546875 0.03203125 0.0546875
0 0.134375 0.259375 0.01484375 0.05390625
0 0.12265625 0.2078125 0.025 0.04453125
0 0.19140625 0.234375 0.0203125 0.05078125
0 0.17421875 0.19609375 0.0203125 0.06328125
0 0.2140625 0.18046875 0.01875 0.0421875
0 0.22890625 0.221875 0.01796875 0.0640625
0 0.27109375 0.1984375 0.02265625 0.0359375
0 0.29296875 0.18671875 0.025 0.03046875
0 0.3390625 0.1703125 0.02265625 0.0359375
0 0.33671875 0.21796875 0.02421875 0.05625
0 0.36953125 0.21328125 0.0390625 0.0515625
0 0.0703125 0.153125 0.01328125 0.05234375
0 0.109375 0.16953125 0.01796875 0.0609375
0 0.1 0.14296875 0.0140625 0.04609375
0 0.13359375 0.1296875 0.02421875 0.04296875
0 0.14375 0.16484375 0.015625 0.04765625
0 0.16328125 0.11484375 0.01796875 0.0421875
0 0.16484375 0.14609375 0.01328125 0.0390625
0 0.1859375 0.14375 0.01953125 0.0375
0 0.234375 0.14765625 0.01484375 0.03671875
0 0.22734375 0.12265625 0.02109375 0.03359375
0 0.27265625 0.13203125 0.01953125 0.03828125
0 0.29921875 0.1046875 0.0234375 0.02578125
0 0.33125 0.10234375 0.0171875 0.03046875
0 0.36484375 0.109375 0.01640625 0.03515625
0 0.37734375 0.0953125 0.0125 0.02109375
0 0.4046875 0.09921875 0.01640625 0.0203125
0 0.384375 0.15859375 0.01484375 0.03046875
0 0.35078125 0.134375 0.025 0.0375
0 0.40859375 0.1265625 0.01328125 0.0375
0 0.4234375 0.1671875 0.01875 0.053125
0 0.4375 0.1203125 0.01953125 0.05703125
0 0.4484375 0.18359375 0.01875 0.04296875
0 0.4734375 0.1734375 0.01328125 0.05625
0 0.46484375 0.1296875 0.028125 0.028125
0 0.48828125 0.12265625 0.015625 0.03359375
0 0.525 0.1640625 0.01796875 0.04140625
0 0.546875 0.1859375 0.015625 0.028125
0 0.52421875 0.19140625 0.02109375 0.02109375
0 0.4984375 0.18671875 0.01171875 0.04921875
0 0.48046875 0.21328125 0.01015625 0.03671875
0 0.5328125 0.23671875 0.01953125 0.0609375
0 0.55546875 0.22421875 0.015625 0.04453125
0 0.575 0.184375 0.0125 0.04921875
0 0.59140625 0.1921875 0.0125 0.0453125
0 0.61953125 0.190625 0.01875 0.04765625
0 0.628125 0.24921875 0.02578125 0.0765625
0 0.65703125 0.28828125 0.03515625 0.065625
0 0.7 0.27421875 0.0234375 0.0375
0 0.69765625 0.23828125 0.02578125 0.03984375
0 0.73046875 0.25390625 0.03046875 0.03359375