0 0.19765625 0.4046875 0.04375 0.06875
0 0.75 0.34765625 0.028125 0.06953125
0 0.70078125 0.3125 0.02734375 0.05703125
0 0.71875 0.25703125 0.01953125 0.0515625
0 0.753125 0.23203125 0.01953125 0.05078125
0 0.79765625 0.28828125 0.02890625 0.05546875
0 0.82265625 0.2421875 0.02109375 0.040625
0 0.859375 0.29453125 0.02890625 0.0453125
0 0.87109375 0.24453125 0.02578125 0.04609375
0 0.91640625 0.26015625 0.0234375 0.05234375
0 0.88046875 0.21875 0.021875 0.0375
0 0.8890625 0.1890625 0.015625 0.0375
0 0.878125 0.13828125 0.01640625 0.0453125
0 0.8421875 0.18125 0.01953125 0.03203125
0 0.82265625 0.15 0.0140625 0.03203125
0 0.8109375 0.1640625 0.01640625 0.0328125
0 0.7890625 0.1484375 0.0140625 0.034375
0 0.7703125 0.12109375 0.015625 0.03828125
0 0.7640625 0.1734375 0.01640625 0.03359375
0 0.74765625 0.1875 0.015625 0.03984375
0 0.721875 0.20859375 0.01640625 0.0390625
0 0.709375 0.18046875 0.015625 0.034375
0 0.72421875 0.1453125 0.01953125 0.0359375
0 0.68125 0.1625 0.0203125 0.03671875
0 0.66953125 0.19296875 0.0234375 0.04375
0 0.7 0.2265625 0.01875 0.0328125
0 0.65234375 0.26328125 0.02734375 0.05
0 0.63203125 0.20390625 0.025 0.046875
0 0.65390625 0.1671875 0.0171875 0.0390625
0 0.615625 0.2515625 0.02890625 0.05625
0 0.57890625 0.24765625 0.02109375 0.0453125
0 0.5546875 0.3015625 0.028125 0.07265625
0 0.51171875 0.29921875 0.02578125 0.06015625
0 0.66875 0.11640625 0.01328125 0.02578125
0 0.65 0.1125 0.01640625 0.0296875
0 0.62578125 0.12421875 0.0140625 0.0265625
0 0.6171875 0.140625 0.02109375 0.0265625
0 0.590625 0.14609375 0.01484375 0.03359375
0 0.590625 0.10703125 0.01484375 0.03046875
0 0.56171875 0.1265625 0.0125 0.028125
0 0.57109375 0.16484375 0.02109375 0.04140625
0 0.53984375 0.1640625 0.0171875 0.0328125
0 0.54921875 0.1953125 0.02265625 0.0296875
0 0.5234375 0.1140625 0.0125 0.0234375
0 0.4953125 0.12265625 0.01015625 0.02265625
0 0.50390625 0.17890625 0.01796875 0.0296875
0 0.4859375 0.2296875 0.021875 0.03984375
0 0.4703125 0.15703125 0.0125 0.03671875
0 0.453125 0.1375 0.01328125 0.04296875
0 0.42421875 0.17265625 0.01484375 0.040625
0 0.40234375 0.18125 0.0140625 0.03828125
0 0.43359375 0.21953125 0.01796875 0.0375
0 0.4125 0.26015625 0.01796875 0.04375
0 0.38046875 0.2671875 0.02265625 0.04375
0 0.34140625 0.28203125 0.0203125 0.0421875
0 0.33203125 0.21953125 0.01796875 0.03046875
0 0.30703125 0.221875 0.0140625 0.0359375
0 0.29296875 0.25234375 0.0171875 0.034375
0 0.27578125 0.27109375 0.0171875 0.0390625