0 0.89453125 0.540625 0.059375 0.1328125
0 0.14765625 0.4921875 0.03046875 0.06796875
0 0.19609375 0.4625 0.0375 0.0671875
0 0.2734375 0.40390625 0.04296875 0.07109375
0 0.3375 0.39609375 0.0296875 0.075
0 0.39296875 0.365625 0.0375 0.0484375
0 0.4234375 0.33359375 0.034375 0.05390625
0 0.39453125 0.3046875 0.03359375 0.04921875
0 0.121875 0.41484375 0.0328125 0.06328125
0 0.04765625 0.43203125 0.028125 0.0890625
0 0.04375 0.37109375 0.015625 0.0578125
0 0.02109375 0.35625 0.0125 0.05390625
0 0.0296875 0.31875 0.01015625 0.053125
0 0.07890625 0.33046875 0.02421875 0.05625
0 0.13515625 0.33671875 0.025 0.04765625
0 0.18046875 0.3 0.0203125 0.05390625
0 0.19609375 0.24765625 0.02421875 0.046875
0 0.2328125 0.27734375 0.021875 0.04921875
0 0.25078125 0.21953125 0.015625 0.05703125
0 0.278125 0.25703125 0.0234375 0.05
0 0.3078125 0.2046875 0.0203125 0.04921875
0 0.33671875 0.22421875 0.03046875 0.059375
0 0.23984375 0.19921875 0.01484375 0.0375
0 0.21953125 0.196875 0.01640625 0.04140625
0 0.18828125 0.17109375 0.028125 0.05078125
0 0.1625 0.1953125 0.01953125 0.05859375
0 0.1796875 0.20546875 0.02734375 0.0453125
0 0.12734375 0.2328125 0.01328125 0.046875
0 0.1109375 0.2046875 0.01953125 0.03984375
0 0.0921875 0.23828125 0.01796875 0.0453125
0 0.10078125 0.27734375 0.01796875 0.04375
0 0.065625 0.25625 0.015625 0.059375
0 0.05234375 0.2328125 0.0171875 0.05
0 0.009375 0.24296875 0.01796875 0.04609375
0 0.021875 0.284375 0.01953125 0.05
0 0.28515625 0.15078125 0.0140625 0.04453125
0 0.3046875 0.1328125 0.02109375 0.028125
0 0.30703125 0.1546875 0.01796875 0.0234375
0 0.34296875 0.17734375 0.02265625 0.03828125
0 0.34296875 0.14765625 0.02109375 0.04140625
0 0.34453125 0.11953125 0.015625 0.03515625
0 0.3640625 0.12265625 0.01875 0.0375
0 0.403125 0.11796875 0.01953125 0.03125
0 0.41171875 0.12421875 0.01328125 0.04140625
0 0.4390625 0.128125 0.02734375 0.02734375
0 0.4890625 0.05859375 0.0203125 0.0296875
0 0.37734375 0.19765625 0.021875 0.0375
0 0.38359375 0.17109375 0.01484375 0.03984375
0 0.40390625 0.1609375 0.01953125 0.02734375
0 0.440625 0.153125 0.01640625 0.040625
0 0.465625 0.1625 0.02265625 0.04765625
0 0.50078125 0.15 0.01015625 0.0296875
0 0.4109375 0.1921875 0.01953125 0.03125
0 0.4390625 0.215625 0.01953125 0.0375
0 0.49765625 0.20625 0.02890625 0.04296875
0 0.51484375 0.1671875 0.0171875 0.04453125
0 0.54453125 0.15625 0.021875 0.034375
0 0.57890625 0.16640625 0.0109375 0.04296875
0 0.55859375 0.19453125 0.01875 0.03671875
0 0.51484375 0.2328125 0.01796875 0.06328125
0 0.5515625 0.29609375 0.0234375 0.06171875
0 0.60078125 0.23984375 0.021875 0.06171875
0 0.62890625 0.2640625 0.02421875 0.06328125
0 0.63984375 0.25546875 0.02109375 0.0546875
0 0.63515625 0.2078125 0.02421875 0.05390625
0 0.625 0.17890625 0.01796875 0.0546875
0 0.68046875 0.1984375 0.02109375 0.05625
0 0.6796875 0.24140625 0.021875 0.04296875
0 0.7359375 0.24453125 0.01875 0.03671875
0 0.7546875 0.2640625 0.015625 0.059375
0 0.76484375 0.25703125 0.0234375 0.04453125