0 0.76953125 0.3296875 0.03125 0.05859375
0 0.67265625 0.30546875 0.03125 0.07109375
0 0.5453125 0.29609375 0.028125 0.0609375
0 0.47265625 0.32109375 0.0234375 0.05546875
0 0.43046875 0.25859375 0.02109375 0.05390625
0 0.2 0.4296875 0.0390625 0.096875
0 0.8625 0.28671875 0.03046875 0.05390625
0 0.8015625 0.275 0.03046875 0.05546875
0 0.72734375 0.2609375 0.03671875 0.05
0 0.6578125 0.25625 0.0234375 0.046875
0 0.590625 0.23515625 0.02421875 0.05234375
0 0.48046875 0.221875 0.0234375 0.0375
0 0.33671875 0.21171875 0.0203125 0.03671875
0 0.2984375 0.24296875 0.01953125 0.0390625
0 0.4109375 0.16875 0.01484375 0.03515625
0 0.42890625 0.15625 0.01328125 0.021875
0 0.47421875 0.15078125 0.01484375 0.03046875
0 0.56171875 0.16015625 0.01328125 0.034375
0 0.71484375 0.2171875 0.0203125 0.0359375
0 0.89453125 0.20703125 0.01484375 0.03203125
0 0.83515625 0.15546875 0.0171875 0.028125
0 0.6875 0.15 0.02109375 0.03203125
0 0.5265625 0.1921875 0.025 0.0375
0 0.875 0.13984375 0.01640625 0.0390625
0 0.84296875 0.13125 0.0140625 0.03203125
0 0.81015625 0.12578125 0.0140625 0.03984375
0 0.78046875 0.1265625 0.01015625 0.03203125
0 0.7640625 0.14453125 0.01484375 0.028125
0 0.59921875 0.1546875 0.01953125 0.0375
0 0.76640625 0.21484375 0.01875 0.03984375
0 0.803125 0.19921875 0.01875 0.03828125
0 0.7703125 0.17421875 0.01484375 0.028125
0 0.73828125 0.1859375 0.01953125 0.04140625
0 0.7234375 0.153125 0.01484375 0.02890625
0 0.67890625 0.1078125 0.01328125 0.0328125
0 0.66015625 0.1078125 0.0140625 0.028125
0 0.62890625 0.13046875 0.0109375 0.0234375
0 0.615625 0.14296875 0.01328125 0.0265625
0 0.56640625 0.13125 0.0140625 0.028125
0 0.5359375 0.13125 0.01640625 0.034375
0 0.490625 0.13203125 0.0140625 0.028125
0 0.46640625 0.1359375 0.01484375 0.025
0 0.65 0.2171875 0.00078125 0.003125
0 0.64296875 0.23203125 0.02421875 0.04375
0 0.659375 0.21015625 0.02265625 0.0453125
0 0.61953125 0.20078125 0.02421875 0.04609375
0 0.6546875 0.1640625 0.02421875 0.040625
0 0.521875 0.12421875 0.01796875 0.03203125
0 0.8375 0.22265625 0.02421875 0.03984375
0 0.84921875 0.20078125 0.01796875 0.034375
0 0.85546875 0.18046875 0.01484375 0.025
0 0.79296875 0.1578125 0.01484375 0.0296875
0 0.92109375 0.259375 0.0234375 0.05078125
0 0.40234375 0.25390625 0.01953125 0.04140625
0 0.33046875 0.26328125 0.01875 0.03828125
0 0.4296875 0.184375 0.01875 0.03125
0 0.48125 0.1859375 0.02265625 0.0359375
0 0.32421875 0.2078125 0.015625 0.03671875
0 0.5 0.11875 0.01171875 0.028125
0 0.6 0.10625 0.0125 0.03046875
0 0.58828125 0.1 0.0171875 0.03671875