0 0.75859375 0.309375 0.04609375 0.0984375
0 0.31484375 0.21640625 0.01875 0.04140625
0 0.36796875 0.2015625 0.0203125 0.0375
0 0.37265625 0.1828125 0.01796875 0.0390625
0 0.41328125 0.17890625 0.0171875 0.0375
0 0.4296875 0.17890625 0.01875 0.0390625
0 0.45078125 0.2296875 0.0296875 0.05234375
0 0.4734375 0.1890625 0.02109375 0.0390625
0 0.4390625 0.15703125 0.0171875 0.02890625
0 0.46171875 0.146875 0.01953125 0.02734375
0 0.51796875 0.1890625 0.021875 0.04375
0 0.553125 0.1921875 0.01875 0.0453125
0 0.56640625 0.2390625 0.02578125 0.05078125
0 0.61484375 0.2265625 0.02421875 0.04609375
0 0.6609375 0.221875 0.02265625 0.04765625
0 0.64921875 0.20234375 0.01875 0.03984375
0 0.7109375 0.2265625 0.0265625 0.0515625
0 0.49296875 0.14453125 0.01875 0.03671875
0 0.515625 0.1328125 0.01875 0.040625
0 0.525 0.128125 0.0125 0.0265625
0 0.54296875 0.1359375 0.01640625 0.02734375
0 0.53515625 0.15078125 0.02109375 0.03125
0 0.57265625 0.14140625 0.0171875 0.0359375
0 0.59140625 0.1390625 0.0203125 0.028125
0 0.59140625 0.17265625 0.0203125 0.0390625
0 0.609375 0.1078125 0.015625 0.02578125
0 0.6234375 0.134375 0.015625 0.03046875
0 0.64765625 0.12421875 0.01484375 0.028125
0 0.65546875 0.1109375 0.01484375 0.034375
0 0.67109375 0.11484375 0.01484375 0.02734375
0 0.7015625 0.12265625 0.01640625 0.0296875
0 0.66328125 0.14140625 0.01484375 0.03515625
0 0.721875 0.14375 0.0171875 0.03515625
0 0.62734375 0.16484375 0.0171875 0.03515625
0 0.6921875 0.17890625 0.01875 0.04140625
0 0.71015625 0.18125 0.021875 0.04140625
0 0.7359375 0.153125 0.0171875 0.03125
0 0.75625 0.140625 0.01328125 0.0296875
0 0.77265625 0.1546875 0.01875 0.034375
0 0.79375 0.13203125 0.01328125 0.03046875
0 0.825 0.13359375 0.01875 0.04140625
0 0.85078125 0.14375 0.015625 0.040625
0 0.88203125 0.1609375 0.015625 0.03359375
0 0.9078125 0.18046875 0.01953125 0.04453125
0 0.93671875 0.16328125 0.01875 0.03515625
0 0.9328125 0.1921875 0.01640625 0.0375
0 0.93046875 0.23046875 0.02109375 0.04140625
0 0.82265625 0.178125 0.02109375 0.0453125
0 0.7890625 0.1734375 0.02109375 0.03671875
0 0.76484375 0.18984375 0.01875 0.04296875
0 0.7984375 0.209375 0.01796875 0.0390625
0 0.85625 0.19921875 0.01875 0.0421875
0 0.8953125 0.21484375 0.021875 0.0390625
0 0.878125 0.23046875 0.02265625 0.04765625
0 0.87265625 0.27890625 0.02890625 0.05546875
0 0.73125 0.18125 0.02109375 0.04375