0 0.909375 0.37109375 0.04765625 0.053125
0 0.89609375 0.28046875 0.034375 0.07109375
0 0.82578125 0.24140625 0.03359375 0.046875
0 0.78515625 0.23515625 0.0265625 0.05703125
0 0.8140625 0.37109375 0.040625 0.08515625
0 0.76484375 0.346875 0.03359375 0.0765625
0 0.72734375 0.28203125 0.0296875 0.06015625
0 0.68671875 0.2484375 0.025 0.06171875
0 0.75078125 0.19765625 0.0265625 0.040625
0 0.68984375 0.153125 0.021875 0.02890625
0 0.6609375 0.171875 0.02109375 0.034375
0 0.6203125 0.1875 0.025 0.065625
0 0.52890625 0.18515625 0.03203125 0.04375
0 0.4828125 0.19453125 0.0421875 0.04375