0 0.72265625 0.18671875 0.015625 0.034375
0 0.59375 0.1390625 0.015625 0.02734375
0 0.6578125 0.2453125 0.01875 0.04296875
0 0.51015625 0.146875 0.0171875 0.0296875
0 0.4171875 0.1921875 0.01171875 0.04453125
0 0.18984375 0.27109375 0.015625 0.03984375
0 0.0578125 0.3203125 0.01171875 0.0375
0 0.446875 0.253125 0.0234375 0.04296875
0 0.44453125 0.4484375 0.02109375 0.053125
0 0.49453125 0.19296875 0.01640625 0.034375
0 0.5203125 0.18515625 0.01796875 0.03203125
0 0.50859375 0.2875 0.02578125 0.04921875
0 0.4734375 0.2265625 0.01328125 0.0453125