0 0.2421875 0.36171875 0.02734375 0.0703125
0 0.16171875 0.290625 0.021875 0.05703125
0 0.140625 0.25390625 0.028125 0.0609375
0 0.096875 0.27734375 0.02265625 0.04609375
0 0.13125 0.2 0.02578125 0.03359375
0 0.15 0.16875 0.0171875 0.034375
0 0.16328125 0.1921875 0.01796875 0.0375
0 0.18359375 0.21875 0.01953125 0.0453125
0 0.19296875 0.2359375 0.02578125 0.04765625
0 0.21328125 0.284375 0.028125 0.05546875
0 0.18828125 0.16015625 0.01875 0.0375
0 0.19765625 0.1890625 0.015625 0.0421875
0 0.21015625 0.14375 0.02265625 0.03515625
0 0.23671875 0.13203125 0.01953125 0.04765625
0 0.2234375 0.190625 0.0203125 0.04296875
0 0.2453125 0.171875 0.02109375 0.0375
0 0.24609375 0.21796875 0.028125 0.053125
0 0.26953125 0.18828125 0.02265625 0.03515625
0 0.28515625 0.159375 0.01484375 0.02421875
0 0.328125 0.16484375 0.02421875 0.0375
0 0.28125 0.24609375 0.025 0.05546875
0 0.3046875 0.22890625 0.0234375 0.0421875
0 0.35703125 0.22578125 0.02421875 0.04296875
0 0.36015625 0.1828125 0.0234375 0.04140625
0 0.396875 0.21875 0.02890625 0.0515625
0 0.40625 0.26328125 0.0265625 0.05546875
0 0.359375 0.253125 0.01875 0.03671875
0 0.35078125 0.2984375 0.0375 0.075
0 0.44296875 0.253125 0.0296875 0.04921875
0 0.4515625 0.29609375 0.0328125 0.065625
0 0.50390625 0.3046875 0.03203125 0.05703125
0 0.3859375 0.14375 0.02109375 0.02265625
0 0.38828125 0.125 0.01640625 0.03671875
0 0.415625 0.10234375 0.01484375 0.03515625
0 0.4171875 0.15078125 0.01796875 0.03984375
0 0.44140625 0.14140625 0.0140625 0.0296875
0 0.4359375 0.17265625 0.021875 0.03359375
0 0.46953125 0.18359375 0.01484375 0.04453125
0 0.49140625 0.14921875 0.01328125 0.03515625
0 0.478125 0.20078125 0.01796875 0.04921875
0 0.51796875 0.21953125 0.0296875 0.04765625
0 0.540625 0.15859375 0.0265625 0.05546875
0 0.58046875 0.18671875 0.01875 0.0375
0 0.59140625 0.23125 0.01875 0.040625
0 0.6296875 0.196875 0.01640625 0.0359375
0 0.62265625 0.24453125 0.01796875 0.0421875
0 0.6203125 0.30234375 0.03671875 0.04921875
0 0.66796875 0.26328125 0.0203125 0.04921875
0 0.68984375 0.29140625 0.02109375 0.05859375
0 0.69140625 0.25234375 0.01796875 0.0359375
0 0.671875 0.221875 0.01953125 0.0328125
0 0.7109375 0.25859375 0.01328125 0.0390625
0 0.7234375 0.23984375 0.0171875 0.03828125
0 0.9390625 0.2859375 0.01640625 0.02890625