0 0.05625 0.5234375 0.05546875 0.1
0 0.2578125 0.27734375 0.01953125 0.0421875
0 0.2796875 0.278125 0.01171875 0.046875
0 0.3015625 0.25234375 0.01875 0.0453125
0 0.32890625 0.2546875 0.015625 0.03046875
0 0.3453125 0.28359375 0.0203125 0.05
0 0.4390625 0.2765625 0.0328125 0.03984375
0 0.48984375 0.2875 0.03046875 0.04140625
0 0.56484375 0.2875 0.02578125 0.04921875
0 0.60703125 0.33125 0.028125 0.0484375
0 0.66796875 0.3375 0.03125 0.06171875
0 0.78984375 0.28515625 0.02734375 0.05703125
0 0.715625 0.284375 0.02421875 0.0578125
0 0.66796875 0.253125 0.028125 0.046875
0 0.6 0.25546875 0.025 0.04765625
0 0.5734375 0.24375 0.0171875 0.05
0 0.61484375 0.203125 0.01796875 0.0359375
0 0.6671875 0.20625 0.02265625 0.0484375
0 0.7046875 0.21796875 0.02265625 0.0375
0 0.7796875 0.215625 0.01875 0.040625
0 0.878125 0.21640625 0.02265625 0.0421875
0 0.93203125 0.2609375 0.0234375 0.03984375
0 0.93046875 0.20234375 0.021875 0.0296875
0 0.8921875 0.2015625 0.01953125 0.04609375
0 0.90390625 0.18359375 0.01640625 0.04140625
0 0.91171875 0.128125 0.0125 0.02421875
0 0.94140625 0.14296875 0.01484375 0.02265625
0 0.94140625 0.15703125 0.01171875 0.02890625
0 0.88515625 0.125 0.01796875 0.028125
0 0.87578125 0.16171875 0.0171875 0.03359375
0 0.86328125 0.1859375 0.0203125 0.0328125
0 0.859375 0.14765625 0.01796875 0.034375
0 0.84140625 0.13203125 0.0140625 0.021875
0 0.825 0.16875 0.0140625 0.021875
0 0.80390625 0.175 0.01328125 0.0375
0 0.82421875 0.1390625 0.01484375 0.03046875
0 0.80390625 0.11796875 0.01328125 0.02421875
0 0.7953125 0.134375 0.01484375 0.034375
0 0.75703125 0.1078125 0.01640625 0.02734375
0 0.76484375 0.1359375 0.01640625 0.02890625
0 0.75 0.13515625 0.01640625 0.03828125
0 0.7125 0.1328125 0.02109375 0.03359375
0 0.74375 0.18984375 0.02109375 0.0484375
0 0.75703125 0.16953125 0.01640625 0.03203125
0 0.6921875 0.14453125 0.0203125 0.02578125
0 0.690625 0.184375 0.01796875 0.03828125
0 0.65859375 0.17578125 0.0171875 0.03515625
0 0.66796875 0.1234375 0.01171875 0.028125
0 0.6984375 0.0984375 0.01796875 0.03515625
0 0.64140625 0.125 0.0078125 0.0234375
0 0.6484375 0.09921875 0.01328125 0.02890625
0 0.628125 0.09375 0.01796875 0.0234375
0 0.6171875 0.11640625 0.01640625 0.0265625
0 0.6296875 0.14296875 0.01484375 0.03359375
0 0.59921875 0.11796875 0.01640625 0.0296875
0 0.59609375 0.0953125 0.01328125 0.02578125
0 0.56328125 0.11015625 0.0171875 0.03046875
0 0.5921875 0.15703125 0.02109375 0.0453125
0 0.5546875 0.1515625 0.01328125 0.0375
0 0.53671875 0.13125 0.0140625 0.03828125
0 0.5 0.134375 0.02109375 0.028125
0 0.521875 0.16796875 0.01875 0.04375
0 0.55 0.20078125 0.02734375 0.053125
0 0.4921875 0.1953125 0.0203125 0.04609375
0 0.47265625 0.1890625 0.01875 0.0359375
0 0.45078125 0.19375 0.01328125 0.03359375
0 0.4859375 0.15625 0.015625 0.028125
0 0.45625 0.1625 0.0125 0.02421875
0 0.4546875 0.1359375 0.01171875 0.0265625
0 0.43359375 0.17578125 0.01875 0.03046875
0 0.41328125 0.1671875 0.01484375 0.03359375
0 0.42265625 0.221875 0.01484375 0.02890625
0 0.45 0.2171875 0.01953125 0.0328125
0 0.4796875 0.24765625 0.0203125 0.0421875
0 0.378125 0.2234375 0.01953125 0.02734375
0 0.39375 0.19375 0.01875 0.028125
0 0.3515625 0.23046875 0.0125 0.0234375
0 0.34453125 0.2109375 0.0140625 0.03359375