0 0.1859375 0.47265625 0.05078125 0.10078125
0 0.56015625 0.28359375 0.0328125 0.06328125
0 0.4921875 0.30703125 0.034375 0.06328125
0 0.8828125 0.21953125 0.0265625 0.04765625
0 0.76796875 0.10390625 0.02265625 0.046875
0 0.7015625 0.08046875 0.01953125 0.0359375
0 0.428125 0.27265625 0.03046875 0.05859375
0 0.36796875 0.26171875 0.02421875 0.05
0 0.34609375 0.26328125 0.02265625 0.03984375
0 0.45078125 0.2359375 0.025 0.04140625
0 0.421875 0.21875 0.0203125 0.04140625
0 0.525 0.1859375 0.0234375 0.0421875
0 0.48828125 0.19453125 0.021875 0.04140625
0 0.7125 0.14140625 0.0203125 0.0328125
0 0.6625 0.0796875 0.0171875 0.03671875
0 0.6390625 0.08515625 0.01796875 0.0390625
0 0.65234375 0.10859375 0.0171875 0.03671875
0 0.46640625 0.1609375 0.021875 0.03671875
0 0.453125 0.18515625 0.0234375 0.03359375