0 0.3046875 0.603125 0.08125 0.159375
0 0.27890625 0.42265625 0.0578125 0.1296875
0 0.1703125 0.26171875 0.02734375 0.03828125
0 0.05 0.2078125 0.01796875 0.03359375
0 0.07421875 0.27578125 0.01875 0.0421875
0 0.2109375 0.23125 0.0234375 0.0484375
0 0.36796875 0.2515625 0.02734375 0.0421875
0 0.42109375 0.21640625 0.02421875 0.04296875
0 0.290625 0.140625 0.0203125 0.028125
0 0.41953125 0.1328125 0.01328125 0.028125
0 0.5171875 0.14140625 0.01484375 0.04296875
0 0.4796875 0.1953125 0.0203125 0.0453125
0 0.44375 0.19765625 0.021875 0.0265625
0 0.55703125 0.23046875 0.01953125 0.025
0 0.5828125 0.2296875 0.01484375 0.03984375
0 0.6125 0.21796875 0.0234375 0.0421875
0 0.596875 0.1921875 0.021875 0.02421875
0 0.61875 0.17109375 0.01328125 0.034375
0 0.671875 0.20390625 0.01953125 0.03828125
0 0.53046875 0.16484375 0.01328125 0.0359375