0 0.05625 0.22890625 0.02109375 0.0390625
0 0.19296875 0.15859375 0.02265625 0.05
0 0.21953125 0.13515625 0.01953125 0.03203125
0 0.2359375 0.13984375 0.0203125 0.03828125
0 0.27109375 0.15078125 0.01484375 0.03671875
0 0.221875 0.17109375 0.01796875 0.0484375
0 0.24765625 0.20859375 0.02734375 0.0421875
0 0.296875 0.19609375 0.025 0.05
0 0.19921875 0.21953125 0.0203125 0.053125
0 0.25625 0.1609375 0.01796875 0.03515625
0 0.1203125 0.24375 0.02578125 0.04140625
0 0.0703125 0.2859375 0.02578125 0.05625
0 0.1328125 0.28203125 0.03046875 0.053125
0 0.17890625 0.24765625 0.0265625 0.0578125
0 0.16015625 0.315625 0.02890625 0.06640625
0 0.12890625 0.4359375 0.03671875 0.09375
0 0.1765625 0.371875 0.03203125 0.08125
0 0.25078125 0.3734375 0.0328125 0.0828125
0 0.27265625 0.29921875 0.02890625 0.05078125
0 0.23828125 0.259375 0.025 0.0515625
0 0.27890625 0.23671875 0.03046875 0.05546875
0 0.375 0.2328125 0.025 0.05859375
0 0.3265625 0.32890625 0.03046875 0.08046875
0 0.440625 0.28046875 0.05078125 0.0875
0 0.55546875 0.3515625 0.0546875 0.090625
0 0.31171875 0.0828125 0.01796875 0.05
0 0.328125 0.08515625 0.01640625 0.03984375
0 0.334375 0.12109375 0.02578125 0.04765625
0 0.38046875 0.1546875 0.0265625 0.04453125
0 0.41796875 0.1578125 0.015625 0.034375
0 0.46796875 0.15703125 0.0171875 0.040625
0 0.484375 0.1328125 0.01796875 0.03046875
0 0.43828125 0.15 0.02890625 0.04296875
0 0.5234375 0.1296875 0.02265625 0.03828125
0 0.5328125 0.1015625 0.0140625 0.025
0 0.52265625 0.20546875 0.03046875 0.06796875
0 0.575 0.2234375 0.034375 0.065625
0 0.58515625 0.159375 0.01796875 0.03203125
0 0.62109375 0.1625 0.01953125 0.03828125
0 0.68125 0.21015625 0.01875 0.04453125
0 0.64140625 0.2046875 0.01875 0.03828125
0 0.75234375 0.209375 0.03046875 0.05390625
0 0.7984375 0.22734375 0.0203125 0.046875