0 0.915625 0.33671875 0.02421875 0.04921875
0 0.93828125 0.32109375 0.0171875 0.05
0 0.83125 0.471875 0.04765625 0.07265625
0 0.68046875 0.25859375 0.02890625 0.0375
0 0.6421875 0.259375 0.0265625 0.06640625
0 0.58359375 0.2234375 0.03125 0.04140625
0 0.55625 0.2328125 0.0140625 0.04140625
0 0.5234375 0.31171875 0.03515625 0.06484375
0 0.4640625 0.36328125 0.02421875 0.0703125
0 0.1234375 0.21640625 0.01640625 0.059375
0 0.26015625 0.1578125 0.0234375 0.03046875
0 0.29140625 0.14609375 0.02109375 0.05390625