0 0.8796875 0.53671875 0.04296875 0.078125
0 0.10390625 0.259375 0.0125 0.03203125
0 0.04921875 0.309375 0.01796875 0.034375
0 0.12734375 0.27734375 0.01640625 0.03203125
0 0.1765625 0.2453125 0.0140625 0.0328125
0 0.2078125 0.23671875 0.01328125 0.028125
0 0.2515625 0.25390625 0.01484375 0.0328125
0 0.2875 0.25234375 0.0140625 0.034375
0 0.2125 0.28125 0.0171875 0.03828125
0 0.16640625 0.27578125 0.01328125 0.0296875
0 0.1734375 0.3046875 0.0171875 0.02890625
0 0.09453125 0.32578125 0.0140625 0.03203125
0 0.0515625 0.346875 0.0171875 0.04375
0 0.1125 0.3421875 0.01640625 0.034375
0 0.140625 0.33046875 0.01640625 0.0328125
0 0.17421875 0.36875 0.02109375 0.046875
0 0.1328125 0.41640625 0.0203125 0.04453125
0 0.075 0.45625 0.0234375 0.05546875
0 0.05234375 0.4109375 0.0171875 0.040625
0 0.321875 0.27890625 0.01484375 0.0328125
0 0.2890625 0.30390625 0.01875 0.0375
0 0.359375 0.3015625 0.0203125 0.03515625
0 0.31328125 0.31640625 0.021875 0.0421875
0 0.39375 0.3328125 0.02109375 0.04296875
0 0.4609375 0.3625 0.0234375 0.04609375
0 0.29921875 0.36796875 0.02265625 0.0421875
0 0.33515625 0.36796875 0.0234375 0.04765625
0 0.38203125 0.38359375 0.02265625 0.04609375
0 0.52265625 0.415625 0.0296875 0.046875
0 0.47734375 0.44921875 0.02890625 0.046875
0 0.4078125 0.46171875 0.0296875 0.06171875
0 0.26875 0.4109375 0.025 0.05078125
0 0.2203125 0.43984375 0.0296875 0.0671875
0 0.146875 0.47578125 0.0296875 0.06484375
0 0.178125 0.59765625 0.034375 0.07265625
0 0.2890625 0.55 0.03828125 0.07265625
0 0.3578125 0.4796875 0.0390625 0.0671875
0 0.31953125 0.20859375 0.01328125 0.02578125
0 0.30625 0.2203125 0.01484375 0.0234375
0 0.35703125 0.2515625 0.0140625 0.0265625
0 0.390625 0.2265625 0.0125 0.02109375
0 0.39453125 0.2546875 0.01328125 0.0203125
0 0.43828125 0.225 0.0140625 0.028125
0 0.41796875 0.2578125 0.01484375 0.03203125
0 0.4453125 0.28046875 0.01796875 0.0375
0 0.453125 0.25234375 0.0125 0.02421875
0 0.47421875 0.27734375 0.0140625 0.03125
0 0.490625 0.26640625 0.01328125 0.03125
0 0.55859375 0.26796875 0.01484375 0.034375
0 0.53359375 0.26953125 0.01484375 0.02734375
0 0.61328125 0.2640625 0.015625 0.03203125
0 0.5921875 0.271875 0.0140625 0.0328125
0 0.5546875 0.34453125 0.01640625 0.0375
0 0.59609375 0.3375 0.02109375 0.03828125
0 0.596875 0.30546875 0.0171875 0.02890625
0 0.65078125 0.30078125 0.01875 0.02578125
0 0.66875 0.3625 0.0234375 0.03984375
0 0.65 0.3328125 0.015625 0.028125
0 0.7265625 0.31875 0.015625 0.0296875
0 0.78125 0.3421875 0.01640625 0.03203125
0 0.7515625 0.3640625 0.01875 0.0421875
0 0.72578125 0.38203125 0.0203125 0.04296875
0 0.62734375 0.35859375 0.01328125 0.0265625
0 0.53203125 0.24140625 0.01328125 0.02734375