0 0.9703125 0.39453125 0.0375 0.0765625
0 0.7421875 0.271875 0.01640625 0.03984375
0 0.71640625 0.26328125 0.02265625 0.03984375
0 0.6890625 0.2890625 0.025 0.05
0 0.653125 0.275 0.025 0.05546875
0 0.59296875 0.28828125 0.02578125 0.05
0 0.678125 0.24921875 0.02265625 0.046875
0 0.6484375 0.22421875 0.01953125 0.04453125
0 0.62265625 0.22421875 0.025 0.04609375
0 0.58125 0.2203125 0.02109375 0.0390625
0 0.60078125 0.2125 0.015625 0.0421875
0 0.53046875 0.23125 0.02578125 0.0484375
0 0.53515625 0.1921875 0.015625 0.02734375
0 0.53125 0.1921875 0.0234375 0.04140625
0 0.56171875 0.20234375 0.0203125 0.046875
0 0.503125 0.29375 0.0296875 0.06953125
0 0.54453125 0.1703125 0.01875 0.03515625
0 0.51875 0.16484375 0.01484375 0.03125
0 0.49453125 0.20078125 0.0203125 0.04296875
0 0.509375 0.128125 0.0140625 0.0265625
0 0.4578125 0.16484375 0.015625 0.03671875
0 0.4328125 0.1640625 0.01796875 0.040625
0 0.39765625 0.20703125 0.0203125 0.04296875
0 0.45 0.30625 0.0296875 0.071875
0 0.4265625 0.2375 0.0234375 0.05546875
0 0.390625 0.2546875 0.03125 0.06171875
0 0.42890625 0.109375 0.01328125 0.03046875
0 0.38359375 0.153125 0.01796875 0.04453125
0 0.38515625 0.11953125 0.01484375 0.03046875
0 0.34375 0.1109375 0.01484375 0.03671875
0 0.35703125 0.103125 0.0140625 0.04140625
0 0.32421875 0.11953125 0.01640625 0.03515625
0 0.3921875 0.3296875 0.02890625 0.07578125
0 0.31875 0.340625 0.0328125 0.0671875
0 0.3375 0.25703125 0.02578125 0.05625
0 0.3359375 0.209375 0.0234375 0.05234375
0 0.3390625 0.1796875 0.02109375 0.04296875
0 0.31015625 0.16015625 0.02265625 0.04296875
0 0.29296875 0.09296875 0.01640625 0.03671875
0 0.2890625 0.140625 0.01640625 0.03828125
0 0.2953125 0.18828125 0.01796875 0.04375
0 0.2875 0.21875 0.01953125 0.04765625
0 0.2890625 0.2859375 0.02734375 0.0671875
0 0.21640625 0.29140625 0.02734375 0.0703125
0 0.23671875 0.23046875 0.02734375 0.06015625
0 0.2453125 0.18828125 0.01796875 0.0421875
0 0.26171875 0.15625 0.01953125 0.04375
0 0.25703125 0.1109375 0.0140625 0.03203125
0 0.2453125 0.1078125 0.0140625 0.03203125
0 0.21015625 0.11328125 0.0125 0.03515625
0 0.24609375 0.13671875 0.0171875 0.04140625
0 0.22734375 0.13359375 0.01640625 0.03359375
0 0.22421875 0.16640625 0.021875 0.0421875
0 0.18984375 0.14140625 0.0140625 0.03125
0 0.17421875 0.12109375 0.0125 0.034375
0 0.16171875 0.13984375 0.015625 0.03125
0 0.1953125 0.18828125 0.02265625 0.04609375
0 0.17890625 0.1671875 0.0140625 0.0375
0 0.16328125 0.1875 0.01484375 0.03359375
0 0.14140625 0.15 0.01640625 0.03828125
0 0.146875 0.1890625 0.021875 0.04921875
0 0.128125 0.21875 0.02421875 0.0546875
0 0.09296875 0.12890625 0.015625 0.03515625
0 0.1265625 0.15625 0.01484375 0.0359375
0 0.11484375 0.1953125 0.02265625 0.0421875
0 0.0734375 0.28203125 0.0265625 0.0640625
0 0.05703125 0.1546875 0.01484375 0.02890625
0 0.06640625 0.18203125 0.01796875 0.04375
0 0.103125 0.171875 0.021875 0.03671875
0 0.4078125 0.153125 0.01953125 0.03828125
0 0.4125 0.1296875 0.01484375 0.03515625
0 0.1234375 0.13359375 0.01875 0.0359375