0 0.259375 0.27578125 0.01875 0.0359375
0 0.28203125 0.26171875 0.01796875 0.04453125
0 0.30546875 0.26328125 0.02421875 0.0453125
0 0.34765625 0.2703125 0.01875 0.03671875
0 0.321875 0.21484375 0.01796875 0.03671875
0 0.34765625 0.2125 0.015625 0.03515625
0 0.378125 0.22890625 0.02265625 0.03515625
0 0.41875 0.25859375 0.02578125 0.04921875
0 0.48828125 0.2890625 0.0265625 0.04453125
0 0.37578125 0.2015625 0.0171875 0.0265625
0 0.3796875 0.1921875 0.0109375 0.02265625
0 0.4140625 0.22109375 0.0203125 0.03125
0 0.4921875 0.2140625 0.021875 0.03671875
0 0.4515625 0.21796875 0.02109375 0.0484375
0 0.41484375 0.16875 0.015625 0.02890625
0 0.42265625 0.19453125 0.01484375 0.02890625
0 0.43515625 0.16640625 0.0171875 0.0265625
0 0.44765625 0.17265625 0.0125 0.021875
0 0.45546875 0.1875 0.01796875 0.02421875
0 0.47578125 0.1921875 0.01875 0.03359375
0 0.490625 0.12421875 0.01171875 0.03046875
0 0.4765625 0.13828125 0.0125 0.02421875
0 0.48203125 0.159375 0.0140625 0.02265625
0 0.53359375 0.1328125 0.0171875 0.0375
0 0.55234375 0.14921875 0.015625 0.0296875
0 0.5484375 0.19296875 0.01484375 0.0328125
0 0.4578125 0.14140625 0.01171875 0.02890625
0 0.5625 0.11171875 0.01484375 0.02578125
0 0.5828125 0.15859375 0.01328125 0.02734375
0 0.6203125 0.20703125 0.02109375 0.040625
0 0.628125 0.1375 0.015625 0.03515625
0 0.59609375 0.11796875 0.01171875 0.01640625
0 0.59609375 0.15078125 0.0125 0.03046875
0 0.61640625 0.10546875 0.01015625 0.021875
0 0.6484375 0.1046875 0.0125 0.034375
0 0.66875 0.1171875 0.01484375 0.03984375
0 0.66171875 0.19296875 0.01953125 0.03046875
0 0.65625 0.1671875 0.0171875 0.02890625
0 0.6109375 0.24609375 0.01875 0.04453125
0 0.56484375 0.24609375 0.021875 0.04765625
0 0.559375 0.29296875 0.03203125 0.040625
0 0.69921875 0.09375 0.015625 0.028125
0 0.75625 0.103125 0.01484375 0.02265625
0 0.73515625 0.115625 0.0125 0.0296875
0 0.74921875 0.12890625 0.01484375 0.02265625
0 0.70625 0.13203125 0.0140625 0.03828125
0 0.68828125 0.14375 0.0140625 0.0328125
0 0.70234375 0.20625 0.0234375 0.04921875
0 0.753125 0.18125 0.01484375 0.0359375
0 0.73203125 0.15625 0.015625 0.02890625
0 0.76015625 0.24296875 0.02265625 0.0421875
0 0.67578125 0.26015625 0.02421875 0.0515625
0 0.72265625 0.2890625 0.028125 0.0578125
0 0.68046875 0.3265625 0.03515625 0.06328125
0 0.61015625 0.34140625 0.0296875 0.0765625
0 0.7828125 0.29296875 0.025 0.05625
0 0.8734375 0.22734375 0.02109375 0.04765625
0 0.9328125 0.26875 0.02109375 0.04375
0 0.92734375 0.18671875 0.015625 0.034375
0 0.89375 0.1953125 0.01796875 0.03671875
0 0.93203125 0.153125 0.01953125 0.040625
0 0.90703125 0.12734375 0.0171875 0.02890625
0 0.875 0.12421875 0.01640625 0.03046875
0 0.86171875 0.15625 0.015625 0.0328125
0 0.8375 0.13671875 0.01640625 0.04140625
0 0.8046875 0.1765625 0.0203125 0.03359375
0 0.8140625 0.12578125 0.0125 0.0265625
0 0.79765625 0.1234375 0.01171875 0.0328125
0 0.7796875 0.1171875 0.01015625 0.03046875
0 0.7703125 0.13046875 0.0140625 0.02578125
0 0.8515625 0.18359375 0.01796875 0.04375
0 0.1140625 0.46015625 0.04765625 0.1203125