0 0.8 0.39765625 0.040625 0.08984375
0 0.75546875 0.278125 0.02890625 0.05546875
0 0.6609375 0.21953125 0.02265625 0.0484375
0 0.62890625 0.2390625 0.025 0.05
0 0.58515625 0.225 0.02890625 0.05546875
0 0.5140625 0.19375 0.02890625 0.05078125
0 0.3515625 0.22265625 0.03046875 0.0609375
0 0.29921875 0.2296875 0.0296875 0.065625
0 0.25078125 0.1953125 0.03671875 0.07109375
0 0.19296875 0.36015625 0.0390625 0.08125
0 0.18125 0.2125 0.02578125 0.05078125
0 0.1515625 0.17265625 0.02734375 0.0453125
0 0.11640625 0.190625 0.025 0.040625
0 0.134375 0.21875 0.02265625 0.04609375
0 0.1609375 0.309375 0.03125 0.07734375
0 0.11640625 0.31796875 0.02734375 0.05703125
0 0.1015625 0.3546875 0.03359375 0.08359375