0 0.22265625 0.2796875 0.03359375 0.0625
0 0.165625 0.27421875 0.02421875 0.05859375
0 0.3265625 0.23203125 0.0171875 0.0375
0 0.3453125 0.23359375 0.01875 0.03671875
0 0.378125 0.2359375 0.0203125 0.040625
0 0.39140625 0.28671875 0.0265625 0.053125
0 0.3828125 0.1890625 0.01484375 0.034375
0 0.396875 0.1875 0.01640625 0.040625
0 0.41640625 0.19296875 0.01953125 0.04140625
0 0.45 0.178125 0.015625 0.0234375
0 0.48828125 0.159375 0.01796875 0.03203125
0 0.45625 0.2015625 0.01640625 0.0296875
0 0.47109375 0.19765625 0.01640625 0.0328125
0 0.46484375 0.2375 0.021875 0.0453125
0 0.49140625 0.30078125 0.0296875 0.053125
0 0.5203125 0.17265625 0.01953125 0.0328125
0 0.54609375 0.16484375 0.0203125 0.040625
0 0.57421875 0.1375 0.01796875 0.0296875
0 0.5875 0.16953125 0.01796875 0.03828125
0 0.62578125 0.2078125 0.0203125 0.0453125
0 0.61640625 0.2515625 0.021875 0.05078125
0 0.6546875 0.20546875 0.021875 0.0453125
0 0.675 0.21875 0.0234375 0.05078125
0 0.68984375 0.1625 0.01640625 0.0375
0 0.65 0.27265625 0.02578125 0.05390625
0 0.7640625 0.16640625 0.01796875 0.03515625
0 0.72890625 0.19921875 0.01875 0.040625
0 0.703125 0.2765625 0.025 0.04765625
0 0.74921875 0.24296875 0.02109375 0.05078125
0 0.75390625 0.31171875 0.025 0.05234375
0 0.83125 0.3234375 0.02734375 0.065625
0 0.91484375 0.23203125 0.021875 0.05390625