0 0.0328125 0.41875 0.02109375 0.05625
0 0.875 0.46015625 0.028125 0.06171875
0 0.81953125 0.4484375 0.028125 0.05234375
0 0.7921875 0.5078125 0.02578125 0.0734375
0 0.75234375 0.43671875 0.0265625 0.0625
0 0.70234375 0.4109375 0.025 0.06171875
0 0.68515625 0.4875 0.03203125 0.065625
0 0.66875 0.3640625 0.01484375 0.04453125
0 0.6359375 0.36953125 0.02265625 0.05625
0 0.62421875 0.3421875 0.01171875 0.0359375
0 0.58125 0.3375 0.021875 0.053125
0 0.58125 0.3890625 0.02109375 0.04296875
0 0.57890625 0.43671875 0.0234375 0.06484375
0 0.6171875 0.478125 0.03984375 0.0875
0 0.53125 0.41953125 0.03125 0.0578125
0 0.52109375 0.35625 0.01640625 0.03984375
0 0.4578125 0.41015625 0.03203125 0.06328125
0 0.6109375 0.3046875 0.015625 0.0421875
0 0.6671875 0.30625 0.0171875 0.03671875
0 0.784375 0.36015625 0.01953125 0.04296875
0 0.83359375 0.3734375 0.01953125 0.04140625
0 0.853125 0.3609375 0.01953125 0.04765625
0 0.8890625 0.3515625 0.01953125 0.04140625
0 0.88203125 0.32578125 0.0140625 0.025
0 0.85390625 0.3140625 0.01328125 0.02421875
0 0.8109375 0.3421875 0.01796875 0.04453125
0 0.903125 0.3078125 0.015625 0.03359375
0 0.9078125 0.28359375 0.0140625 0.03125
0 0.865625 0.2765625 0.0140625 0.034375
0 0.8453125 0.2609375 0.01640625 0.034375
0 0.8234375 0.28515625 0.01484375 0.03515625
0 0.815625 0.25859375 0.015625 0.0328125
0 0.7921875 0.26796875 0.0203125 0.0390625
0 0.79140625 0.31171875 0.01484375 0.025
0 0.8140625 0.3109375 0.01171875 0.0234375
0 0.7484375 0.2984375 0.01484375 0.0375
0 0.759375 0.253125 0.01796875 0.0328125
0 0.7359375 0.2296875 0.01484375 0.03046875
0 0.74140625 0.26328125 0.01796875 0.0265625
0 0.71796875 0.24296875 0.0140625 0.0265625
0 0.7109375 0.25546875 0.0125 0.0296875
0 0.70234375 0.290625 0.0140625 0.04296875
0 0.68125 0.25 0.01484375 0.02734375
0 0.675 0.2234375 0.01484375 0.02578125
0 0.65 0.2171875 0.0078125 0.0234375
0 0.659375 0.23828125 0.01796875 0.02734375
0 0.628125 0.24765625 0.01328125 0.02265625
0 0.62265625 0.225 0.0125 0.02578125
0 0.61015625 0.22265625 0.0140625 0.03203125
0 0.59375 0.2046875 0.01171875 0.02890625
0 0.5875 0.22109375 0.0140625 0.02421875
0 0.584375 0.253125 0.0125 0.03125
0 0.56640625 0.26171875 0.01328125 0.03203125
0 0.54921875 0.221875 0.0125 0.03125
0 0.53125 0.26015625 0.0140625 0.03359375
0 0.5140625 0.25078125 0.0125 0.0296875
0 0.5296875 0.29453125 0.01328125 0.0453125
0 0.5109375 0.28046875 0.0140625 0.04140625
0 0.496875 0.2671875 0.01015625 0.0296875
0 0.465625 0.2421875 0.01484375 0.03046875
0 0.4609375 0.265625 0.015625 0.02265625
0 0.46015625 0.30390625 0.0140625 0.0375
0 0.490625 0.3203125 0.01875 0.0375
0 0.44140625 0.34609375 0.0203125 0.05
0 0.39765625 0.33828125 0.01796875 0.0453125
0 0.40078125 0.3 0.0125 0.0296875
0 0.425 0.30859375 0.01328125 0.03984375
0 0.4296875 0.2765625 0.0125 0.0375
0 0.421875 0.24375 0.0109375 0.03359375
0 0.39765625 0.271875 0.0140625 0.03203125
0 0.3828125 0.2625 0.015625 0.03046875
0 0.35 0.28671875 0.0125 0.03984375
0 0.3515625 0.32890625 0.01796875 0.04296875
0 0.32734375 0.35625 0.021875 0.05078125
0 0.29375 0.365625 0.0203125 0.04765625
0 0.2859375 0.30625 0.021875 0.04140625
0 0.25390625 0.37265625 0.01875 0.0546875
0 0.23125 0.34453125 0.021875 0.05234375