0 0.171875 0.5046875 0.04765625 0.08125
0 0.9078125 0.17421875 0.02109375 0.05
0 0.94375 0.27421875 0.01875 0.06328125
0 0.84921875 0.2890625 0.03359375 0.0640625
0 0.85234375 0.34296875 0.025 0.05
0 0.78671875 0.31328125 0.02734375 0.04921875
0 0.73046875 0.2890625 0.02421875 0.0640625
0 0.77109375 0.24765625 0.02109375 0.0640625
0 0.8171875 0.1890625 0.01953125 0.05078125
0 0.78671875 0.209375 0.025 0.0421875
0 0.74296875 0.20703125 0.02265625 0.04453125
0 0.71640625 0.2328125 0.01953125 0.046875
0 0.69296875 0.27265625 0.02890625 0.0640625
0 0.6390625 0.3125 0.02578125 0.06796875
0 0.58828125 0.29296875 0.03671875 0.05
0 0.5265625 0.32109375 0.03671875 0.07734375
0 0.39609375 0.28828125 0.025 0.06171875
0 0.30078125 0.278125 0.021875 0.02890625
0 0.25390625 0.275 0.02421875 0.03515625
0 0.48125 0.2421875 0.0234375 0.04453125
0 0.43984375 0.25078125 0.0171875 0.04453125
0 0.39296875 0.2359375 0.02578125 0.040625
0 0.3578125 0.22265625 0.021875 0.046875
0 0.3765625 0.196875 0.0125 0.02890625
0 0.8515625 0.22890625 0.02265625 0.04375
0 0.859375 0.18203125 0.01640625 0.0375
0 0.7890625 0.16953125 0.01953125 0.025
0 0.74609375 0.125 0.01953125 0.03515625
0 0.778125 0.13671875 0.01875 0.034375
0 0.68671875 0.1296875 0.02578125 0.0375
0 0.6984375 0.16875 0.01875 0.02109375
0 0.7234375 0.15546875 0.01953125 0.03046875
0 0.6296875 0.15078125 0.01796875 0.03671875
0 0.578125 0.128125 0.01171875 0.034375
0 0.58125 0.1875 0.02109375 0.04765625
0 0.65390625 0.20625 0.0265625 0.0390625
0 0.6859375 0.21796875 0.02421875 0.04609375
0 0.44765625 0.17734375 0.021875 0.01953125
0 0.46875 0.153125 0.0140625 0.034375
0 0.490625 0.1546875 0.0140625 0.0453125
0 0.51875 0.21015625 0.0171875 0.03828125