0 0.20703125 0.3609375 0.05390625 0.084375
0 0.89140625 0.4140625 0.0390625 0.0609375
0 0.80546875 0.40625 0.03359375 0.0765625
0 0.74140625 0.36875 0.03671875 0.0734375
0 0.6890625 0.30546875 0.02421875 0.07578125
0 0.5984375 0.33125 0.02890625 0.07578125
0 0.54140625 0.284375 0.02265625 0.06875
0 0.4921875 0.28984375 0.02578125 0.04453125
0 0.56484375 0.25 0.02578125 0.06484375
0 0.63125 0.23828125 0.01640625 0.040625
0 0.68515625 0.25703125 0.0328125 0.0578125
0 0.7265625 0.28359375 0.02890625 0.06328125
0 0.778125 0.3078125 0.02578125 0.05625
0 0.840625 0.3421875 0.03125 0.05078125
0 0.9171875 0.33125 0.0375 0.05859375
0 0.92109375 0.284375 0.02421875 0.0515625
0 0.86796875 0.24375 0.0328125 0.078125
0 0.88671875 0.22421875 0.01796875 0.05546875
0 0.92578125 0.21015625 0.0328125 0.04140625
0 0.80625 0.2421875 0.02265625 0.0609375
0 0.803125 0.19453125 0.0203125 0.03125
0 0.75078125 0.26328125 0.02890625 0.06015625
0 0.72265625 0.23359375 0.02265625 0.053125
0 0.61875 0.2125 0.01953125 0.04453125
0 0.75390625 0.18359375 0.0234375 0.03984375
0 0.74609375 0.17265625 0.021875 0.034375
0 0.7890625 0.15859375 0.0125 0.0453125
0 0.81015625 0.15625 0.0140625 0.04921875
0 0.775 0.1421875 0.02421875 0.03359375
0 0.74921875 0.12578125 0.01796875 0.02734375
0 0.7234375 0.1484375 0.015625 0.025
0 0.69921875 0.15078125 0.0140625 0.0203125
0 0.66640625 0.18984375 0.021875 0.05546875
0 0.71484375 0.18984375 0.03359375 0.0515625
0 0.7171875 0.1078125 0.01796875 0.03359375
0 0.69296875 0.09921875 0.021875 0.02734375
0 0.68515625 0.11875 0.015625 0.03828125
0 0.6703125 0.13046875 0.0125 0.0421875
0 0.6609375 0.09765625 0.01171875 0.03515625
0 0.63671875 0.109375 0.01484375 0.028125
0 0.62265625 0.12890625 0.01875 0.025
0 0.6109375 0.10859375 0.01015625 0.02109375
0 0.60625 0.12265625 0.01328125 0.03515625
0 0.58359375 0.109375 0.015625 0.028125
0 0.578125 0.1265625 0.01328125 0.02890625
0 0.6203125 0.1515625 0.0203125 0.03984375
0 0.57734375 0.16640625 0.0234375 0.03359375
0 0.559375 0.14765625 0.0171875 0.02578125
0 0.54375 0.15703125 0.02265625 0.02578125
0 0.5421875 0.1265625 0.01484375 0.02890625
0 0.528125 0.12109375 0.0171875 0.02421875
0 0.509375 0.1203125 0.01328125 0.021875
0 0.5078125 0.14453125 0.01484375 0.02890625
0 0.48828125 0.1328125 0.01875 0.02734375
0 0.5421875 0.18828125 0.0234375 0.04375
0 0.50546875 0.184375 0.02421875 0.0359375
0 0.4828125 0.17109375 0.02421875 0.04296875
0 0.4703125 0.14609375 0.00859375 0.0375
0 0.45703125 0.15078125 0.01484375 0.03515625
0 0.4421875 0.1671875 0.01640625 0.0421875
0 0.41875 0.15078125 0.021875 0.0265625
0 0.409375 0.16796875 0.021875 0.03125
0 0.478125 0.22578125 0.01953125 0.0296875
0 0.44140625 0.22109375 0.028125 0.03671875
0 0.40546875 0.2609375 0.0234375 0.0375
0 0.41640625 0.228125 0.021875 0.04140625
0 0.3859375 0.203125 0.01328125 0.0421875
0 0.36953125 0.1953125 0.02109375 0.04140625
0 0.34140625 0.19609375 0.021875 0.03125
0 0.3625 0.2515625 0.0171875 0.04453125
0 0.3515625 0.22890625 0.0203125 0.0328125
0 0.32890625 0.21640625 0.01796875 0.02890625
0 0.3078125 0.2078125 0.02109375 0.040625