0 0.81015625 0.328125 0.05625 0.1140625
0 0.60859375 0.2328125 0.01875 0.040625
0 0.54921875 0.23984375 0.021875 0.04921875
0 0.51953125 0.21640625 0.0234375 0.05390625
0 0.62109375 0.18828125 0.01875 0.04296875
0 0.59921875 0.1921875 0.01875 0.0390625
0 0.5984375 0.15703125 0.01953125 0.0421875
0 0.565625 0.1359375 0.01796875 0.0328125
0 0.5671875 0.19609375 0.01953125 0.04296875
0 0.54296875 0.16328125 0.021875 0.0453125
0 0.521875 0.17265625 0.01875 0.03984375
0 0.49296875 0.18984375 0.0203125 0.0390625
0 0.45859375 0.1890625 0.021875 0.04296875
0 0.409375 0.1546875 0.0203125 0.04453125
0 0.446875 0.15390625 0.015625 0.034375
0 0.4578125 0.14453125 0.0171875 0.0390625
0 0.51015625 0.12890625 0.015625 0.03046875
0 0.41953125 0.12890625 0.01484375 0.0375
0 0.4984375 0.10703125 0.0125 0.028125
0 0.453125 0.12109375 0.01328125 0.028125
0 0.409375 0.08984375 0.0171875 0.0328125
0 0.384375 0.08984375 0.01328125 0.02578125
0 0.38828125 0.11953125 0.015625 0.03359375
0 0.3703125 0.10546875 0.015625 0.028125
0 0.37421875 0.134375 0.01796875 0.0328125
0 0.3359375 0.0875 0.01875 0.034375
0 0.3078125 0.10390625 0.015625 0.02734375
0 0.33125 0.121875 0.0171875 0.03359375
0 0.3578125 0.21015625 0.02109375 0.03984375
0 0.4359375 0.26875 0.0265625 0.0546875
0 0.3734375 0.28828125 0.0265625 0.06328125
0 0.3875 0.246875 0.0265625 0.0578125
0 0.303125 0.3125 0.02890625 0.07265625
0 0.2703125 0.26953125 0.0328125 0.05859375
0 0.303125 0.15078125 0.01875 0.03828125
0 0.2921875 0.1046875 0.0171875 0.03203125
0 0.25390625 0.11875 0.015625 0.03046875
0 0.28046875 0.1796875 0.0234375 0.046875
0 0.2640625 0.16875 0.015625 0.03515625
0 0.28125 0.146875 0.0171875 0.03671875
0 0.2484375 0.19375 0.02421875 0.04453125
0 0.2421875 0.2359375 0.02421875 0.053125
0 0.2171875 0.17890625 0.0171875 0.0375
0 0.23203125 0.1515625 0.015625 0.03359375
0 0.21640625 0.12421875 0.01484375 0.03203125
0 0.2109375 0.15546875 0.01796875 0.03828125
0 0.15546875 0.146875 0.015625 0.0375
0 0.17109375 0.17109375 0.01640625 0.0375
0 0.13828125 0.18125 0.01953125 0.03828125
0 0.11953125 0.1703125 0.0171875 0.04296875
0 0.09765625 0.190625 0.0203125 0.03984375
0 0.059375 0.14921875 0.01796875 0.03515625
0 0.03828125 0.19765625 0.0171875 0.04296875
0 0.05703125 0.17890625 0.015625 0.040625
0 0.0671875 0.24296875 0.015625 0.040625
0 0.1109375 0.25859375 0.0234375 0.05703125
0 0.1578125 0.2234375 0.0234375 0.05
0 0.10234375 0.22265625 0.02109375 0.0453125
0 0.0703125 0.3046875 0.0296875 0.05625
0 0.1625 0.3234375 0.03125 0.0671875
0 0.2046875 0.26875 0.02734375 0.0546875
0 0.2109375 0.21796875 0.0203125 0.04375
0 0.33125 0.19375 0.02578125 0.04453125
0 0.53125 0.13046875 0.015625 0.03359375