0 0.8296875 0.2125 0.0203125 0.0453125
0 0.840625 0.34609375 0.05 0.0984375
0 0.68984375 0.18515625 0.0265625 0.04609375
0 0.65703125 0.2203125 0.02890625 0.05078125
0 0.5859375 0.22734375 0.02734375 0.053125
0 0.57421875 0.15078125 0.0203125 0.0390625
0 0.55078125 0.14609375 0.0203125 0.0390625
0 0.52578125 0.146875 0.01875 0.04140625
0 0.509375 0.16953125 0.0140625 0.040625
0 0.49765625 0.1453125 0.0171875 0.0375
0 0.478125 0.18046875 0.01953125 0.040625
0 0.43359375 0.17734375 0.02109375 0.04453125
0 0.08515625 0.16953125 0.01953125 0.03828125
0 0.10234375 0.215625 0.02109375 0.05625
0 0.046875 0.18828125 0.021875 0.03984375
0 0.05546875 0.23203125 0.02421875 0.05703125