0 0.77578125 0.2953125 0.03046875 0.09375
0 0.73359375 0.2828125 0.02734375 0.065625
0 0.68046875 0.2578125 0.01796875 0.06640625
0 0.6359375 0.24296875 0.01875 0.059375
0 0.09375 0.309375 0.0171875 0.03828125
0 0.2046875 0.35546875 0.05078125 0.08515625
0 0.18203125 0.4484375 0.0484375 0.0890625
0 0.2640625 0.21328125 0.03125 0.0515625
0 0.37578125 0.26953125 0.02734375 0.0453125
0 0.49921875 0.31640625 0.03359375 0.0484375
0 0.88671875 0.23203125 0.015625 0.05546875
0 0.85859375 0.184375 0.015625 0.03828125
0 0.82734375 0.13515625 0.01796875 0.04296875
0 0.815625 0.18984375 0.015625 0.0515625
0 0.76328125 0.178125 0.02265625 0.025
0 0.7625 0.15859375 0.01875 0.040625
0 0.73671875 0.16484375 0.01796875 0.034375
0 0.7234375 0.12890625 0.01328125 0.0375
0 0.69609375 0.159375 0.0125 0.046875
0 0.70390625 0.10546875 0.0078125 0.05625
0 0.765625 0.1109375 0.01875 0.03359375
0 0.584375 0.1109375 0.0203125 0.0265625
0 0.58984375 0.1671875 0.0140625 0.02578125
0 0.5703125 0.1578125 0.01796875 0.0359375
0 0.54140625 0.14765625 0.021875 0.03671875
0 0.55625 0.20234375 0.034375 0.0328125
0 0.4921875 0.21015625 0.0234375 0.0375
0 0.4578125 0.21328125 0.0203125 0.021875
0 0.4234375 0.22734375 0.01953125 0.03828125
0 0.41015625 0.19296875 0.01953125 0.025
0 0.4578125 0.18203125 0.0125 0.02578125
0 0.46875 0.1546875 0.0125 0.021875
0 0.48203125 0.1625 0.0109375 0.03828125
0 0.49296875 0.13359375 0.0125 0.0234375
0 0.52109375 0.1828125 0.01875 0.03359375
0 0.43671875 0.2859375 0.02890625 0.05