0 0.04296875 0.57734375 0.0390625 0.11953125
0 0.8640625 0.54453125 0.03046875 0.09296875
0 0.8046875 0.46953125 0.0296875 0.07265625
0 0.73515625 0.41640625 0.028125 0.0765625
0 0.665625 0.421875 0.02421875 0.06796875
0 0.6203125 0.3796875 0.02890625 0.06328125
0 0.5625 0.36484375 0.02421875 0.06328125
0 0.21015625 0.3015625 0.01953125 0.0453125
0 0.44609375 0.32265625 0.02421875 0.059375
0 0.384375 0.27890625 0.02109375 0.05234375
0 0.34609375 0.24296875 0.01875 0.0515625
0 0.32265625 0.24921875 0.01875 0.0515625
0 0.27265625 0.2625 0.01796875 0.04921875
0 0.4125 0.25078125 0.01796875 0.04296875
0 0.365625 0.221875 0.01640625 0.04375
0 0.40546875 0.20078125 0.01796875 0.0484375
0 0.48046875 0.26328125 0.0203125 0.05859375
0 0.44453125 0.20390625 0.01640625 0.04296875
0 0.42578125 0.1828125 0.01484375 0.0359375
0 0.50859375 0.2109375 0.0171875 0.03984375
0 0.48828125 0.18046875 0.01796875 0.0453125
0 0.50546875 0.15859375 0.015625 0.03359375
0 0.6234375 0.30625 0.0234375 0.0609375
0 0.9578125 0.453125 0.02421875 0.06015625
0 0.8953125 0.434375 0.021875 0.06484375
0 0.86484375 0.35703125 0.0203125 0.05546875
0 0.96328125 0.38671875 0.01875 0.06015625
0 0.82109375 0.31328125 0.0203125 0.05625
0 0.76953125 0.296875 0.01796875 0.05
0 0.925 0.33984375 0.01875 0.05234375
0 0.98359375 0.27265625 0.0140625 0.0390625
0 0.9515625 0.26640625 0.01484375 0.03515625
0 0.89375 0.28828125 0.0171875 0.05078125
0 0.87578125 0.24296875 0.0140625 0.04140625
0 0.828125 0.23046875 0.0171875 0.04375
0 0.8140625 0.203125 0.01640625 0.0453125
0 0.78671875 0.178125 0.015625 0.04375
0 0.784375 0.22265625 0.01640625 0.040625
0 0.7953125 0.27578125 0.02109375 0.053125
0 0.76015625 0.2421875 0.01796875 0.05
0 0.746875 0.21015625 0.0140625 0.05078125
0 0.72265625 0.22421875 0.015625 0.0484375
0 0.71484375 0.29921875 0.01953125 0.05390625
0 0.66875 0.27265625 0.02265625 0.05546875
0 0.6671875 0.1890625 0.01328125 0.0359375
0 0.6390625 0.21171875 0.01796875 0.04609375
0 0.71875 0.1640625 0.01640625 0.0421875
0 0.69140625 0.1609375 0.01640625 0.0421875
0 0.67265625 0.1375 0.01484375 0.03984375
0 0.6421875 0.13125 0.0140625 0.0390625
0 0.58671875 0.2046875 0.01640625 0.03515625
0 0.60390625 0.134375 0.015625 0.0421875
0 0.59609375 0.16875 0.0140625 0.0359375
0 0.5859375 0.140625 0.01328125 0.034375
0 0.565625 0.14140625 0.015625 0.03203125
0 0.56015625 0.1671875 0.015625 0.03046875
0 0.54140625 0.175 0.01484375 0.04296875
0 0.56171875 0.2328125 0.01640625 0.04296875