0 0.80390625 0.40390625 0.05078125 0.09140625
0 0.10859375 0.37109375 0.0328125 0.08359375
0 0.0921875 0.31640625 0.028125 0.06484375
0 0.12734375 0.2640625 0.01796875 0.05078125
0 0.165625 0.31640625 0.021875 0.0609375
0 0.19609375 0.40390625 0.03125 0.06328125
0 0.25 0.3375 0.03125 0.06953125
0 0.23515625 0.29765625 0.02421875 0.05234375
0 0.19453125 0.24921875 0.01953125 0.06484375
0 0.17578125 0.21640625 0.01796875 0.05390625
0 0.12421875 0.215625 0.01484375 0.0484375
0 0.08203125 0.22421875 0.01640625 0.0484375
0 0.09296875 0.26171875 0.02421875 0.0421875
0 0.11015625 0.1734375 0.01796875 0.0453125
0 0.1046875 0.140625 0.0171875 0.03828125
0 0.13671875 0.13671875 0.01328125 0.0390625
0 0.13984375 0.15546875 0.0203125 0.034375
0 0.153125 0.16640625 0.01484375 0.03203125
0 0.17109375 0.12109375 0.01875 0.03125
0 0.1734375 0.14453125 0.015625 0.0296875
0 0.1828125 0.159375 0.01640625 0.05
0 0.21875 0.1703125 0.0171875 0.03125
0 0.228125 0.2 0.0171875 0.03359375
0 0.24921875 0.2328125 0.02421875 0.0578125
0 0.25546875 0.153125 0.021875 0.0390625
0 0.2390625 0.13828125 0.0125 0.0328125
0 0.25859375 0.12578125 0.0140625 0.03203125
0 0.27421875 0.17265625 0.0171875 0.0359375
0 0.296875 0.18359375 0.0203125 0.0375
0 0.3125 0.1640625 0.01015625 0.02734375
0 0.28515625 0.28125 0.01875 0.05625
0 0.3234375 0.346875 0.03046875 0.07265625
0 0.36875 0.3015625 0.0265625 0.04765625
0 0.3796875 0.253125 0.021875 0.0609375
0 0.33671875 0.21015625 0.01640625 0.03359375
0 0.3046875 0.2359375 0.02109375 0.04375
0 0.35390625 0.17109375 0.0140625 0.0296875
0 0.36953125 0.2234375 0.02109375 0.03984375
0 0.4328125 0.25 0.0265625 0.04296875
0 0.459375 0.321875 0.03046875 0.05078125
0 0.5 0.2796875 0.02109375 0.053125
0 0.48125 0.20234375 0.0140625 0.02578125
0 0.45703125 0.1875 0.01015625 0.02421875
0 0.425 0.18203125 0.0140625 0.03828125
0 0.4171875 0.15 0.0140625 0.0234375
0 0.3890625 0.1515625 0.01484375 0.03515625
0 0.35703125 0.14375 0.01171875 0.03203125
0 0.3421875 0.12265625 0.0109375 0.02734375
0 0.30625 0.11875 0.01328125 0.03203125
0 0.3578125 0.10546875 0.009375 0.0203125
0 0.38515625 0.1140625 0.01484375 0.02578125
0 0.4109375 0.11875 0.0140625 0.0265625
0 0.440625 0.11484375 0.01171875 0.03125
0 0.48125 0.153125 0.021875 0.02265625
0 0.490625 0.1765625 0.01640625 0.02265625
0 0.51171875 0.2046875 0.01640625 0.0421875
0 0.53515625 0.23125 0.02265625 0.03828125
0 0.55859375 0.23984375 0.02421875 0.046875
0 0.5515625 0.1953125 0.02109375 0.03125
0 0.55234375 0.16171875 0.009375 0.02578125
0 0.5234375 0.175 0.0109375 0.025
0 0.53125 0.15390625 0.0140625 0.03125
0 0.575 0.18203125 0.01953125 0.03046875
0 0.58984375 0.20078125 0.01640625 0.0390625
0 0.6171875 0.18359375 0.01640625 0.025
0 0.6234375 0.23515625 0.015625 0.0375
0 0.62421875 0.2828125 0.0234375 0.04296875
0 0.64921875 0.2765625 0.02265625 0.04609375
0 0.70625 0.28984375 0.01640625 0.0484375
0 0.71796875 0.2546875 0.0203125 0.03984375