0 0.12265625 0.54921875 0.0609375 0.1015625
0 0.98671875 0.27109375 0.01640625 0.05078125
0 0.97421875 0.3265625 0.01953125 0.04375
0 0.97734375 0.36875 0.02265625 0.05703125
0 0.95390625 0.37734375 0.01640625 0.0609375
0 0.9625 0.45078125 0.02890625 0.05234375
0 0.953125 0.24453125 0.0171875 0.0453125
0 0.934375 0.27734375 0.0140625 0.03828125
0 0.93203125 0.33359375 0.0140625 0.03671875
0 0.8890625 0.403125 0.02734375 0.04921875
0 0.865625 0.5328125 0.03046875 0.0640625
0 0.80625 0.44765625 0.03515625 0.0828125
0 0.865625 0.346875 0.0140625 0.0640625
0 0.87578125 0.309375 0.01796875 0.0515625
0 0.8921875 0.290625 0.01328125 0.06171875
0 0.9078125 0.26796875 0.0140625 0.04609375
0 0.9140625 0.234375 0.01328125 0.04921875
0 0.8828125 0.23359375 0.0140625 0.04375
0 0.86875 0.23671875 0.01171875 0.05078125
0 0.84609375 0.2109375 0.01328125 0.025
0 0.82421875 0.234375 0.0234375 0.03671875
0 0.80390625 0.2515625 0.0140625 0.0421875
0 0.82109375 0.30390625 0.01796875 0.0453125
0 0.73671875 0.40234375 0.03359375 0.078125
0 0.66171875 0.4078125 0.02265625 0.0671875
0 0.759375 0.29609375 0.0234375 0.0546875
0 0.8125 0.19453125 0.01640625 0.04140625
0 0.78359375 0.20859375 0.021875 0.04375
0 0.78125 0.1828125 0.01796875 0.034375
0 0.75703125 0.19609375 0.0171875 0.0375
0 0.74921875 0.23125 0.01875 0.0390625
0 0.7296875 0.2734375 0.021875 0.0484375
0 0.70625 0.2140625 0.01875 0.0390625
0 0.67109375 0.25078125 0.02421875 0.04375
0 0.61875 0.37265625 0.02734375 0.06953125
0 0.5859375 0.33828125 0.021875 0.0546875
0 0.62421875 0.29296875 0.02734375 0.0609375
0 0.7171875 0.16171875 0.01640625 0.0359375
0 0.69765625 0.14140625 0.0171875 0.0421875
0 0.66796875 0.18828125 0.0125 0.0296875
0 0.66796875 0.1515625 0.009375 0.0359375
0 0.64296875 0.1328125 0.01640625 0.03984375
0 0.62890625 0.20625 0.015625 0.04453125
0 0.6203125 0.17890625 0.0171875 0.03203125
0 0.61484375 0.15859375 0.0171875 0.025
0 0.609375 0.1234375 0.01640625 0.03828125
0 0.58828125 0.14140625 0.02265625 0.03671875
0 0.56328125 0.13984375 0.021875 0.03828125
0 0.58515625 0.203125 0.01640625 0.046875
0 0.53203125 0.17734375 0.01484375 0.0375
0 0.5078125 0.15546875 0.025 0.03515625
0 0.565625 0.225 0.015625 0.04375
0 0.50703125 0.21171875 0.01796875 0.0375
0 0.4875 0.18046875 0.021875 0.04296875
0 0.45234375 0.1671875 0.02578125 0.02890625
0 0.475 0.1640625 0.01171875 0.02734375
0 0.484375 0.246875 0.0265625 0.05390625
0 0.4421875 0.19453125 0.01484375 0.03359375
0 0.40234375 0.19453125 0.02421875 0.03359375
0 0.37421875 0.20625 0.0125 0.040625
0 0.3625 0.209375 0.01953125 0.0515625
0 0.41015625 0.23671875 0.02109375 0.0453125
0 0.4421875 0.30234375 0.028125 0.0625
0 0.384375 0.2671875 0.02734375 0.04765625
0 0.34296875 0.23125 0.02421875 0.0484375
0 0.31796875 0.21015625 0.02421875 0.04375
0 0.290625 0.2375 0.0234375 0.03046875
0 0.284375 0.2734375 0.02734375 0.03515625
0 0.2359375 0.265625 0.01953125 0.040625
0 0.21953125 0.3296875 0.02578125 0.05078125