0 0.8359375 0.48359375 0.04375 0.071875
0 0.159375 0.42578125 0.028125 0.075
0 0.2015625 0.3921875 0.03203125 0.06953125
0 0.10234375 0.32421875 0.0265625 0.06875
0 0.17265625 0.315625 0.03515625 0.065625
0 0.23828125 0.3109375 0.02734375 0.0640625
0 0.25390625 0.25703125 0.02578125 0.05703125
0 0.34296875 0.26015625 0.03671875 0.05234375
0 0.3109375 0.225 0.025 0.0421875
0 0.3203125 0.18046875 0.02109375 0.040625
0 0.3453125 0.215625 0.025 0.03515625
0 0.38515625 0.20625 0.02265625 0.0453125
0 0.3984375 0.271875 0.03359375 0.05859375
0 0.4546875 0.26640625 0.025 0.05078125
0 0.3890625 0.321875 0.03125 0.0546875
0 0.46484375 0.29375 0.02734375 0.07109375
0 0.13984375 0.25234375 0.02421875 0.04296875
0 0.07578125 0.29296875 0.01796875 0.04296875
0 0.18671875 0.2484375 0.0171875 0.0375
0 0.22890625 0.21171875 0.01796875 0.03359375
0 0.27421875 0.1890625 0.0203125 0.04921875
0 0.28125 0.16796875 0.0171875 0.04453125
0 0.2828125 0.13359375 0.01484375 0.03984375
0 0.2578125 0.1203125 0.01171875 0.0375
0 0.24375 0.140625 0.01875 0.0265625
0 0.21796875 0.14921875 0.01953125 0.02421875
0 0.196875 0.16171875 0.009375 0.0296875
0 0.1796875 0.20859375 0.015625 0.04453125
0 0.1578125 0.18671875 0.0171875 0.03515625
0 0.1859375 0.1578125 0.01796875 0.03203125
0 0.12578125 0.2109375 0.01953125 0.06328125
0 0.0953125 0.21640625 0.01640625 0.05234375
0 0.078125 0.21796875 0.01640625 0.03203125
0 0.10859375 0.18828125 0.02265625 0.04453125
0 0.071875 0.15546875 0.02109375 0.0515625
0 0.0984375 0.140625 0.02109375 0.0421875
0 0.13828125 0.14609375 0.0140625 0.03203125
0 0.1625 0.12734375 0.01875 0.02578125
0 0.17265625 0.13828125 0.01484375 0.02421875
0 0.19609375 0.121875 0.0140625 0.03203125
0 0.21015625 0.12265625 0.01171875 0.02578125
0 0.31328125 0.1078125 0.015625 0.0453125
0 0.340625 0.10703125 0.01171875 0.0265625
0 0.353125 0.096875 0.0171875 0.03125
0 0.3625 0.13828125 0.015625 0.03359375
0 0.3390625 0.13671875 0.0171875 0.021875
0 0.38125 0.11796875 0.01015625 0.02265625
0 0.39375 0.1296875 0.015625 0.02734375
0 0.3921875 0.14921875 0.01875 0.0359375
0 0.3921875 0.10546875 0.009375 0.028125
0 0.41875 0.1 0.01484375 0.02265625
0 0.4203125 0.13203125 0.0203125 0.03828125
0 0.43359375 0.1609375 0.01796875 0.053125
0 0.43828125 0.1171875 0.0234375 0.03203125
0 0.46015625 0.16640625 0.02109375 0.04921875
0 0.484375 0.16484375 0.01484375 0.04453125
0 0.46953125 0.13671875 0.0125 0.0296875
0 0.4953125 0.13359375 0.01015625 0.02421875
0 0.5109375 0.12578125 0.0140625 0.03984375
0 0.50546875 0.15078125 0.01953125 0.04765625
0 0.528125 0.15625 0.01953125 0.034375
0 0.5203125 0.19921875 0.0203125 0.0546875
0 0.53046875 0.22890625 0.0171875 0.04140625
0 0.5453125 0.16484375 0.03203125 0.0234375
0 0.55625 0.18359375 0.01796875 0.03203125
0 0.575 0.16640625 0.01953125 0.0234375
0 0.55546875 0.2046875 0.025 0.034375
0 0.5953125 0.1921875 0.02421875 0.04296875
0 0.609375 0.28046875 0.02265625 0.0390625
0 0.59375 0.22734375 0.01796875 0.05078125
0 0.621875 0.246875 0.021875 0.05390625
0 0.6421875 0.2265625 0.0296875 0.028125
0 0.66796875 0.22421875 0.02734375 0.04375
0 0.7 0.23125 0.01953125 0.0359375
0 0.64296875 0.28671875 0.025 0.04296875
0 0.66796875 0.2703125 0.01875 0.046875
0 0.71796875 0.26953125 0.01796875 0.04296875