0 0.98515625 0.41796875 0.0296875 0.07265625
0 0.7703125 0.33203125 0.0203125 0.04765625
0 0.746875 0.36484375 0.021875 0.04296875
0 0.7140625 0.3671875 0.021875 0.04453125
0 0.7140625 0.29609375 0.0203125 0.04296875
0 0.6703125 0.3453125 0.02578125 0.05078125
0 0.6515625 0.290625 0.01875 0.034375
0 0.61796875 0.32265625 0.01640625 0.0359375
0 0.64765625 0.33125 0.01953125 0.04375
0 0.6015625 0.2953125 0.0171875 0.03125
0 0.61328125 0.25859375 0.0171875 0.0328125
0 0.6 0.2671875 0.01796875 0.03359375
0 0.58046875 0.25234375 0.01640625 0.03515625
0 0.5609375 0.25546875 0.0140625 0.0296875
0 0.5390625 0.29453125 0.01796875 0.0328125
0 0.51015625 0.31796875 0.02265625 0.040625
0 0.571875 0.3625 0.02265625 0.04375
0 0.6 0.328125 0.0234375 0.03984375
0 0.540625 0.2328125 0.0171875 0.0265625
0 0.540625 0.265625 0.01953125 0.028125
0 0.503125 0.2625 0.01640625 0.03203125
0 0.44765625 0.2875 0.01796875 0.03359375
0 0.546875 0.4015625 0.02890625 0.0609375
0 0.4765625 0.3484375 0.03203125 0.053125
0 0.46875 0.3984375 0.0328125 0.05859375
0 0.46953125 0.2421875 0.01953125 0.03359375
0 0.4890625 0.27421875 0.0140625 0.03828125
0 0.4546875 0.2265625 0.01484375 0.0328125
0 0.43671875 0.22109375 0.0171875 0.03125
0 0.43203125 0.26484375 0.01640625 0.03125
0 0.4125 0.221875 0.0171875 0.03203125
0 0.4015625 0.2046875 0.01484375 0.025
0 0.375 0.22265625 0.0140625 0.0234375
0 0.37890625 0.24296875 0.0171875 0.0265625
0 0.4140625 0.2515625 0.01640625 0.034375
0 0.490625 0.246875 0.01328125 0.0265625
0 0.3546875 0.2078125 0.01484375 0.0296875
0 0.3421875 0.22578125 0.015625 0.028125
0 0.31875 0.221875 0.01484375 0.02890625
0 0.340625 0.2625 0.0171875 0.0390625
0 0.31015625 0.25078125 0.01796875 0.034375
0 0.27578125 0.24375 0.0171875 0.03359375
0 0.290625 0.2828125 0.01640625 0.03359375
0 0.2625 0.2328125 0.015625 0.0296875
0 0.38203125 0.29765625 0.01875 0.03828125
0 0.4140625 0.31875 0.02109375 0.04296875
0 0.40234375 0.35390625 0.02734375 0.06015625
0 0.36015625 0.36171875 0.02734375 0.05703125
0 0.3671875 0.33359375 0.021875 0.03515625
0 0.33125 0.340625 0.02265625 0.0421875
0 0.3359375 0.315625 0.0203125 0.034375
0 0.4171875 0.43828125 0.0296875 0.0765625
0 0.37421875 0.44453125 0.03515625 0.07421875
0 0.3125 0.4734375 0.04296875 0.07890625
0 0.28046875 0.39921875 0.0328125 0.06015625
0 0.234375 0.41875 0.034375 0.06875
0 0.1765625 0.459375 0.0359375 0.0625
0 0.196875 0.5125 0.03203125 0.07109375
0 0.11015625 0.45625 0.03671875 0.0609375
0 0.15703125 0.3625 0.02578125 0.0546875
0 0.20859375 0.3578125 0.02734375 0.053125
0 0.2109375 0.328125 0.025 0.03203125
0 0.2015625 0.296875 0.0171875 0.0375
0 0.1453125 0.3328125 0.0203125 0.04140625
0 0.14140625 0.30390625 0.015625 0.0296875
0 0.10859375 0.31640625 0.01796875 0.0421875
0 0.08359375 0.3609375 0.02265625 0.059375
0 0.08984375 0.29296875 0.0140625 0.03046875
0 0.1265625 0.278125 0.015625 0.03671875
0 0.0921875 0.27109375 0.01875 0.02734375
0 0.14765625 0.2484375 0.01796875 0.0375
0 0.17890625 0.25 0.015625 0.03359375
0 0.16484375 0.275 0.0171875 0.0390625
0 0.20546875 0.259375 0.01875 0.03671875
0 0.228125 0.2390625 0.01484375 0.03359375
0 0.2421875 0.2375 0.01640625 0.02734375
0 0.246875 0.28359375 0.01796875 0.0390625
0 0.265625 0.2734375 0.01953125 0.03984375