0 0.69453125 0.1890625 0.02109375 0.04375
0 0.63125 0.2421875 0.0265625 0.0625
0 0.57265625 0.1390625 0.0203125 0.03359375
0 0.49296875 0.15 0.01796875 0.03515625
0 0.5 0.18828125 0.02109375 0.0421875
0 0.4796875 0.18828125 0.0171875 0.040625
0 0.409375 0.19921875 0.02265625 0.04375
0 0.45625 0.228125 0.0234375 0.04765625
0 0.43203125 0.2578125 0.02265625 0.059375
0 0.37109375 0.23203125 0.0265625 0.06015625
0 0.49453125 0.28984375 0.02890625 0.0515625
0 0.40078125 0.34375 0.03359375 0.05703125
0 0.1359375 0.2921875 0.0234375 0.05234375