0 0.92890625 0.565625 0.06875 0.13046875
0 0.1984375 0.54453125 0.0515625 0.07734375
0 0.0953125 0.4703125 0.0390625 0.08125
0 0.159375 0.4375 0.04140625 0.0625
0 0.21171875 0.41484375 0.03359375 0.06875
0 0.1921875 0.3796875 0.028125 0.053125
0 0.13984375 0.37421875 0.03203125 0.06796875
0 0.25546875 0.41171875 0.04140625 0.06171875
0 0.29375 0.49375 0.040625 0.08984375
0 0.0625 0.36953125 0.028125 0.04609375
0 0.0796875 0.33359375 0.02265625 0.04765625
0 0.11015625 0.325 0.0234375 0.0390625
0 0.16015625 0.31953125 0.02109375 0.0453125
0 0.18046875 0.33515625 0.02265625 0.04609375
0 0.20546875 0.30703125 0.0203125 0.04140625
0 0.1109375 0.2859375 0.01796875 0.0390625
0 0.0671875 0.26796875 0.0203125 0.03125
0 0.0703125 0.309375 0.01953125 0.034375
0 0.13125 0.25390625 0.01953125 0.02734375
0 0.14296875 0.275 0.01796875 0.0375
0 0.15546875 0.28671875 0.01796875 0.0328125
0 0.1625 0.2609375 0.01640625 0.02890625
0 0.178125 0.2765625 0.01875 0.034375
0 0.20078125 0.26328125 0.0171875 0.02421875
0 0.2234375 0.23359375 0.0203125 0.02890625
0 0.22890625 0.27109375 0.0234375 0.04296875
0 0.2609375 0.24375 0.01953125 0.02578125
0 0.253125 0.2921875 0.021875 0.03984375
0 0.2703125 0.26796875 0.01796875 0.03671875
0 0.2796875 0.28828125 0.0203125 0.04375
0 0.2953125 0.26171875 0.01796875 0.03984375
0 0.3109375 0.353125 0.02578125 0.05078125
0 0.33671875 0.36484375 0.028125 0.05390625
0 0.3453125 0.33046875 0.02421875 0.04921875
0 0.3234375 0.26875 0.0234375 0.04375
0 0.325 0.234375 0.0203125 0.03359375
0 0.36015625 0.4625 0.034375 0.08046875
0 0.34609375 0.2296875 0.0203125 0.0421875
0 0.3625 0.2484375 0.01875 0.040625
0 0.36796875 0.3015625 0.02109375 0.04453125
0 0.4 0.32109375 0.025 0.05390625
0 0.43828125 0.35078125 0.025 0.05625
0 0.421875 0.434375 0.03515625 0.08125
0 0.4578125 0.40390625 0.0296875 0.06484375
0 0.3890625 0.209375 0.01484375 0.034375
0 0.39921875 0.2265625 0.015625 0.02890625
0 0.39609375 0.2546875 0.01953125 0.03203125
0 0.42265625 0.225 0.0171875 0.0234375
0 0.4421875 0.22265625 0.0140625 0.034375
0 0.41875 0.25859375 0.0203125 0.03359375
0 0.45078125 0.2484375 0.01484375 0.0296875
0 0.4453125 0.28515625 0.021875 0.0359375
0 0.48828125 0.325 0.02265625 0.05078125
0 0.47265625 0.271875 0.01875 0.040625
0 0.49609375 0.26328125 0.0203125 0.04375
0 0.534375 0.4171875 0.034375 0.06015625
0 0.54765625 0.3484375 0.0234375 0.03984375
0 0.52265625 0.27109375 0.01796875 0.0359375
0 0.525 0.24140625 0.01796875 0.03046875
0 0.54453125 0.24921875 0.01796875 0.03515625
0 0.5640625 0.278125 0.015625 0.034375
0 0.575 0.2515625 0.01953125 0.03515625
0 0.559375 0.31171875 0.02109375 0.0390625
0 0.53515625 0.31875 0.02265625 0.04140625
0 0.5875 0.3 0.01953125 0.03203125
0 0.5859375 0.346875 0.0296875 0.04765625
0 0.60859375 0.32421875 0.01875 0.04453125
0 0.60546875 0.275 0.0203125 0.04140625
0 0.6421875 0.29921875 0.01875 0.0390625
0 0.64921875 0.3328125 0.021875 0.0375
0 0.66484375 0.3703125 0.02421875 0.053125
0 0.71015625 0.3078125 0.02421875 0.04296875
0 0.7109375 0.37109375 0.0234375 0.04765625
0 0.7453125 0.3703125 0.03046875 0.04453125
0 0.77734375 0.35 0.021875 0.03671875