0 0.5328125 0.1921875 0.01953125 0.040625
0 0.5953125 0.159375 0.01953125 0.03359375
0 0.58203125 0.3078125 0.04609375 0.0859375
0 0.665625 0.253125 0.0296875 0.04609375
0 0.625 0.20390625 0.02734375 0.04140625
0 0.821875 0.2578125 0.03046875 0.04296875
0 0.9171875 0.40859375 0.03359375 0.06171875
0 0.81171875 0.39140625 0.03359375 0.065625
0 0.746875 0.35078125 0.03515625 0.0625
0 0.7484375 0.278125 0.02578125 0.0578125
0 0.7109375 0.1984375 0.0171875 0.0375
0 0.6765625 0.209375 0.02109375 0.04375
0 0.753125 0.1953125 0.01875 0.04296875
0 0.6734375 0.17578125 0.01796875 0.0390625