0 0.34453125 0.21640625 0.02109375 0.0421875
0 0.34140625 0.259375 0.02578125 0.0625
0 0.40234375 0.25546875 0.02734375 0.05
0 0.4171875 0.228125 0.01953125 0.0515625
0 0.44296875 0.23125 0.02265625 0.05859375
0 0.48984375 0.2265625 0.0234375 0.05234375
0 0.48203125 0.1296875 0.0140625 0.0375
0 0.509375 0.12890625 0.0171875 0.034375
0 0.52578125 0.1375 0.0203125 0.04140625
0 0.51171875 0.178125 0.0203125 0.0421875
0 0.54609375 0.20703125 0.02265625 0.0453125
0 0.5875 0.17890625 0.02265625 0.0421875
0 0.58125 0.12109375 0.0171875 0.034375
0 0.60703125 0.13125 0.01953125 0.034375
0 0.63046875 0.140625 0.01953125 0.0421875
0 0.6765625 0.19453125 0.025 0.0390625
0 0.73359375 0.0734375 0.01796875 0.034375
0 0.7453125 0.07734375 0.015625 0.028125
0 0.7359375 0.184375 0.0234375 0.046875
0 0.85234375 0.19765625 0.01953125 0.03984375
0 0.89375 0.21875 0.021875 0.040625
0 0.93515625 0.246875 0.0203125 0.03359375
0 0.93828125 0.28203125 0.028125 0.04921875
0 0.84375 0.23515625 0.01953125 0.04375
0 0.871875 0.28828125 0.028125 0.04765625
0 0.921875 0.35859375 0.03359375 0.06875
0 0.85859375 0.3265625 0.03046875 0.06171875
0 0.8125 0.2796875 0.0328125 0.06171875
0 0.765625 0.275 0.025 0.05078125
0 0.7328125 0.29609375 0.0296875 0.06875
0 0.6765625 0.2875 0.0296875 0.05703125
0 0.6453125 0.253125 0.02890625 0.06015625
0 0.58203125 0.2578125 0.03125 0.059375