0 0.88046875 0.5375 0.05 0.13125
0 0.78125 0.284375 0.02109375 0.05625
0 0.75859375 0.28984375 0.025 0.06171875
0 0.709375 0.234375 0.021875 0.04921875
0 0.68984375 0.23828125 0.01875 0.04921875
0 0.67890625 0.209375 0.02109375 0.05078125
0 0.6546875 0.22578125 0.0234375 0.0578125
0 0.61640625 0.259375 0.02109375 0.0609375
0 0.6390625 0.2125 0.01875 0.04921875
0 0.62421875 0.2015625 0.01875 0.04453125
0 0.5984375 0.190625 0.01796875 0.046875
0 0.58671875 0.23125 0.02109375 0.04375
0 0.55859375 0.3046875 0.02578125 0.06640625
0 0.5578125 0.19609375 0.01640625 0.04453125
0 0.51875 0.24296875 0.02421875 0.05859375
0 0.5484375 0.16484375 0.0140625 0.04453125
0 0.5359375 0.175 0.0171875 0.04453125
0 0.525 0.16015625 0.01484375 0.04140625
0 0.5109375 0.17734375 0.01875 0.05078125
0 0.4953125 0.15546875 0.02109375 0.046875
0 0.49296875 0.21015625 0.0234375 0.05390625
0 0.47109375 0.1734375 0.01953125 0.04921875
0 0.46015625 0.1640625 0.0171875 0.04375
0 0.4375 0.15546875 0.02109375 0.04609375
0 0.43984375 0.21484375 0.0265625 0.04921875
0 0.41328125 0.20859375 0.021875 0.06328125
0 0.396875 0.21796875 0.0234375 0.05390625
0 0.38046875 0.18359375 0.02109375 0.0515625
0 0.39453125 0.134375 0.01640625 0.04140625
0 0.41328125 0.14453125 0.02109375 0.04140625
0 0.36015625 0.13203125 0.0203125 0.0421875
0 0.3375 0.15390625 0.01875 0.03828125
0 0.32734375 0.14921875 0.0140625 0.03828125
0 0.3015625 0.13984375 0.01640625 0.03828125
0 0.28203125 0.1609375 0.015625 0.04140625
0 0.334375 0.18203125 0.01875 0.04453125
0 0.37734375 0.2921875 0.03046875 0.06171875
0 0.41328125 0.328125 0.0296875 0.06796875
0 0.37890625 0.35546875 0.0296875 0.06875
0 0.3375 0.3921875 0.03203125 0.0734375
0 0.2703125 0.3953125 0.034375 0.0796875
0 0.2 0.4375 0.03828125 0.090625
0 0.3328125 0.2453125 0.0265625 0.05859375
0 0.29609375 0.21328125 0.02109375 0.05625
0 0.27109375 0.26015625 0.02578125 0.05546875
0 0.25078125 0.2265625 0.02109375 0.053125
0 0.240625 0.20078125 0.01875 0.04453125
0 0.2265625 0.18828125 0.01484375 0.040625
0 0.21875 0.209375 0.01875 0.04140625
0 0.1890625 0.190625 0.01875 0.0484375
0 0.24140625 0.290625 0.02734375 0.0609375
0 0.2 0.23828125 0.01875 0.04453125
0 0.178125 0.228125 0.0203125 0.0515625
0 0.16171875 0.2109375 0.01875 0.0421875
0 0.1328125 0.23359375 0.02109375 0.0484375
0 0.12109375 0.22421875 0.01640625 0.04375
0 0.08828125 0.23125 0.02109375 0.04375
0 0.05234375 0.24140625 0.0203125 0.0484375
0 0.01484375 0.25859375 0.0203125 0.053125
0 0.06640625 0.26796875 0.01796875 0.06015625
0 0.09453125 0.25546875 0.01953125 0.04609375
0 0.1921875 0.3015625 0.02734375 0.06796875
0 0.13671875 0.3328125 0.021875 0.05859375
0 0.1265625 0.296875 0.021875 0.05078125
0 0.1109375 0.29140625 0.02421875 0.05390625
0 0.071875 0.32421875 0.0265625 0.06015625
0 0.02578125 0.31484375 0.02265625 0.04140625
0 0.025 0.35234375 0.02421875 0.05859375
0 0.05 0.3734375 0.028125 0.06875
0 0.0390625 0.4515625 0.028125 0.07734375
0 0.1390625 0.49921875 0.03515625 0.0828125