0 0.18984375 0.328125 0.05625 0.1140625
0 0.39140625 0.2328125 0.01875 0.040625
0 0.45078125 0.23984375 0.021875 0.04921875
0 0.48046875 0.21640625 0.0234375 0.05390625
0 0.37890625 0.18828125 0.01875 0.04296875
0 0.40078125 0.1921875 0.01875 0.0390625
0 0.4015625 0.15703125 0.01953125 0.0421875
0 0.434375 0.1359375 0.01796875 0.0328125
0 0.4328125 0.19609375 0.01953125 0.04296875
0 0.45703125 0.16328125 0.021875 0.0453125
0 0.478125 0.17265625 0.01875 0.03984375
0 0.50703125 0.18984375 0.0203125 0.0390625
0 0.54140625 0.1890625 0.021875 0.04296875
0 0.590625 0.1546875 0.0203125 0.04453125
0 0.553125 0.15390625 0.015625 0.034375
0 0.5421875 0.14453125 0.0171875 0.0390625
0 0.48984375 0.12890625 0.015625 0.03046875
0 0.58046875 0.12890625 0.01484375 0.0375
0 0.5015625 0.10703125 0.0125 0.028125
0 0.546875 0.12109375 0.01328125 0.028125
0 0.590625 0.08984375 0.0171875 0.0328125
0 0.615625 0.08984375 0.01328125 0.02578125
0 0.61171875 0.11953125 0.015625 0.03359375
0 0.6296875 0.10546875 0.015625 0.028125
0 0.62578125 0.134375 0.01796875 0.0328125
0 0.6640625 0.0875 0.01875 0.034375
0 0.6921875 0.10390625 0.015625 0.02734375
0 0.66875 0.121875 0.0171875 0.03359375
0 0.6421875 0.21015625 0.02109375 0.03984375
0 0.5640625 0.26875 0.0265625 0.0546875
0 0.6265625 0.28828125 0.0265625 0.06328125
0 0.6125 0.246875 0.0265625 0.0578125
0 0.696875 0.3125 0.02890625 0.07265625
0 0.7296875 0.26953125 0.0328125 0.05859375
0 0.696875 0.15078125 0.01875 0.03828125
0 0.7078125 0.1046875 0.0171875 0.03203125
0 0.74609375 0.11875 0.015625 0.03046875
0 0.71953125 0.1796875 0.0234375 0.046875
0 0.7359375 0.16875 0.015625 0.03515625
0 0.71875 0.146875 0.0171875 0.03671875
0 0.7515625 0.19375 0.02421875 0.04453125
0 0.7578125 0.2359375 0.02421875 0.053125
0 0.7828125 0.17890625 0.0171875 0.0375
0 0.76796875 0.1515625 0.015625 0.03359375
0 0.78359375 0.12421875 0.01484375 0.03203125
0 0.7890625 0.15546875 0.01796875 0.03828125
0 0.84453125 0.146875 0.015625 0.0375
0 0.82890625 0.17109375 0.01640625 0.0375
0 0.86171875 0.18125 0.01953125 0.03828125
0 0.88046875 0.1703125 0.0171875 0.04296875
0 0.90234375 0.190625 0.0203125 0.03984375
0 0.940625 0.14921875 0.01796875 0.03515625
0 0.96171875 0.19765625 0.0171875 0.04296875
0 0.94296875 0.17890625 0.015625 0.040625
0 0.9328125 0.24296875 0.015625 0.040625
0 0.8890625 0.25859375 0.0234375 0.05703125
0 0.8421875 0.2234375 0.0234375 0.05
0 0.89765625 0.22265625 0.02109375 0.0453125
0 0.9296875 0.3046875 0.0296875 0.05625
0 0.8375 0.3234375 0.03125 0.0671875
0 0.7953125 0.26875 0.02734375 0.0546875
0 0.7890625 0.21796875 0.0203125 0.04375
0 0.66875 0.19375 0.02578125 0.04453125
0 0.46875 0.13046875 0.015625 0.03359375