0 0.1640625 0.48359375 0.04375 0.071875
0 0.840625 0.42578125 0.028125 0.075
0 0.7984375 0.3921875 0.03203125 0.06953125
0 0.89765625 0.32421875 0.0265625 0.06875
0 0.82734375 0.315625 0.03515625 0.065625
0 0.76171875 0.3109375 0.02734375 0.0640625
0 0.74609375 0.25703125 0.02578125 0.05703125
0 0.65703125 0.26015625 0.03671875 0.05234375
0 0.6890625 0.225 0.025 0.0421875
0 0.6796875 0.18046875 0.02109375 0.040625
0 0.6546875 0.215625 0.025 0.03515625
0 0.61484375 0.20625 0.02265625 0.0453125
0 0.6015625 0.271875 0.03359375 0.05859375
0 0.5453125 0.26640625 0.025 0.05078125
0 0.6109375 0.321875 0.03125 0.0546875
0 0.53515625 0.29375 0.02734375 0.07109375
0 0.86015625 0.25234375 0.02421875 0.04296875
0 0.92421875 0.29296875 0.01796875 0.04296875
0 0.81328125 0.2484375 0.0171875 0.0375
0 0.77109375 0.21171875 0.01796875 0.03359375
0 0.72578125 0.1890625 0.0203125 0.04921875
0 0.71875 0.16796875 0.0171875 0.04453125
0 0.7171875 0.13359375 0.01484375 0.03984375
0 0.7421875 0.1203125 0.01171875 0.0375
0 0.75625 0.140625 0.01875 0.0265625
0 0.78203125 0.14921875 0.01953125 0.02421875
0 0.803125 0.16171875 0.009375 0.0296875
0 0.8203125 0.20859375 0.015625 0.04453125
0 0.8421875 0.18671875 0.0171875 0.03515625
0 0.8140625 0.1578125 0.01796875 0.03203125
0 0.87421875 0.2109375 0.01953125 0.06328125
0 0.9046875 0.21640625 0.01640625 0.05234375
0 0.921875 0.21796875 0.01640625 0.03203125
0 0.89140625 0.18828125 0.02265625 0.04453125
0 0.928125 0.15546875 0.02109375 0.0515625
0 0.9015625 0.140625 0.02109375 0.0421875
0 0.86171875 0.14609375 0.0140625 0.03203125
0 0.8375 0.12734375 0.01875 0.02578125
0 0.82734375 0.13828125 0.01484375 0.02421875
0 0.80390625 0.121875 0.0140625 0.03203125
0 0.78984375 0.12265625 0.01171875 0.02578125
0 0.68671875 0.1078125 0.015625 0.0453125
0 0.659375 0.10703125 0.01171875 0.0265625
0 0.646875 0.096875 0.0171875 0.03125
0 0.6375 0.13828125 0.015625 0.03359375
0 0.6609375 0.13671875 0.0171875 0.021875
0 0.61875 0.11796875 0.01015625 0.02265625
0 0.60625 0.1296875 0.015625 0.02734375
0 0.6078125 0.14921875 0.01875 0.0359375
0 0.6078125 0.10546875 0.009375 0.028125
0 0.58125 0.1 0.01484375 0.02265625
0 0.5796875 0.13203125 0.0203125 0.03828125
0 0.56640625 0.1609375 0.01796875 0.053125
0 0.56171875 0.1171875 0.0234375 0.03203125
0 0.53984375 0.16640625 0.02109375 0.04921875
0 0.515625 0.16484375 0.01484375 0.04453125
0 0.53046875 0.13671875 0.0125 0.0296875
0 0.5046875 0.13359375 0.01015625 0.02421875
0 0.4890625 0.12578125 0.0140625 0.03984375
0 0.49453125 0.15078125 0.01953125 0.04765625
0 0.471875 0.15625 0.01953125 0.034375
0 0.4796875 0.19921875 0.0203125 0.0546875
0 0.46953125 0.22890625 0.0171875 0.04140625
0 0.4546875 0.16484375 0.03203125 0.0234375
0 0.44375 0.18359375 0.01796875 0.03203125
0 0.425 0.16640625 0.01953125 0.0234375
0 0.44453125 0.2046875 0.025 0.034375
0 0.4046875 0.1921875 0.02421875 0.04296875
0 0.390625 0.28046875 0.02265625 0.0390625
0 0.40625 0.22734375 0.01796875 0.05078125
0 0.378125 0.246875 0.021875 0.05390625
0 0.3578125 0.2265625 0.0296875 0.028125
0 0.33203125 0.22421875 0.02734375 0.04375
0 0.3 0.23125 0.01953125 0.0359375
0 0.35703125 0.28671875 0.025 0.04296875
0 0.33203125 0.2703125 0.01875 0.046875
0 0.28203125 0.26953125 0.01796875 0.04296875