0 0.07890625 0.44765625 0.04609375 0.11953125
0 0.80703125 0.28828125 0.025 0.06171875
0 0.9 0.3328125 0.0265625 0.06484375
0 0.94609375 0.16328125 0.015625 0.0296875
0 0.90234375 0.19921875 0.0171875 0.0328125
0 0.94765625 0.2015625 0.01875 0.03046875
0 0.89296875 0.24140625 0.02265625 0.0484375
0 0.92109375 0.234375 0.02109375 0.034375
0 0.9171875 0.28125 0.02421875 0.053125
0 0.90234375 0.2015625 0.015625 0.040625
0 0.73515625 0.146875 0.01953125 0.040625
0 0.70078125 0.196875 0.02265625 0.0453125
0 0.6671875 0.2296875 0.0234375 0.0484375
0 0.6390625 0.2234375 0.025 0.04765625
0 0.65859375 0.11015625 0.01875 0.02890625
0 0.621875 0.115625 0.01953125 0.0328125
0 0.5859375 0.1046875 0.02109375 0.02578125
0 0.596875 0.23046875 0.02265625 0.03828125
0 0.56015625 0.178125 0.021875 0.0390625
0 0.53671875 0.15703125 0.01875 0.03671875
0 0.49375 0.15859375 0.015625 0.03828125
0 0.46875 0.15 0.015625 0.0328125
0 0.453125 0.146875 0.01875 0.03125
0 0.47265625 0.19140625 0.01796875 0.03359375
0 0.41875 0.1578125 0.01953125 0.0265625
0 0.44453125 0.2140625 0.0234375 0.04140625
0 0.41328125 0.196875 0.01875 0.0296875
0 0.38828125 0.20078125 0.01875 0.03828125
0 0.334375 0.2203125 0.021875 0.04375
0 0.36875 0.21796875 0.0203125 0.040625
0 0.40546875 0.2359375 0.02578125 0.0359375
0 0.47265625 0.18984375 0.015625 0.0390625