0 0.0296875 0.39453125 0.0375 0.0765625
0 0.2578125 0.271875 0.01640625 0.03984375
0 0.28359375 0.26328125 0.02265625 0.03984375
0 0.3109375 0.2890625 0.025 0.05
0 0.346875 0.275 0.025 0.05546875
0 0.40703125 0.28828125 0.02578125 0.05
0 0.321875 0.24921875 0.02265625 0.046875
0 0.3515625 0.22421875 0.01953125 0.04453125
0 0.37734375 0.22421875 0.025 0.04609375
0 0.41875 0.2203125 0.02109375 0.0390625
0 0.39921875 0.2125 0.015625 0.0421875
0 0.46953125 0.23125 0.02578125 0.0484375
0 0.46484375 0.1921875 0.015625 0.02734375
0 0.46875 0.1921875 0.0234375 0.04140625
0 0.43828125 0.20234375 0.0203125 0.046875
0 0.496875 0.29375 0.0296875 0.06953125
0 0.45546875 0.1703125 0.01875 0.03515625
0 0.48125 0.16484375 0.01484375 0.03125
0 0.50546875 0.20078125 0.0203125 0.04296875
0 0.490625 0.128125 0.0140625 0.0265625
0 0.5421875 0.16484375 0.015625 0.03671875
0 0.5671875 0.1640625 0.01796875 0.040625
0 0.60234375 0.20703125 0.0203125 0.04296875
0 0.55 0.30625 0.0296875 0.071875
0 0.5734375 0.2375 0.0234375 0.05546875
0 0.609375 0.2546875 0.03125 0.06171875
0 0.57109375 0.109375 0.01328125 0.03046875
0 0.61640625 0.153125 0.01796875 0.04453125
0 0.61484375 0.11953125 0.01484375 0.03046875
0 0.65625 0.1109375 0.01484375 0.03671875
0 0.64296875 0.103125 0.0140625 0.04140625
0 0.67578125 0.11953125 0.01640625 0.03515625
0 0.6078125 0.3296875 0.02890625 0.07578125
0 0.68125 0.340625 0.0328125 0.0671875
0 0.6625 0.25703125 0.02578125 0.05625
0 0.6640625 0.209375 0.0234375 0.05234375
0 0.6609375 0.1796875 0.02109375 0.04296875
0 0.68984375 0.16015625 0.02265625 0.04296875
0 0.70703125 0.09296875 0.01640625 0.03671875
0 0.7109375 0.140625 0.01640625 0.03828125
0 0.7046875 0.18828125 0.01796875 0.04375
0 0.7125 0.21875 0.01953125 0.04765625
0 0.7109375 0.2859375 0.02734375 0.0671875
0 0.78359375 0.29140625 0.02734375 0.0703125
0 0.76328125 0.23046875 0.02734375 0.06015625
0 0.7546875 0.18828125 0.01796875 0.0421875
0 0.73828125 0.15625 0.01953125 0.04375
0 0.74296875 0.1109375 0.0140625 0.03203125
0 0.7546875 0.1078125 0.0140625 0.03203125
0 0.78984375 0.11328125 0.0125 0.03515625
0 0.75390625 0.13671875 0.0171875 0.04140625
0 0.77265625 0.13359375 0.01640625 0.03359375
0 0.77578125 0.16640625 0.021875 0.0421875
0 0.81015625 0.14140625 0.0140625 0.03125
0 0.82578125 0.12109375 0.0125 0.034375
0 0.83828125 0.13984375 0.015625 0.03125
0 0.8046875 0.18828125 0.02265625 0.04609375
0 0.82109375 0.1671875 0.0140625 0.0375
0 0.83671875 0.1875 0.01484375 0.03359375
0 0.85859375 0.15 0.01640625 0.03828125
0 0.853125 0.1890625 0.021875 0.04921875
0 0.871875 0.21875 0.02421875 0.0546875
0 0.90703125 0.12890625 0.015625 0.03515625
0 0.8734375 0.15625 0.01484375 0.0359375
0 0.88515625 0.1953125 0.02265625 0.0421875
0 0.9265625 0.28203125 0.0265625 0.0640625
0 0.94296875 0.1546875 0.01484375 0.02890625
0 0.93359375 0.18203125 0.01796875 0.04375
0 0.896875 0.171875 0.021875 0.03671875
0 0.5921875 0.153125 0.01953125 0.03828125
0 0.5875 0.1296875 0.01484375 0.03515625
0 0.8765625 0.13359375 0.01875 0.0359375