0 0.46953125 0.26640625 0.0234375 0.0515625
0 0.68984375 0.228125 0.02265625 0.0453125
0 0.80078125 0.35625 0.0390625 0.08828125
0 0.67109375 0.1984375 0.01875 0.03984375
0 0.65 0.2 0.021875 0.0390625
0 0.5859375 0.19453125 0.01875 0.04765625
0 0.55390625 0.20078125 0.02421875 0.0515625
0 0.5203125 0.21953125 0.0296875 0.04921875
0 0.409375 0.2859375 0.02578125 0.05859375
0 0.46953125 0.26953125 0.0234375 0.06171875
0 0.371875 0.29296875 0.0421875 0.05703125
0 0.3078125 0.309375 0.03203125 0.0734375
0 0.23203125 0.378125 0.0296875 0.07421875
0 0.171875 0.365625 0.0359375 0.07890625
0 0.0890625 0.39375 0.0296875 0.08515625
0 0.075 0.32578125 0.02734375 0.0515625
0 0.15078125 0.31796875 0.03046875 0.0734375
0 0.209375 0.29140625 0.02734375 0.06640625
0 0.1421875 0.25859375 0.021875 0.05703125
0 0.54453125 0.153125 0.02109375 0.03828125
0 0.575 0.153125 0.01875 0.03125
0 0.52421875 0.12734375 0.01640625 0.028125
0 0.496875 0.13203125 0.01953125 0.02109375
0 0.48515625 0.11171875 0.01171875 0.0296875
0 0.46640625 0.1203125 0.0109375 0.02578125
0 0.41484375 0.10859375 0.01640625 0.03203125
0 0.45234375 0.1234375 0.01484375 0.02890625
0 0.4265625 0.13515625 0.02109375 0.028125
0 0.46640625 0.15 0.0234375 0.028125
0 0.434375 0.1828125 0.0203125 0.028125
0 0.43828125 0.1484375 0.01953125 0.034375
0 0.41171875 0.16875 0.01875 0.03359375
0 0.40546875 0.234375 0.0328125 0.03359375
0 0.36640625 0.20078125 0.02421875 0.040625
0 0.3296875 0.21328125 0.021875 0.05234375
0 0.28359375 0.25390625 0.0265625 0.04765625
0 0.340625 0.2703125 0.02109375 0.05234375
0 0.3640625 0.24140625 0.025 0.04296875
0 0.396875 0.1390625 0.0125 0.03046875
0 0.36796875 0.14765625 0.025 0.0359375
0 0.3859375 0.11875 0.009375 0.028125
0 0.3734375 0.1015625 0.0171875 0.04296875
0 0.3546875 0.11484375 0.01328125 0.0328125
0 0.33984375 0.10546875 0.02265625 0.034375
0 0.30625 0.1265625 0.015625 0.0265625
0 0.2546875 0.12890625 0.01875 0.03125
0 0.234375 0.134375 0.01796875 0.0296875
0 0.2234375 0.13046875 0.01953125 0.03046875
0 0.14453125 0.14765625 0.0171875 0.0328125
0 0.1203125 0.1515625 0.0171875 0.03515625
0 0.08125 0.16328125 0.0171875 0.01796875
0 0.06171875 0.178125 0.02578125 0.02421875
0 0.084375 0.17265625 0.009375 0.0328125
0 0.0578125 0.20703125 0.01796875 0.03984375
0 0.0859375 0.23359375 0.01875 0.0515625
0 0.0625 0.2703125 0.01953125 0.05234375
0 0.1171875 0.23046875 0.021875 0.05078125
0 0.134375 0.1859375 0.01953125 0.03515625
0 0.16875 0.16796875 0.02890625 0.028125
0 0.25625 0.1625 0.01796875 0.0328125
0 0.2859375 0.18671875 0.03203125 0.04921875
0 0.33203125 0.17890625 0.0171875 0.05859375
0 0.16875 0.21328125 0.02734375 0.0359375
0 0.20546875 0.20234375 0.0234375 0.0421875
0 0.209375 0.1703125 0.01875 0.03671875