0 0.5515625 0.25703125 0.04921875 0.078125
0 0.4609375 0.196875 0.02890625 0.05
0 0.39765625 0.159375 0.021875 0.0453125
0 0.37890625 0.20390625 0.0296875 0.059375
0 0.33671875 0.20078125 0.01875 0.04296875
0 0.31875 0.2109375 0.02265625 0.046875
0 0.31875 0.25703125 0.028125 0.059375
0 0.2921875 0.2078125 0.02265625 0.05234375
0 0.25078125 0.22265625 0.03046875 0.05078125
0 0.26484375 0.28515625 0.03046875 0.06484375
0 0.21875 0.24765625 0.02578125 0.06484375
0 0.1765625 0.23359375 0.02734375 0.06796875
0 0.25859375 0.35625 0.0375 0.0765625
0 0.19453125 0.3859375 0.0328125 0.0890625
0 0.08359375 0.39609375 0.03671875 0.090625