0 0.24921875 0.165625 0.01953125 0.0359375
0 0.30703125 0.23359375 0.02109375 0.04921875
0 0.421875 0.25625 0.01953125 0.04921875
0 0.4109375 0.21015625 0.025 0.04375
0 0.4453125 0.2359375 0.02578125 0.05234375
0 0.44296875 0.1890625 0.0234375 0.05390625
0 0.4828125 0.18359375 0.0203125 0.046875
0 0.45625 0.1421875 0.01640625 0.03984375
0 0.54609375 0.16875 0.02421875 0.04375
0 0.5609375 0.190625 0.025 0.0484375
0 0.6328125 0.12421875 0.01796875 0.04296875
0 0.67578125 0.1671875 0.02734375 0.05
0 0.62734375 0.22265625 0.028125 0.05390625
0 0.66953125 0.2234375 0.02578125 0.0515625
0 0.7359375 0.221875 0.02734375 0.06484375
0 0.66328125 0.296875 0.02734375 0.06796875
0 0.6234375 0.31484375 0.03671875 0.0828125
0 0.6890625 0.32109375 0.0375 0.08515625
0 0.82734375 0.2546875 0.0296875 0.05703125
0 0.87109375 0.2671875 0.03125 0.06328125
0 0.93203125 0.25 0.02734375 0.05703125