0 0.03515625 0.29375 0.0203125 0.0453125
0 0.90625 0.33828125 0.03515625 0.06015625
0 0.91640625 0.29375 0.01796875 0.046875
0 0.91953125 0.23515625 0.0265625 0.046875
0 0.92578125 0.19375 0.01640625 0.03671875
0 0.9359375 0.19765625 0.0171875 0.03671875
0 0.94296875 0.11640625 0.0203125 0.05078125
0 0.9015625 0.1734375 0.01796875 0.03984375
0 0.88671875 0.2015625 0.01796875 0.01875
0 0.88515625 0.22890625 0.02265625 0.03671875
0 0.85 0.20078125 0.01796875 0.0375
0 0.86953125 0.1609375 0.0171875 0.05
0 0.7890625 0.296875 0.02578125 0.053125
0 0.72578125 0.221875 0.025 0.0546875
0 0.73125 0.16640625 0.01484375 0.03671875
0 0.73203125 0.1421875 0.01328125 0.0234375
0 0.69765625 0.16015625 0.01875 0.04296875
0 0.6625 0.2359375 0.0328125 0.05234375
0 0.6234375 0.22890625 0.0359375 0.06640625
0 0.5890625 0.221875 0.01484375 0.04375
0 0.60625 0.125 0.01953125 0.04296875
0 0.6546875 0.1 0.0140625 0.0328125
0 0.64296875 0.10546875 0.0125 0.0328125
0 0.6140625 0.103125 0.00859375 0.021875
0 0.58125 0.04453125 0.0125 0.02578125
0 0.55859375 0.17265625 0.02578125 0.0515625
0 0.4890625 0.159375 0.01640625 0.0296875
0 0.48203125 0.1296875 0.01875 0.025
0 0.4625 0.14453125 0.015625 0.021875
0 0.4671875 0.1828125 0.01640625 0.0390625
0 0.446875 0.13828125 0.01640625 0.028125
0 0.41953125 0.14765625 0.0171875 0.02578125
0 0.43828125 0.20390625 0.02421875 0.04375
0 0.40703125 0.23125 0.028125 0.03515625
0 0.38359375 0.20390625 0.01875 0.0328125
0 0.3640625 0.22421875 0.021875 0.04921875
0 0.3359375 0.21015625 0.01875 0.03984375
0 0.31328125 0.26015625 0.01328125 0.04453125
0 0.2859375 0.2203125 0.021875 0.028125
0 0.2296875 0.16953125 0.02421875 0.02578125