0 0.084375 0.33671875 0.02421875 0.04921875
0 0.06171875 0.32109375 0.0171875 0.05
0 0.16875 0.471875 0.04765625 0.07265625
0 0.31953125 0.25859375 0.02890625 0.0375
0 0.3578125 0.259375 0.0265625 0.06640625
0 0.41640625 0.2234375 0.03125 0.04140625
0 0.44375 0.2328125 0.0140625 0.04140625
0 0.4765625 0.31171875 0.03515625 0.06484375
0 0.5359375 0.36328125 0.02421875 0.0703125
0 0.8765625 0.21640625 0.01640625 0.059375
0 0.73984375 0.1578125 0.0234375 0.03046875
0 0.70859375 0.14609375 0.02109375 0.05390625