0 0.25234375 0.228125 0.02265625 0.04921875
0 0.31328125 0.1734375 0.034375 0.0453125
0 0.38671875 0.2296875 0.02109375 0.04296875
0 0.44765625 0.25703125 0.02734375 0.04453125
0 0.47265625 0.22265625 0.01875 0.04921875
0 0.45703125 0.20390625 0.015625 0.03125
0 0.4234375 0.21875 0.02109375 0.05
0 0.40859375 0.19140625 0.0171875 0.0328125
0 0.38046875 0.178125 0.0140625 0.0296875
0 0.415625 0.13046875 0.0171875 0.04921875
0 0.384375 0.1140625 0.01328125 0.03984375
0 0.3921875 0.0828125 0.01484375 0.0171875
0 0.46171875 0.13359375 0.01953125 0.03828125
0 0.44921875 0.10390625 0.015625 0.03203125
0 0.421875 0.10546875 0.02109375 0.03125
0 0.50859375 0.1734375 0.02109375 0.03203125
0 0.55078125 0.203125 0.01875 0.05234375
0 0.56640625 0.1578125 0.01640625 0.03125
0 0.52734375 0.15078125 0.02265625 0.05625
0 0.4828125 0.11640625 0.01640625 0.05390625
0 0.5296875 0.09140625 0.0171875 0.034375
0 0.546875 0.1171875 0.0109375 0.02890625
0 0.5640625 0.103125 0.01875 0.04375
0 0.58671875 0.1078125 0.0109375 0.03046875
0 0.603125 0.1265625 0.01171875 0.03828125
0 0.6046875 0.09765625 0.0125 0.0328125
0 0.659375 0.10078125 0.01640625 0.0296875
0 0.63125 0.13828125 0.015625 0.034375
0 0.65390625 0.1359375 0.015625 0.04375
0 0.6796875 0.06484375 0.02578125 0.0359375
0 0.68515625 0.1125 0.0171875 0.05
0 0.70859375 0.115625 0.0125 0.03359375
0 0.55859375 0.27421875 0.0296875 0.03671875
0 0.61640625 0.3328125 0.03125 0.05546875
0 0.60390625 0.25078125 0.0171875 0.0625
0 0.6140625 0.215625 0.01875 0.034375
0 0.64453125 0.19140625 0.02578125 0.04921875
0 0.671875 0.17578125 0.0203125 0.04375
0 0.70625 0.1875 0.025 0.05390625
0 0.72578125 0.13984375 0.021875 0.03828125
0 0.74453125 0.09765625 0.01328125 0.040625
0 0.76640625 0.11328125 0.01640625 0.04453125
0 0.821875 0.0984375 0.01953125 0.05078125
0 0.8609375 0.1015625 0.02265625 0.040625
0 0.83359375 0.16640625 0.02421875 0.0296875
0 0.86015625 0.17578125 0.0140625 0.03046875
0 0.784375 0.209375 0.015625 0.02890625
0 0.7734375 0.23046875 0.0234375 0.04140625
0 0.740625 0.1859375 0.02109375 0.0484375
0 0.8015625 0.26015625 0.028125 0.05390625
0 0.840625 0.22109375 0.0265625 0.0421875
0 0.9140625 0.13984375 0.02734375 0.06171875
0 0.9671875 0.11875 0.00859375 0.02578125
0 0.97734375 0.14453125 0.0171875 0.04140625
0 0.95078125 0.17421875 0.0234375 0.0703125
0 0.9359375 0.19453125 0.0203125 0.0484375
0 0.971875 0.28359375 0.0421875 0.059375
0 0.9625 0.36953125 0.0328125 0.0625
0 0.88828125 0.18828125 0.025 0.046875