0 0.1015625 0.578125 0.04609375 0.0921875
0 0.1875 0.36171875 0.01796875 0.03984375
0 0.22578125 0.38125 0.0234375 0.05390625
0 0.25546875 0.39375 0.02890625 0.05703125
0 0.2921875 0.41484375 0.0234375 0.04375
0 0.25390625 0.3296875 0.0234375 0.046875
0 0.3265625 0.31328125 0.01875 0.0390625
0 0.365625 0.35 0.02265625 0.0421875
0 0.38828125 0.35625 0.02734375 0.06171875
0 0.37265625 0.27578125 0.02265625 0.034375
0 0.3875 0.29296875 0.02421875 0.03125
0 0.39609375 0.31328125 0.0234375 0.02890625
0 0.4109375 0.271875 0.01796875 0.03984375
0 0.4578125 0.23671875 0.015625 0.028125
0 0.43828125 0.27734375 0.01796875 0.0328125
0 0.45 0.25703125 0.0171875 0.03125
0 0.45234375 0.33515625 0.02109375 0.04296875
0 0.49453125 0.3390625 0.01953125 0.03671875
0 0.5140625 0.28984375 0.01875 0.04375
0 0.4953125 0.28046875 0.0140625 0.0359375
0 0.51015625 0.25234375 0.01796875 0.03671875
0 0.54921875 0.29296875 0.01640625 0.03359375
0 0.54609375 0.25234375 0.01796875 0.03984375
0 0.565625 0.2625 0.01796875 0.046875
0 0.5640625 0.225 0.01484375 0.02578125
0 0.45390625 0.29375 0.01484375 0.03203125
0 0.6140625 0.2171875 0.015625 0.0234375
0 0.60234375 0.26484375 0.0171875 0.03359375
0 0.646875 0.23046875 0.01953125 0.03203125
0 0.63046875 0.225 0.0140625 0.0296875
0 0.66875 0.21953125 0.0171875 0.028125
0 0.68671875 0.23125 0.01484375 0.03671875
0 0.71640625 0.27265625 0.015625 0.0375
0 0.64375 0.26796875 0.0171875 0.03671875
0 0.6765625 0.2890625 0.0171875 0.03984375
0 0.721875 0.31328125 0.01875 0.04296875
0 0.6890625 0.33203125 0.02578125 0.05
0 0.63828125 0.31875 0.02421875 0.04375
0 0.5984375 0.35 0.02109375 0.040625
0 0.64453125 0.3734375 0.0203125 0.04609375
0 0.60390625 0.40625 0.02734375 0.05234375
0 0.534375 0.3828125 0.02265625 0.046875
0 0.5375 0.42421875 0.028125 0.05859375
0 0.6984375 0.3796875 0.02421875 0.04140625
0 0.67421875 0.3953125 0.028125 0.05703125
0 0.73359375 0.4296875 0.03203125 0.06171875
0 0.75625 0.259375 0.0171875 0.0421875
0 0.78203125 0.28046875 0.021875 0.05390625
0 0.80078125 0.2515625 0.0203125 0.040625
0 0.83046875 0.25234375 0.021875 0.0328125
0 0.86640625 0.265625 0.0171875 0.03359375
0 0.90390625 0.25859375 0.01640625 0.04296875
0 0.88203125 0.2875 0.015625 0.04296875
0 0.92578125 0.3109375 0.01875 0.02578125
0 0.97109375 0.29921875 0.01796875 0.03984375
0 0.96953125 0.33828125 0.021875 0.03125
0 0.9265625 0.35390625 0.021875 0.046875
0 0.946875 0.35859375 0.02109375 0.03828125
0 0.9 0.35625 0.01796875 0.04375
0 0.8765625 0.346875 0.021875 0.04375
0 0.88828125 0.3578125 0.00078125 0.0015625
0 0.834375 0.3140625 0.01953125 0.04765625
0 0.8421875 0.28359375 0.02421875 0.0359375
0 0.88359375 0.409375 0.02890625 0.05859375
0 0.8453125 0.3640625 0.02109375 0.05390625
0 0.83359375 0.37734375 0.02109375 0.0609375
0 0.96640625 0.3921875 0.02265625 0.0484375
0 0.875 0.49296875 0.03828125 0.05859375
0 0.94609375 0.49921875 0.03203125 0.07109375
0 0.79296875 0.459375 0.0328125 0.071875
0 0.84375 0.53515625 0.03046875 0.08125
0 0.71328125 0.5578125 0.04609375 0.078125
0 0.6375 0.5015625 0.03828125 0.06953125
0 0.5953125 0.4796875 0.02890625 0.075
0 0.46171875 0.42578125 0.03984375 0.0671875
0 0.32265625 0.35859375 0.0203125 0.0421875