0 0.44140625 0.21640625 0.02421875 0.046875
0 0.4609375 0.23125 0.025 0.04375
0 0.63984375 0.14765625 0.01640625 0.03515625
0 0.65625 0.159375 0.01953125 0.03671875
0 0.675 0.13203125 0.015625 0.04140625
0 0.75546875 0.16015625 0.0203125 0.03828125
0 0.61171875 0.1203125 0.0203125 0.03125
0 0.77421875 0.15859375 0.02109375 0.03671875
0 0.828125 0.2671875 0.02421875 0.05625
0 0.8734375 0.2015625 0.0171875 0.04140625
0 0.94453125 0.203125 0.02109375 0.034375
0 0.89609375 0.2296875 0.02265625 0.03515625
0 0.92421875 0.2578125 0.0234375 0.05