0 0.08125 0.33203125 0.02109375 0.0421875
0 0.1296875 0.31171875 0.028125 0.05625
0 0.21953125 0.2796875 0.03046875 0.06953125
0 0.2984375 0.278125 0.02890625 0.0640625
0 0.33359375 0.26640625 0.02578125 0.059375
0 0.36953125 0.26953125 0.02734375 0.0625
0 0.43515625 0.21484375 0.01953125 0.03671875
0 0.45703125 0.23828125 0.028125 0.04921875
0 0.434375 0.28046875 0.02890625 0.06640625
0 0.48984375 0.31875 0.0296875 0.08125
0 0.546875 0.3609375 0.03046875 0.06484375
0 0.19296875 0.49609375 0.0578125 0.0984375
0 0.721875 0.14765625 0.0234375 0.04765625
0 0.7546875 0.1546875 0.0203125 0.03984375
0 0.890625 0.22109375 0.03046875 0.0515625