0 0.3125 0.284375 0.0390625 0.075
0 0.3921875 0.23515625 0.0390625 0.06484375
0 0.446875 0.2 0.03515625 0.0765625
0 0.48359375 0.1671875 0.03046875 0.0546875
0 0.53046875 0.19609375 0.03125 0.04609375
0 0.58984375 0.21953125 0.03671875 0.05078125
0 0.5890625 0.16953125 0.03203125 0.06796875
0 0.61796875 0.203125 0.03125 0.03515625
0 0.66640625 0.20078125 0.02265625 0.053125
0 0.70625 0.2171875 0.0125 0.0625
0 0.68984375 0.20546875 0.02109375 0.03046875
0 0.75 0.21328125 0.02890625 0.05
0 0.65078125 0.18515625 0.021875 0.046875