0 0.24140625 0.38203125 0.065625 0.12578125
0 0.5546875 0.18515625 0.0203125 0.04921875
0 0.55 0.290625 0.02890625 0.0671875
0 0.66796875 0.3109375 0.0265625 0.06796875
0 0.634375 0.190625 0.02109375 0.046875
0 0.671875 0.2453125 0.02578125 0.0515625
0 0.671875 0.18125 0.01171875 0.03125
0 0.6796875 0.19765625 0.01953125 0.03515625
0 0.715625 0.196875 0.01484375 0.03984375
0 0.74765625 0.20546875 0.01875 0.04765625
0 0.7609375 0.23828125 0.02421875 0.05546875
0 0.73203125 0.2671875 0.0234375 0.0640625
0 0.83515625 0.3625 0.03359375 0.0765625
0 0.91640625 0.384375 0.03828125 0.0859375