0 0.17890625 0.47109375 0.04609375 0.08046875
0 0.88125 0.40703125 0.034375 0.08125
0 0.8 0.37734375 0.0296875 0.06171875
0 0.83203125 0.30546875 0.02734375 0.05546875
0 0.85234375 0.2515625 0.0203125 0.05
0 0.8703125 0.22890625 0.02109375 0.0515625
0 0.90234375 0.309375 0.03125 0.059375
0 0.9203125 0.24453125 0.0203125 0.04296875
0 0.92421875 0.19296875 0.01953125 0.0390625
0 0.88984375 0.18828125 0.02265625 0.03671875
0 0.8984375 0.15234375 0.015625 0.0390625
0 0.90546875 0.12734375 0.01484375 0.03125
0 0.92734375 0.12421875 0.0125 0.0328125
0 0.925 0.159375 0.0171875 0.03828125
0 0.85859375 0.14765625 0.01640625 0.034375
0 0.840625 0.121875 0.01640625 0.02265625
0 0.80625 0.1203125 0.01953125 0.025
0 0.77109375 0.12109375 0.0171875 0.0234375
0 0.73359375 0.1234375 0.0140625 0.02890625
0 0.7484375 0.1453125 0.01015625 0.03046875
0 0.71796875 0.1328125 0.01015625 0.0265625
0 0.72421875 0.18359375 0.01875 0.03203125
0 0.77890625 0.159375 0.01796875 0.03203125
0 0.81328125 0.153125 0.01640625 0.0265625
0 0.84609375 0.17890625 0.0140625 0.03515625
0 0.82578125 0.21640625 0.01640625 0.034375
0 0.8125 0.25078125 0.0234375 0.0421875
0 0.775 0.19765625 0.01953125 0.0390625
0 0.76484375 0.22890625 0.02109375 0.0484375
0 0.76796875 0.27578125 0.03203125 0.04375
0 0.69375 0.2234375 0.03125 0.04921875
0 0.68984375 0.1625 0.01640625 0.0265625
0 0.64375 0.18828125 0.01640625 0.0390625
0 0.66171875 0.25546875 0.0265625 0.0578125
0 0.66015625 0.2140625 0.01640625 0.034375
0 0.6015625 0.21015625 0.01875 0.04375
0 0.6 0.24921875 0.0203125 0.0515625
0 0.63984375 0.30859375 0.03125 0.0515625
0 0.5578125 0.2484375 0.02109375 0.05625
0 0.53203125 0.29140625 0.02421875 0.05546875
0 0.6984375 0.11015625 0.0125 0.028125
0 0.65546875 0.1078125 0.0078125 0.01875
0 0.66484375 0.12734375 0.0109375 0.02578125
0 0.6390625 0.1375 0.0109375 0.03671875
0 0.6421875 0.115625 0.0125 0.02265625
0 0.64296875 0.09609375 0.00859375 0.028125
0 0.6203125 0.09453125 0.01015625 0.0296875
0 0.58828125 0.09765625 0.0125 0.02421875
0 0.59375 0.12421875 0.0109375 0.03203125
0 0.6125 0.15546875 0.0140625 0.03359375
0 0.5828125 0.16328125 0.0171875 0.03671875
0 0.5546875 0.13828125 0.01171875 0.02890625
0 0.565625 0.1109375 0.01328125 0.025
0 0.54765625 0.16484375 0.01171875 0.03203125
0 0.53515625 0.134375 0.00859375 0.02890625
0 0.50703125 0.11875 0.0109375 0.0265625
0 0.50546875 0.1453125 0.00859375 0.02265625
0 0.51796875 0.1546875 0.01171875 0.03203125
0 0.5 0.1890625 0.01796875 0.0453125
0 0.4625 0.23125 0.01953125 0.04140625
0 0.46640625 0.1625 0.01328125 0.03984375
0 0.45390625 0.16796875 0.01328125 0.03125
0 0.4390625 0.1515625 0.01328125 0.02578125
0 0.42421875 0.1765625 0.01171875 0.028125
0 0.41015625 0.190625 0.0109375 0.04140625
0 0.4140625 0.2703125 0.025 0.0578125
0 0.38984375 0.2640625 0.025 0.0546875
0 0.39921875 0.22734375 0.01796875 0.03125
0 0.371875 0.23359375 0.015625 0.034375
0 0.3546875 0.23515625 0.01328125 0.03671875
0 0.35 0.209375 0.0140625 0.03203125
0 0.33125 0.21328125 0.01484375 0.03984375
0 0.31953125 0.259375 0.02421875 0.04296875
0 0.29921875 0.26328125 0.0203125 0.05078125
0 0.34609375 0.26015625 0.01953125 0.0328125