0 0.55859375 0.21640625 0.02421875 0.046875
0 0.5390625 0.23125 0.025 0.04375
0 0.36015625 0.14765625 0.01640625 0.03515625
0 0.34375 0.159375 0.01953125 0.03671875
0 0.325 0.13203125 0.015625 0.04140625
0 0.24453125 0.16015625 0.0203125 0.03828125
0 0.38828125 0.1203125 0.0203125 0.03125
0 0.22578125 0.15859375 0.02109375 0.03671875
0 0.171875 0.2671875 0.02421875 0.05625
0 0.1265625 0.2015625 0.0171875 0.04140625
0 0.05546875 0.203125 0.02109375 0.034375
0 0.10390625 0.2296875 0.02265625 0.03515625
0 0.07578125 0.2578125 0.0234375 0.05