0 0.38046875 0.09453125 0.01484375 0.0234375
0 0.3421875 0.209375 0.02109375 0.034375
0 0.409375 0.23125 0.01953125 0.04140625
0 0.421875 0.21171875 0.01875 0.040625
0 0.440625 0.21953125 0.02265625 0.05234375
0 0.48828125 0.2125 0.02109375 0.053125
0 0.503125 0.1859375 0.0203125 0.0453125
0 0.5046875 0.13671875 0.01875 0.0359375
0 0.53359375 0.19453125 0.02421875 0.05234375
0 0.584375 0.175 0.01953125 0.04921875
0 0.621875 0.1375 0.01796875 0.04140625
0 0.66328125 0.19140625 0.0203125 0.04921875
0 0.63671875 0.25390625 0.0296875 0.0578125
0 0.72109375 0.18515625 0.02109375 0.04921875
0 0.69921875 0.3078125 0.02890625 0.0609375
0 0.76328125 0.259375 0.02421875 0.05
0 0.8421875 0.19921875 0.01953125 0.03203125
0 0.8328125 0.23125 0.02109375 0.0546875
0 0.89140625 0.2234375 0.01953125 0.0453125
0 0.92578125 0.21328125 0.01796875 0.0390625
0 0.8671875 0.28828125 0.02265625 0.053125
0 0.84453125 0.33671875 0.02890625 0.0609375