0 0.7890625 0.36484375 0.05078125 0.11953125
0 0.67265625 0.22734375 0.0234375 0.03828125
0 0.66953125 0.19296875 0.0203125 0.03671875
0 0.65 0.21171875 0.01953125 0.040625
0 0.58828125 0.20703125 0.01796875 0.040625
0 0.57890625 0.17890625 0.01875 0.0328125
0 0.54453125 0.21015625 0.02265625 0.03984375
0 0.5109375 0.2234375 0.02578125 0.0453125
0 0.55859375 0.1578125 0.01484375 0.03359375
0 0.53515625 0.15390625 0.015625 0.0328125
0 0.52734375 0.1359375 0.01640625 0.0234375
0 0.48828125 0.16484375 0.01796875 0.03515625
0 0.4984375 0.146875 0.01015625 0.01953125
0 0.48984375 0.13828125 0.0125 0.025
0 0.4859375 0.1234375 0.01171875 0.02421875
0 0.475 0.13203125 0.0171875 0.02265625
0 0.446875 0.12578125 0.01328125 0.0296875
0 0.46640625 0.1609375 0.01640625 0.03671875
0 0.4515625 0.19375 0.021875 0.03828125
0 0.4359375 0.15234375 0.0140625 0.03203125
0 0.41484375 0.171875 0.02265625 0.040625
0 0.4078125 0.115625 0.0109375 0.02734375
0 0.39609375 0.12734375 0.01171875 0.0265625
0 0.4 0.1484375 0.0171875 0.0296875
0 0.36796875 0.14921875 0.01953125 0.0359375
0 0.3609375 0.12734375 0.01328125 0.02734375
0 0.35390625 0.1140625 0.01328125 0.02578125
0 0.48203125 0.28515625 0.02578125 0.05390625
0 0.42265625 0.2421875 0.02265625 0.0515625
0 0.3765625 0.20703125 0.0265625 0.0453125
0 0.3640625 0.25390625 0.0234375 0.05
0 0.40703125 0.31328125 0.03046875 0.07421875
0 0.41640625 0.29375 0.02109375 0.05390625
0 0.3359375 0.33828125 0.03046875 0.08515625
0 0.34375 0.2921875 0.02421875 0.0453125
0 0.3328125 0.22421875 0.02421875 0.05078125
0 0.32890625 0.17890625 0.01640625 0.0359375
0 0.35 0.15390625 0.01484375 0.03125
0 0.34609375 0.13671875 0.0109375 0.02421875
0 0.33671875 0.121875 0.0125 0.0234375
0 0.3125 0.128125 0.01484375 0.03359375
0 0.30078125 0.128125 0.0125 0.0265625
0 0.290625 0.16796875 0.01875 0.03359375
0 0.2984375 0.20859375 0.02109375 0.0484375
0 0.278125 0.2421875 0.0234375 0.0515625
0 0.26015625 0.18203125 0.01953125 0.03984375
0 0.2453125 0.13359375 0.0171875 0.03828125
0 0.2359375 0.15546875 0.01796875 0.0390625
0 0.21875 0.14453125 0.01640625 0.0265625
0 0.19921875 0.17265625 0.0171875 0.034375
0 0.22265625 0.18984375 0.0171875 0.04453125
0 0.2109375 0.2171875 0.0203125 0.04765625
0 0.1875 0.19765625 0.01640625 0.040625
0 0.17109375 0.1859375 0.01953125 0.03671875
0 0.1578125 0.16015625 0.0171875 0.0359375
0 0.12421875 0.165625 0.0171875 0.03828125
0 0.0890625 0.17734375 0.01640625 0.03515625
0 0.078125 0.17578125 0.01328125 0.0328125
0 0.053125 0.18125 0.0171875 0.03984375
0 0.13125 0.19765625 0.0140625 0.0390625
0 0.11640625 0.22890625 0.0203125 0.040625
0 0.06484375 0.2390625 0.01875 0.0421875
0 0.08515625 0.24921875 0.02265625 0.04453125
0 0.15546875 0.22890625 0.01875 0.04375
0 0.15078125 0.19609375 0.0171875 0.0359375
0 0.19921875 0.29140625 0.0265625 0.05390625
0 0.184375 0.2703125 0.02265625 0.0453125
0 0.1234375 0.26875 0.02421875 0.053125
0 0.07421875 0.29140625 0.0265625 0.053125
0 0.08671875 0.33828125 0.028125 0.0578125
0 0.1640625 0.30859375 0.03203125 0.0609375
0 0.27578125 0.378125 0.03984375 0.078125
0 0.18125 0.3625 0.03515625 0.0734375
0 0.103125 0.4328125 0.03984375 0.090625