0 0.81875 0.39140625 0.04375 0.11796875
0 0.853125 0.26328125 0.01953125 0.05078125
0 0.8234375 0.2609375 0.02734375 0.0546875
0 0.93203125 0.23828125 0.01796875 0.0484375
0 0.72734375 0.2265625 0.025 0.04140625
0 0.67421875 0.284375 0.025 0.0421875
0 0.6375 0.33671875 0.03984375 0.07265625
0 0.62578125 0.2546875 0.025 0.046875
0 0.63125 0.21171875 0.02265625 0.046875
0 0.6671875 0.2171875 0.0203125 0.04921875
0 0.675 0.17265625 0.01328125 0.03828125
0 0.63203125 0.125 0.01640625 0.0375
0 0.4625 0.1375 0.01328125 0.02890625
0 0.478125 0.17265625 0.0171875 0.034375
0 0.54609375 0.16328125 0.0171875 0.02265625
0 0.5640625 0.190625 0.015625 0.04375
0 0.44375 0.23359375 0.021875 0.04765625
0 0.43984375 0.175 0.025 0.046875
0 0.41015625 0.2046875 0.0203125 0.04609375
0 0.303125 0.18828125 0.021875 0.0515625