0 0.80078125 0.35703125 0.04921875 0.10625
0 0.078125 0.36640625 0.02109375 0.053125
0 0.07890625 0.28984375 0.02265625 0.0484375
0 0.07421875 0.2375 0.01796875 0.04609375
0 0.06015625 0.20390625 0.015625 0.03671875
0 0.05078125 0.17890625 0.0125 0.0328125
0 0.0921875 0.16796875 0.01640625 0.0390625
0 0.1171875 0.15703125 0.0140625 0.0296875
0 0.13046875 0.1765625 0.01484375 0.03046875
0 0.1375 0.196875 0.01328125 0.0359375
0 0.16328125 0.22578125 0.01953125 0.028125
0 0.14765625 0.265625 0.02109375 0.040625
0 0.16875 0.29921875 0.0203125 0.04765625
0 0.2078125 0.28515625 0.02421875 0.0578125
0 0.2046875 0.215625 0.01640625 0.03671875
0 0.17265625 0.19140625 0.01328125 0.03203125
0 0.16796875 0.1609375 0.01171875 0.02578125
0 0.1609375 0.14140625 0.0109375 0.02578125
0 0.17890625 0.13984375 0.0125 0.03359375
0 0.190625 0.15546875 0.01328125 0.02734375
0 0.20234375 0.13125 0.009375 0.02421875
0 0.20625 0.16171875 0.01796875 0.03984375
0 0.2234375 0.15234375 0.0109375 0.02109375
0 0.2359375 0.1671875 0.01484375 0.03046875
0 0.25234375 0.15 0.01171875 0.025
0 0.271875 0.14453125 0.01328125 0.03125
0 0.2640625 0.19375 0.01796875 0.0390625
0 0.2390625 0.24765625 0.01875 0.03671875
0 0.26171875 0.22421875 0.01328125 0.0375
0 0.26171875 0.2625 0.02890625 0.046875
0 0.2875 0.2359375 0.0203125 0.04296875
0 0.30859375 0.171875 0.01484375 0.02734375
0 0.2875 0.2015625 0.01640625 0.0390625
0 0.3265625 0.2203125 0.01640625 0.03359375
0 0.340625 0.19375 0.01328125 0.0359375
0 0.31875 0.265625 0.0203125 0.04921875
0 0.3578125 0.24765625 0.02109375 0.046875
0 0.38203125 0.2296875 0.0171875 0.05
0 0.41953125 0.246875 0.02109375 0.05390625
0 0.45625 0.296875 0.025 0.0546875
0 0.4359375 0.19453125 0.0140625 0.03203125
0 0.41953125 0.175 0.01640625 0.0421875
0 0.35703125 0.16015625 0.015625 0.03671875
0 0.38203125 0.13671875 0.01171875 0.034375
0 0.3984375 0.1125 0.009375 0.02265625
0 0.40703125 0.1453125 0.0125 0.025
0 0.41484375 0.125 0.0078125 0.025
0 0.34296875 0.11484375 0.01328125 0.02734375
0 0.37265625 0.1171875 0.0078125 0.0171875
0 0.3453125 0.1421875 0.0078125 0.0296875
0 0.3296875 0.10859375 0.0078125 0.0296875
0 0.31328125 0.11953125 0.0125 0.0265625
0 0.29453125 0.13359375 0.0078125 0.03203125
0 0.4609375 0.13046875 0.01484375 0.025
0 0.48828125 0.14296875 0.01015625 0.0328125
0 0.4984375 0.13359375 0.00859375 0.03046875
0 0.48359375 0.17578125 0.01328125 0.034375
0 0.51015625 0.16953125 0.0171875 0.02578125
0 0.525 0.15859375 0.01328125 0.028125
0 0.51953125 0.14140625 0.015625 0.03046875
0 0.50859375 0.2171875 0.0140625 0.04453125
0 0.5484375 0.20859375 0.01953125 0.03984375
0 0.56953125 0.21796875 0.01640625 0.040625
0 0.55625 0.17265625 0.01796875 0.02734375
0 0.56484375 0.1484375 0.015625 0.03203125
0 0.60625 0.1703125 0.01796875 0.03671875
0 0.6140625 0.1921875 0.01328125 0.03046875
0 0.634375 0.1953125 0.015625 0.034375
0 0.62890625 0.2515625 0.0203125 0.0359375
0 0.590625 0.26640625 0.0234375 0.046875
0 0.6703125 0.2421875 0.021875 0.04609375
0 0.73515625 0.228125 0.021875 0.0421875