0 0.22421875 0.2953125 0.03046875 0.09375
0 0.26640625 0.2828125 0.02734375 0.065625
0 0.31953125 0.2578125 0.01796875 0.06640625
0 0.3640625 0.24296875 0.01875 0.059375
0 0.90625 0.309375 0.0171875 0.03828125
0 0.7953125 0.35546875 0.05078125 0.08515625
0 0.81796875 0.4484375 0.0484375 0.0890625
0 0.7359375 0.21328125 0.03125 0.0515625
0 0.62421875 0.26953125 0.02734375 0.0453125
0 0.50078125 0.31640625 0.03359375 0.0484375
0 0.11328125 0.23203125 0.015625 0.05546875
0 0.14140625 0.184375 0.015625 0.03828125
0 0.17265625 0.13515625 0.01796875 0.04296875
0 0.184375 0.18984375 0.015625 0.0515625
0 0.23671875 0.178125 0.02265625 0.025
0 0.2375 0.15859375 0.01875 0.040625
0 0.26328125 0.16484375 0.01796875 0.034375
0 0.2765625 0.12890625 0.01328125 0.0375
0 0.30390625 0.159375 0.0125 0.046875
0 0.29609375 0.10546875 0.0078125 0.05625
0 0.234375 0.1109375 0.01875 0.03359375
0 0.415625 0.1109375 0.0203125 0.0265625
0 0.41015625 0.1671875 0.0140625 0.02578125
0 0.4296875 0.1578125 0.01796875 0.0359375
0 0.45859375 0.14765625 0.021875 0.03671875
0 0.44375 0.20234375 0.034375 0.0328125
0 0.5078125 0.21015625 0.0234375 0.0375
0 0.5421875 0.21328125 0.0203125 0.021875
0 0.5765625 0.22734375 0.01953125 0.03828125
0 0.58984375 0.19296875 0.01953125 0.025
0 0.5421875 0.18203125 0.0125 0.02578125
0 0.53125 0.1546875 0.0125 0.021875
0 0.51796875 0.1625 0.0109375 0.03828125
0 0.50703125 0.13359375 0.0125 0.0234375
0 0.47890625 0.1828125 0.01875 0.03359375
0 0.56328125 0.2859375 0.02890625 0.05