0 0.1828125 0.328125 0.046875 0.08828125
0 0.91171875 0.34140625 0.028125 0.0671875
0 0.91953125 0.2734375 0.025 0.05546875
0 0.9234375 0.23828125 0.01875 0.04453125
0 0.9453125 0.2078125 0.02109375 0.0328125
0 0.9328125 0.1828125 0.015625 0.0359375
0 0.9015625 0.16953125 0.01796875 0.03203125
0 0.89140625 0.13984375 0.01875 0.0375
0 0.86484375 0.17734375 0.01875 0.0453125
0 0.890625 0.228125 0.01875 0.0328125
0 0.865625 0.2671875 0.02421875 0.05703125
0 0.8375 0.30859375 0.03515625 0.05703125
0 0.84375 0.23359375 0.01875 0.04296875
0 0.84375 0.19921875 0.0203125 0.05234375
0 0.828125 0.1703125 0.01796875 0.03046875
0 0.83828125 0.15703125 0.01171875 0.02734375
0 0.8453125 0.1359375 0.01484375 0.0359375
0 0.82421875 0.1265625 0.0140625 0.04140625
0 0.796875 0.1546875 0.015625 0.04453125
0 0.78984375 0.1171875 0.02421875 0.03515625
0 0.78046875 0.14453125 0.01875 0.02421875
0 0.76484375 0.125 0.015625 0.03359375
0 0.75078125 0.13046875 0.0125 0.03359375
0 0.7328125 0.121875 0.01875 0.03515625
0 0.7875 0.20859375 0.02109375 0.04765625
0 0.7546875 0.1984375 0.021875 0.040625
0 0.72734375 0.1796875 0.01640625 0.05234375
0 0.69765625 0.171875 0.01875 0.04296875
0 0.78671875 0.27265625 0.02265625 0.059375
0 0.7609375 0.2515625 0.025 0.0453125
0 0.73359375 0.259375 0.02265625 0.0578125
0 0.7171875 0.23046875 0.02421875 0.05390625
0 0.66171875 0.2625 0.03515625 0.0484375
0 0.62578125 0.24296875 0.02265625 0.06015625
0 0.63046875 0.19296875 0.0234375 0.0484375
0 0.6609375 0.184375 0.02734375 0.05625
0 0.575 0.2359375 0.02890625 0.04609375
0 0.6828125 0.12265625 0.0203125 0.02578125
0 0.68359375 0.09921875 0.015625 0.02109375
0 0.66640625 0.11875 0.01953125 0.04453125
0 0.65 0.09765625 0.01328125 0.0328125
0 0.63125 0.1125 0.0171875 0.0375
0 0.61171875 0.0984375 0.0109375 0.03125
0 0.615625 0.14609375 0.01640625 0.028125
0 0.60625 0.125 0.015625 0.02578125
0 0.57890625 0.1140625 0.01484375 0.04296875
0 0.565625 0.084375 0.02265625 0.02734375
0 0.59140625 0.15859375 0.02734375 0.03828125
0 0.55390625 0.11796875 0.02578125 0.021875
0 0.54140625 0.13125 0.021875 0.03515625
0 0.51953125 0.13046875 0.0140625 0.0421875
0 0.54609375 0.1921875 0.02421875 0.040625
0 0.51875 0.1796875 0.02109375 0.0390625
0 0.49140625 0.21015625 0.0265625 0.053125
0 0.4765625 0.1890625 0.02265625 0.040625
0 0.46484375 0.2140625 0.01796875 0.04140625
0 0.47734375 0.1484375 0.01796875 0.021875
0 0.490625 0.13671875 0.01171875 0.0203125
0 0.50546875 0.11953125 0.0125 0.03046875
0 0.4625 0.13046875 0.0171875 0.03828125
0 0.4359375 0.13984375 0.02421875 0.0375
0 0.4421875 0.221875 0.03515625 0.0546875
0 0.43359375 0.17890625 0.02265625 0.04765625
0 0.40859375 0.16484375 0.025 0.034375
0 0.38984375 0.1734375 0.01484375 0.0265625
0 0.3921875 0.1953125 0.01171875 0.02890625
0 0.409375 0.23359375 0.0296875 0.0359375
0 0.41484375 0.26640625 0.025 0.0640625
0 0.33515625 0.2515625 0.03125 0.04296875
0 0.33671875 0.20234375 0.025 0.03984375
0 0.27265625 0.22265625 0.028125 0.04453125