0 0.896875 0.5453125 0.06640625 0.12734375
0 0.2 0.4984375 0.02890625 0.05625
0 0.1765625 0.4375 0.034375 0.06640625
0 0.1046875 0.46328125 0.03046875 0.0734375
0 0.115625 0.38671875 0.02578125 0.05
0 0.0890625 0.34453125 0.021875 0.04609375
0 0.153125 0.36484375 0.02734375 0.05859375
0 0.2046875 0.3578125 0.025 0.06015625
0 0.20078125 0.296875 0.0140625 0.046875
0 0.16796875 0.3046875 0.021875 0.0375
0 0.1296875 0.315625 0.01328125 0.0296875
0 0.07578125 0.31953125 0.0171875 0.03828125
0 0.084375 0.29375 0.01953125 0.03125
0 0.08125 0.26171875 0.01875 0.02734375
0 0.1171875 0.28125 0.01484375 0.03125
0 0.14453125 0.24609375 0.0171875 0.0328125
0 0.1546875 0.26171875 0.01875 0.0390625
0 0.175 0.25703125 0.01328125 0.02578125
0 0.190625 0.2609375 0.0171875 0.0359375
0 0.23125 0.23046875 0.01875 0.0296875
0 0.24296875 0.27109375 0.01484375 0.0484375
0 0.25703125 0.21328125 0.0171875 0.03984375
0 0.2703125 0.22890625 0.0171875 0.03125
0 0.2796875 0.2515625 0.01875 0.03671875
0 0.28828125 0.27734375 0.0203125 0.04765625
0 0.31015625 0.23671875 0.0171875 0.04453125
0 0.33203125 0.26171875 0.02421875 0.04140625
0 0.32265625 0.35078125 0.02421875 0.06796875
0 0.2703125 0.396875 0.02265625 0.05234375
0 0.2421875 0.42890625 0.028125 0.06640625
0 0.3125 0.49921875 0.03984375 0.08828125
0 0.34453125 0.36875 0.04453125 0.0609375
0 0.36171875 0.3328125 0.0265625 0.04921875
0 0.390625 0.3421875 0.02890625 0.0578125
0 0.41328125 0.31328125 0.01484375 0.03984375
0 0.371875 0.44375 0.04140625 0.06484375
0 0.4296875 0.425 0.03828125 0.05703125
0 0.46640625 0.396875 0.025 0.06015625
0 0.48359375 0.35234375 0.01875 0.04765625
0 0.5328125 0.39609375 0.02578125 0.05625
0 0.32578125 0.21875 0.0125 0.03125
0 0.33984375 0.225 0.01484375 0.0328125
0 0.35546875 0.21328125 0.01875 0.03515625
0 0.37109375 0.2390625 0.0203125 0.03125
0 0.3796875 0.20703125 0.01484375 0.02890625
0 0.39765625 0.19453125 0.01875 0.0296875
0 0.4359375 0.2140625 0.0203125 0.0265625
0 0.4078125 0.21796875 0.01640625 0.01875
0 0.41171875 0.24453125 0.0171875 0.03515625
0 0.4328125 0.24609375 0.02109375 0.03515625
0 0.45625 0.2234375 0.0140625 0.03203125
0 0.4828125 0.2359375 0.01484375 0.03515625
0 0.459375 0.27578125 0.015625 0.0328125
0 0.4765625 0.2609375 0.0171875 0.0375
0 0.5140625 0.2515625 0.02109375 0.046875
0 0.53984375 0.2375 0.01875 0.03828125
0 0.56171875 0.2421875 0.01875 0.0359375
0 0.53515625 0.2890625 0.0203125 0.03203125
0 0.48984375 0.3078125 0.021875 0.0390625
0 0.5625 0.32578125 0.02421875 0.0375
0 0.57109375 0.26015625 0.02109375 0.040625
0 0.596875 0.23515625 0.01796875 0.053125
0 0.59609375 0.2890625 0.0140625 0.0421875
0 0.56484375 0.2984375 0.0140625 0.02109375
0 0.596875 0.334375 0.01953125 0.03984375
0 0.61953125 0.3203125 0.01640625 0.02734375
0 0.65 0.325 0.021875 0.04140625
0 0.64609375 0.2875 0.02421875 0.04765625
0 0.71484375 0.30078125 0.025 0.0453125
0 0.6828125 0.38125 0.028125 0.0671875
0 0.740625 0.340625 0.02890625 0.03828125
0 0.78359375 0.33671875 0.02265625 0.05703125