0 0.128125 0.34765625 0.05078125 0.06484375
0 0.90859375 0.4515625 0.04296875 0.06640625
0 0.82578125 0.4125 0.0265625 0.06875
0 0.8390625 0.3390625 0.025 0.0703125
0 0.92265625 0.33046875 0.03203125 0.053125
0 0.93046875 0.278125 0.02109375 0.053125
0 0.87578125 0.2796875 0.02890625 0.05703125
0 0.896875 0.23125 0.01953125 0.05546875
0 0.93671875 0.2203125 0.02109375 0.053125
0 0.821875 0.24921875 0.021875 0.06328125
0 0.79765625 0.20390625 0.0265625 0.04140625
0 0.7734375 0.23125 0.0265625 0.0421875
0 0.78515625 0.3078125 0.028125 0.0484375
0 0.759375 0.3515625 0.03671875 0.065625
0 0.746875 0.2828125 0.02890625 0.06875
0 0.715625 0.2125 0.02734375 0.05859375
0 0.68515625 0.25 0.02890625 0.05546875
0 0.70078125 0.3125 0.0328125 0.08671875
0 0.6359375 0.31796875 0.04140625 0.06484375
0 0.63203125 0.24375 0.021875 0.065625
0 0.6203125 0.21484375 0.02265625 0.03984375
0 0.58671875 0.23203125 0.02734375 0.04921875
0 0.54921875 0.2859375 0.02890625 0.08203125
0 0.4921875 0.29296875 0.0265625 0.078125
0 0.81171875 0.15546875 0.01953125 0.0484375
0 0.796875 0.1296875 0.01640625 0.0328125
0 0.7515625 0.13203125 0.01015625 0.01796875
0 0.759375 0.14765625 0.01640625 0.0265625
0 0.76484375 0.184375 0.0203125 0.04140625
0 0.75234375 0.17578125 0.02265625 0.05
0 0.7375 0.1375 0.0109375 0.03359375
0 0.7046875 0.1484375 0.01953125 0.028125
0 0.72421875 0.18203125 0.021875 0.0328125
0 0.71640625 0.11953125 0.01484375 0.02734375
0 0.6921875 0.1265625 0.0203125 0.04140625
0 0.6796875 0.10546875 0.01953125 0.04453125
0 0.6640625 0.1140625 0.01484375 0.03984375
0 0.6484375 0.134375 0.0234375 0.03203125
0 0.64375 0.1046875 0.01171875 0.02109375
0 0.62578125 0.1265625 0.015625 0.02734375
0 0.625 0.15859375 0.015625 0.0359375
0 0.60703125 0.1171875 0.015625 0.03046875
0 0.5796875 0.11640625 0.01328125 0.028125
0 0.5921875 0.11328125 0.0140625 0.0328125
0 0.58203125 0.13828125 0.0140625 0.034375
0 0.58984375 0.16875 0.0125 0.04140625
0 0.56484375 0.17890625 0.01640625 0.0515625
0 0.5578125 0.159375 0.01328125 0.0265625
0 0.55 0.14296875 0.0125 0.03671875
0 0.55703125 0.12109375 0.0140625 0.040625
0 0.5296875 0.12109375 0.01328125 0.025
0 0.53125 0.1609375 0.021875 0.040625
0 0.51484375 0.1828125 0.01875 0.040625
0 0.5125 0.14296875 0.01640625 0.03125
0 0.50859375 0.11875 0.01484375 0.02890625
0 0.49375 0.1515625 0.02578125 0.03359375
0 0.47265625 0.13359375 0.0140625 0.03125
0 0.48515625 0.184375 0.01953125 0.0421875
0 0.48984375 0.21640625 0.02265625 0.0484375
0 0.45390625 0.1640625 0.01796875 0.04453125
0 0.41171875 0.1859375 0.01953125 0.0453125
0 0.41484375 0.1671875 0.015625 0.0375
0 0.4140625 0.14921875 0.01171875 0.02109375
0 0.44453125 0.22265625 0.0171875 0.04609375
0 0.4296875 0.2296875 0.02109375 0.059375
0 0.40390625 0.22890625 0.02421875 0.034375
0 0.378125 0.23828125 0.01796875 0.05625
0 0.3625 0.2359375 0.01171875 0.04765625
0 0.3734375 0.196875 0.0140625 0.04765625
0 0.3515625 0.2 0.0171875 0.0375
0 0.353125 0.1796875 0.015625 0.0375
0 0.30859375 0.20859375 0.01796875 0.040625
0 0.30546875 0.23671875 0.01796875 0.04140625
0 0.66953125 0.1765625 0.01953125 0.0484375