0 0.27734375 0.18671875 0.015625 0.034375
0 0.40625 0.1390625 0.015625 0.02734375
0 0.3421875 0.2453125 0.01875 0.04296875
0 0.48984375 0.146875 0.0171875 0.0296875
0 0.5828125 0.1921875 0.01171875 0.04453125
0 0.81015625 0.27109375 0.015625 0.03984375
0 0.9421875 0.3203125 0.01171875 0.0375
0 0.553125 0.253125 0.0234375 0.04296875
0 0.55546875 0.4484375 0.02109375 0.053125
0 0.50546875 0.19296875 0.01640625 0.034375
0 0.4796875 0.18515625 0.01796875 0.03203125
0 0.49140625 0.2875 0.02578125 0.04921875
0 0.5265625 0.2265625 0.01328125 0.0453125