0 0.1890625 0.41015625 0.05703125 0.11015625
0 0.89296875 0.35390625 0.0390625 0.0796875
0 0.80625 0.39921875 0.04140625 0.08359375
0 0.74453125 0.37890625 0.0421875 0.08046875
0 0.68671875 0.346875 0.04375 0.08203125
0 0.62109375 0.328125 0.0375 0.06875
0 0.54296875 0.321875 0.03515625 0.07109375
0 0.5046875 0.3015625 0.0296875 0.06484375
0 0.37421875 0.28046875 0.021875 0.05078125
0 0.359375 0.26328125 0.0171875 0.04375
0 0.290625 0.27734375 0.0234375 0.04609375
0 0.38046875 0.23125 0.02109375 0.03828125
0 0.44921875 0.2296875 0.02578125 0.04921875
0 0.4828125 0.2296875 0.02578125 0.05
0 0.5578125 0.25859375 0.025 0.046875
0 0.63125 0.25078125 0.02890625 0.05625
0 0.71875 0.27265625 0.02890625 0.0546875
0 0.7796875 0.28828125 0.03359375 0.0640625
0 0.671875 0.2171875 0.0265625 0.04921875
0 0.8453125 0.31015625 0.02890625 0.0640625
0 0.86640625 0.25625 0.02265625 0.04921875
0 0.76171875 0.21796875 0.02265625 0.05390625
0 0.87734375 0.2078125 0.021875 0.04453125
0 0.9234375 0.26875 0.0234375 0.04375
0 0.92421875 0.21484375 0.021875 0.03671875
0 0.93125 0.159375 0.015625 0.02890625
0 0.9015625 0.17265625 0.0171875 0.034375
0 0.81328125 0.25703125 0.0234375 0.04609375
0 0.83203125 0.19375 0.02421875 0.04609375
0 0.73046875 0.20234375 0.021875 0.04296875
0 0.728125 0.16328125 0.0203125 0.0375
0 0.8171875 0.15078125 0.01640625 0.03515625
0 0.8625 0.14453125 0.01640625 0.0296875
0 0.86875 0.1171875 0.015625 0.028125
0 0.7015625 0.18203125 0.0234375 0.04921875
0 0.77265625 0.128125 0.015625 0.03046875
0 0.78984375 0.13984375 0.01640625 0.0390625
0 0.74765625 0.1328125 0.01640625 0.0359375
0 0.73203125 0.12265625 0.01796875 0.0359375
0 0.62421875 0.2078125 0.02265625 0.0421875
0 0.70390625 0.10078125 0.015625 0.02890625
0 0.67890625 0.10546875 0.01875 0.0296875
0 0.65 0.1125 0.01484375 0.02890625
0 0.64765625 0.1390625 0.015625 0.028125
0 0.5640625 0.18046875 0.0171875 0.034375
0 0.51796875 0.2015625 0.01953125 0.0375
0 0.53828125 0.13203125 0.0171875 0.03203125
0 0.51796875 0.1234375 0.01484375 0.02578125
0 0.5171875 0.1546875 0.01640625 0.0296875
0 0.48359375 0.17109375 0.015625 0.034375
0 0.471875 0.15625 0.01171875 0.028125
0 0.45625 0.18125 0.0171875 0.03046875
0 0.428125 0.18125 0.0203125 0.0390625
0 0.4046875 0.1609375 0.01640625 0.03125
0 0.3703125 0.1921875 0.01875 0.03359375
0 0.39765625 0.19765625 0.01875 0.03203125
0 0.27734375 0.25390625 0.0203125 0.0296875
0 0.55703125 0.1234375 0.015625 0.0296875
0 0.590625 0.12734375 0.01875 0.03515625