0 0.3421875 0.1171875 0.01484375 0.0375
0 0.371875 0.12265625 0.01953125 0.0375
0 0.4015625 0.12109375 0.0140625 0.03359375
0 0.390625 0.11484375 0.0109375 0.02109375
0 0.38515625 0.2359375 0.021875 0.0375
0 0.41796875 0.26953125 0.01875 0.03671875
0 0.48671875 0.1453125 0.021875 0.04453125
0 0.5296875 0.23984375 0.02265625 0.05078125
0 0.5859375 0.2140625 0.025 0.03828125
0 0.60703125 0.27734375 0.0265625 0.05625
0 0.69609375 0.21953125 0.03046875 0.0609375
0 0.796875 0.2609375 0.028125 0.06328125
0 0.840625 0.41171875 0.053125 0.1109375