0 0.6046875 0.53984375 0.08671875 0.17265625
0 0.725 0.4125 0.08125 0.15
0 0.6875 0.20859375 0.0296875 0.06171875
0 0.59296875 0.26953125 0.0296875 0.05859375
0 0.5734375 0.21171875 0.0234375 0.04609375
0 0.52421875 0.23125 0.02890625 0.04765625
0 0.50234375 0.221875 0.0265625 0.05078125
0 0.41015625 0.26171875 0.03125 0.05390625
0 0.371875 0.24375 0.0328125 0.05859375
0 0.32421875 0.10859375 0.0140625 0.0296875
0 0.37109375 0.12109375 0.0140625 0.03203125
0 0.38671875 0.11328125 0.01328125 0.02109375
0 0.4 0.1140625 0.0140625 0.0296875
0 0.43671875 0.08203125 0.01328125 0.02890625