0 0.5265625 0.5234375 0.0671875 0.11484375
0 0.59140625 0.36796875 0.03984375 0.09609375
0 0.67109375 0.36015625 0.0375 0.08046875
0 0.71015625 0.32265625 0.0359375 0.06953125
0 0.6421875 0.22734375 0.03046875 0.07109375
0 0.71015625 0.2671875 0.0296875 0.03828125
0 0.75625 0.29140625 0.03125 0.0546875
0 0.7984375 0.33046875 0.0234375 0.06171875
0 0.83359375 0.38046875 0.0375 0.06875
0 0.88046875 0.3921875 0.0328125 0.05625
0 0.90234375 0.346875 0.0328125 0.05
0 0.93515625 0.44921875 0.04609375 0.0890625