0 0.08828125 0.54609375 0.04921875 0.11796875
0 0.86171875 0.5140625 0.040625 0.071875
0 0.79296875 0.44765625 0.03671875 0.0671875
0 0.88125 0.40390625 0.028125 0.0640625
0 0.95546875 0.43046875 0.03203125 0.06328125
0 0.7265625 0.390625 0.0296875 0.06640625
0 0.65234375 0.390625 0.03125 0.0578125
0 0.6015625 0.37578125 0.03046875 0.06015625
0 0.56875 0.32421875 0.03046875 0.0578125
0 0.6078125 0.28515625 0.03203125 0.0609375
0 0.85859375 0.34609375 0.02734375 0.0546875
0 0.8 0.30546875 0.0296875 0.05390625
0 0.74765625 0.28828125 0.02578125 0.0484375
0 0.65546875 0.2484375 0.02734375 0.0515625
0 0.7140625 0.27734375 0.025 0.05390625
0 0.69140625 0.21640625 0.02265625 0.04921875
0 0.97734375 0.359375 0.021875 0.04765625
0 0.95234375 0.36640625 0.0234375 0.05078125
0 0.92890625 0.31953125 0.0234375 0.04921875
0 0.98359375 0.25078125 0.01640625 0.04375
0 0.95625 0.24375 0.01875 0.0421875
0 0.79296875 0.2515625 0.0203125 0.05
0 0.740625 0.225 0.021875 0.04765625
0 0.81875 0.21953125 0.0203125 0.03984375
0 0.9328125 0.26171875 0.01640625 0.0375
0 0.90078125 0.2203125 0.01640625 0.03515625
0 0.8671875 0.2328125 0.01875 0.0421875
0 0.77578125 0.20078125 0.0171875 0.03828125
0 0.81015625 0.1828125 0.02109375 0.03359375
0 0.70703125 0.1546875 0.0171875 0.040625
0 0.68515625 0.15234375 0.01796875 0.04375
0 0.65546875 0.1734375 0.0171875 0.03515625
0 0.6015625 0.20859375 0.0203125 0.0484375
0 0.6546875 0.1359375 0.01640625 0.04140625
0 0.62890625 0.121875 0.015625 0.0375
0 0.6015625 0.14765625 0.01796875 0.0296875
0 0.59296875 0.1203125 0.0171875 0.02734375
0 0.5703125 0.1328125 0.0171875 0.03984375
0 0.52421875 0.2296875 0.01875 0.04609375
0 0.5140625 0.16171875 0.01875 0.04453125
0 0.48515625 0.15 0.01796875 0.03828125
0 0.43125 0.290625 0.025 0.05234375
0 0.46796875 0.23984375 0.02421875 0.05234375
0 0.48984375 0.19921875 0.02109375 0.0421875
0 0.46796875 0.1734375 0.01875 0.04921875
0 0.425 0.18984375 0.01796875 0.0421875
0 0.384375 0.1890625 0.01953125 0.04296875
0 0.35390625 0.196875 0.02109375 0.03125
0 0.38828125 0.23515625 0.01953125 0.03984375
0 0.3515625 0.26640625 0.0203125 0.0546875
0 0.32578125 0.221875 0.01953125 0.05078125
0 0.29609375 0.23984375 0.01796875 0.04453125
0 0.2984375 0.2 0.02421875 0.0296875
0 0.26640625 0.23515625 0.01953125 0.0421875
0 0.2171875 0.28125 0.021875 0.046875