0 0.09140625 0.41171875 0.03828125 0.096875
0 0.0625 0.4171875 0.04296875 0.078125
0 0.25234375 0.2734375 0.028125 0.0625
0 0.321875 0.2078125 0.021875 0.0484375
0 0.34921875 0.23203125 0.01640625 0.03359375
0 0.38671875 0.2203125 0.0265625 0.05234375
0 0.3953125 0.18984375 0.01953125 0.0390625
0 0.56171875 0.209375 0.03359375 0.0546875
0 0.60546875 0.29765625 0.034375 0.075
0 0.60234375 0.18359375 0.0234375 0.0625
0 0.57890625 0.153125 0.025 0.04609375
0 0.59453125 0.128125 0.02578125 0.04296875
0 0.65859375 0.140625 0.02578125 0.0546875
0 0.68125 0.13515625 0.02421875 0.05234375
0 0.70546875 0.18984375 0.0234375 0.05234375
0 0.6453125 0.1984375 0.03046875 0.06484375