0 0.2328125 0.38671875 0.06015625 0.084375
0 0.559375 0.1984375 0.025 0.0390625
0 0.55 0.3015625 0.03125 0.059375
0 0.89921875 0.42265625 0.0328125 0.06328125
0 0.8359375 0.375 0.028125 0.05625
0 0.67578125 0.3203125 0.0265625 0.06015625
0 0.7328125 0.2796875 0.0234375 0.053125
0 0.77578125 0.240625 0.0234375 0.0484375
0 0.7484375 0.2171875 0.01640625 0.0296875
0 0.71640625 0.20859375 0.015625 0.0390625
0 0.67421875 0.25625 0.02890625 0.03671875
0 0.6703125 0.196875 0.01171875 0.0234375
0 0.67890625 0.209375 0.01640625 0.0328125
0 0.634375 0.203125 0.01640625 0.03671875