0 0.9578125 0.4125 0.03828125 0.08984375
0 0.065625 0.2890625 0.02578125 0.05703125
0 0.0625 0.2078125 0.0234375 0.04453125
0 0.05703125 0.17890625 0.01640625 0.03359375
0 0.06484375 0.15703125 0.01484375 0.0234375
0 0.09296875 0.13203125 0.01484375 0.03828125
0 0.09375 0.16875 0.0140625 0.03125
0 0.1234375 0.1296875 0.01484375 0.028125
0 0.1234375 0.159375 0.01640625 0.0390625
0 0.1046875 0.20234375 0.02109375 0.03671875
0 0.121875 0.225 0.021875 0.0546875
0 0.1375 0.1546875 0.01640625 0.04375
0 0.1453125 0.190625 0.0171875 0.04375
0 0.15546875 0.14140625 0.0171875 0.02578125
0 0.15703125 0.1703125 0.01484375 0.03515625
0 0.17265625 0.25234375 0.02109375 0.0578125
0 0.20859375 0.29609375 0.02734375 0.06640625
0 0.23984375 0.25234375 0.02265625 0.04921875
0 0.27109375 0.28125 0.03046875 0.065625
0 0.309375 0.3265625 0.02890625 0.07265625
0 0.1890625 0.18671875 0.02109375 0.040625
0 0.1984375 0.140625 0.01953125 0.02890625
0 0.2125 0.1203125 0.0125 0.02890625
0 0.21953125 0.1359375 0.01328125 0.034375
0 0.23828125 0.1078125 0.0125 0.03671875
0 0.2515625 0.12578125 0.0140625 0.03984375
0 0.22890625 0.175 0.01875 0.03515625
0 0.24921875 0.17265625 0.015625 0.03515625
0 0.25625 0.2078125 0.01953125 0.04375
0 0.2875 0.1859375 0.02265625 0.04765625
0 0.2796875 0.14453125 0.01640625 0.034375
0 0.303125 0.14609375 0.015625 0.0390625
0 0.3078125 0.103125 0.015625 0.0375
0 0.33046875 0.26015625 0.025 0.0515625
0 0.33671875 0.21171875 0.025 0.0421875
0 0.340625 0.0984375 0.015625 0.03671875
0 0.321875 0.125 0.01328125 0.028125
0 0.3890625 0.20625 0.0234375 0.0484375
0 0.3859375 0.26015625 0.0234375 0.0484375
0 0.384375 0.33359375 0.03125 0.071875
0 0.43671875 0.29296875 0.02734375 0.06015625
0 0.41484375 0.23984375 0.0234375 0.04921875
0 0.51015625 0.3125 0.02578125 0.0578125
0 0.38515625 0.15 0.01953125 0.03125
0 0.41875 0.16796875 0.0171875 0.03671875
0 0.43125 0.14765625 0.01171875 0.02890625
0 0.4046875 0.115625 0.01328125 0.02265625
0 0.40078125 0.14765625 0.0109375 0.0296875
0 0.38203125 0.121875 0.01328125 0.02109375
0 0.434375 0.109375 0.01328125 0.021875
0 0.45078125 0.159375 0.01796875 0.0390625
0 0.46875 0.1328125 0.01640625 0.025
0 0.47421875 0.1625 0.01640625 0.03203125
0 0.5109375 0.1375 0.01328125 0.021875
0 0.509375 0.16328125 0.015625 0.0296875
0 0.5265625 0.15546875 0.01328125 0.028125
0 0.5359375 0.165625 0.0125 0.02421875
0 0.5078125 0.19453125 0.021875 0.034375
0 0.4578125 0.203125 0.0203125 0.04140625
0 0.5328125 0.19453125 0.01640625 0.03515625
0 0.528125 0.2359375 0.01953125 0.03984375
0 0.54921875 0.19453125 0.0171875 0.03359375
0 0.584375 0.171875 0.01640625 0.0328125
0 0.54609375 0.2265625 0.015625 0.03203125
0 0.584375 0.22578125 0.0203125 0.0375
0 0.60859375 0.19453125 0.0125 0.0234375
0 0.61796875 0.215625 0.021875 0.03828125
0 0.59375 0.29921875 0.025 0.04765625
0 0.6546875 0.2734375 0.01640625 0.0421875
0 0.69375 0.2734375 0.01875 0.03359375
0 0.68828125 0.2296875 0.0140625 0.0265625
0 0.74140625 0.28359375 0.01796875 0.03984375