0 0.07421875 0.5421875 0.0421875 0.11796875
0 0.13515625 0.42890625 0.0421875 0.0890625
0 0.05625 0.44375 0.04765625 0.08515625
0 0.49140625 0.21796875 0.03046875 0.06171875
0 0.71484375 0.12421875 0.021875 0.046875
0 0.61640625 0.24140625 0.02265625 0.05078125
0 0.51875 0.1453125 0.025 0.0484375
0 0.46328125 0.23046875 0.01875 0.03984375
0 0.4015625 0.23828125 0.02265625 0.0484375
0 0.5703125 0.13671875 0.0171875 0.02734375
0 0.38671875 0.203125 0.0203125 0.0359375
0 0.9609375 0.19453125 0.0203125 0.053125