0 0.88203125 0.50625 0.06015625 0.09140625
0 0.77734375 0.33515625 0.0171875 0.04296875
0 0.7484375 0.3359375 0.01875 0.02578125
0 0.7140625 0.365625 0.01640625 0.05234375
0 0.678125 0.35 0.02578125 0.03828125
0 0.65078125 0.3140625 0.0234375 0.040625
0 0.61953125 0.3125 0.021875 0.03828125
0 0.59296875 0.33125 0.021875 0.0484375
0 0.64609375 0.2875 0.01640625 0.040625
0 0.71796875 0.29375 0.01875 0.0265625
0 0.59453125 0.28984375 0.01171875 0.03125
0 0.56640625 0.30078125 0.02265625 0.02734375
0 0.525 0.30703125 0.01875 0.04921875
0 0.4890625 0.31640625 0.02265625 0.04609375
0 0.540625 0.33046875 0.028125 0.04765625
0 0.55390625 0.265625 0.0171875 0.0484375
0 0.57421875 0.25859375 0.02421875 0.03515625
0 0.5984375 0.2546875 0.015625 0.04375
0 0.540625 0.23515625 0.0203125 0.02734375
0 0.5265625 0.21953125 0.00859375 0.028125
0 0.521875 0.25859375 0.0171875 0.03515625
0 0.503125 0.2578125 0.01484375 0.034375
0 0.4828125 0.23203125 0.01484375 0.034375
0 0.48046875 0.26875 0.01953125 0.0328125
0 0.453125 0.2390625 0.021875 0.04140625
0 0.4359375 0.27421875 0.02109375 0.0390625
0 0.4171875 0.246875 0.01875 0.03828125
0 0.390625 0.24609375 0.01640625 0.03515625
0 0.35859375 0.24453125 0.02421875 0.0359375
0 0.4109375 0.225 0.015625 0.0328125
0 0.4296875 0.21328125 0.01796875 0.0296875
0 0.38828125 0.21484375 0.0203125 0.0265625
0 0.3828125 0.19453125 0.01875 0.025
0 0.35625 0.21171875 0.01875 0.0265625
0 0.325 0.19921875 0.01953125 0.04140625
0 0.31875 0.23046875 0.01484375 0.03125
0 0.30390625 0.2171875 0.0140625 0.04765625
0 0.25546875 0.2328125 0.01875 0.0296875
0 0.2375 0.22109375 0.01328125 0.03515625
0 0.20234375 0.22890625 0.02109375 0.02734375
0 0.175 0.234375 0.01875 0.04921875
0 0.13671875 0.24296875 0.01796875 0.040625
0 0.10390625 0.246875 0.021875 0.0515625
0 0.08671875 0.27109375 0.0171875 0.034375
0 0.04765625 0.25859375 0.015625 0.028125
0 0.04140625 0.29453125 0.0234375 0.03203125
0 0.06875 0.29609375 0.015625 0.02890625
0 0.0734375 0.31875 0.025 0.03125
0 0.04453125 0.35234375 0.01484375 0.0390625
0 0.0625 0.3828125 0.021875 0.04765625
0 0.05859375 0.4453125 0.02890625 0.0609375
0 0.12421875 0.36484375 0.03046875 0.03828125
0 0.1140625 0.32421875 0.025 0.0453125
0 0.13671875 0.303125 0.01953125 0.0515625
0 0.16640625 0.29453125 0.01953125 0.040625
0 0.2234375 0.275 0.01796875 0.0375
0 0.2078125 0.25078125 0.0171875 0.04296875
0 0.24453125 0.25703125 0.02109375 0.0578125
0 0.2875 0.24609375 0.0203125 0.03671875
0 0.2734375 0.29296875 0.01953125 0.03828125
0 0.3 0.28828125 0.01640625 0.05546875
0 0.3265625 0.26171875 0.01640625 0.02734375
0 0.359375 0.3 0.02734375 0.0390625
0 0.34140625 0.32734375 0.0265625 0.0453125
0 0.40078125 0.315625 0.0203125 0.04453125
0 0.296875 0.3515625 0.04375 0.05390625
0 0.26328125 0.390625 0.0234375 0.06015625
0 0.32890625 0.36484375 0.03125 0.06171875
0 0.16875 0.34453125 0.0328125 0.053125
0 0.20859375 0.41328125 0.0265625 0.06953125
0 0.14296875 0.4234375 0.040625 0.0890625
0 0.153125 0.49453125 0.03984375 0.06171875
0 0.28984375 0.5265625 0.04375 0.08359375
0 0.35390625 0.44609375 0.03359375 0.06640625
0 0.3859375 0.41484375 0.03515625 0.071875
0 0.403125 0.3734375 0.03203125 0.0609375
0 0.44453125 0.40859375 0.03671875 0.08203125
0 0.4609375 0.35546875 0.03515625 0.0546875
0 0.49296875 0.35859375 0.04375 0.0640625