0 0.81640625 0.4859375 0.04609375 0.065625
0 0.60859375 0.2796875 0.028125 0.0375
0 0.6 0.221875 0.025 0.0453125
0 0.54453125 0.2203125 0.0203125 0.05078125
0 0.63359375 0.190625 0.01953125 0.0421875
0 0.58671875 0.16328125 0.02421875 0.0375
0 0.515625 0.14296875 0.0265625 0.03984375
0 0.4890625 0.1296875 0.01875 0.04296875
0 0.4625 0.1171875 0.01328125 0.04375
0 0.4359375 0.12890625 0.01171875 0.05078125
0 0.415625 0.1296875 0.0125 0.046875
0 0.4359375 0.1875 0.01953125 0.0484375
0 0.16015625 0.12265625 0.0296875 0.0234375
0 0.1203125 0.1390625 0.01015625 0.02734375
0 0.1046875 0.15546875 0.01796875 0.0390625
0 0.07578125 0.14609375 0.01953125 0.046875
0 0.10546875 0.28359375 0.03828125 0.05
0 0.184375 0.3046875 0.0375 0.0375
0 0.2328125 0.28359375 0.025 0.0421875
0 0.29296875 0.26015625 0.02734375 0.0625
0 0.30390625 0.3109375 0.0390625 0.04609375
0 0.35 0.22109375 0.034375 0.03984375
0 0.38359375 0.2609375 0.04609375 0.0515625
0 0.46640625 0.33046875 0.03046875 0.046875
0 0.5265625 0.33671875 0.0296875 0.03828125