0 0.8984375 0.578125 0.04609375 0.0921875
0 0.8125 0.36171875 0.01796875 0.03984375
0 0.77421875 0.38125 0.0234375 0.05390625
0 0.74453125 0.39375 0.02890625 0.05703125
0 0.7078125 0.41484375 0.0234375 0.04375
0 0.74609375 0.3296875 0.0234375 0.046875
0 0.6734375 0.31328125 0.01875 0.0390625
0 0.634375 0.35 0.02265625 0.0421875
0 0.61171875 0.35625 0.02734375 0.06171875
0 0.62734375 0.27578125 0.02265625 0.034375
0 0.6125 0.29296875 0.02421875 0.03125
0 0.60390625 0.31328125 0.0234375 0.02890625
0 0.5890625 0.271875 0.01796875 0.03984375
0 0.5421875 0.23671875 0.015625 0.028125
0 0.56171875 0.27734375 0.01796875 0.0328125
0 0.55 0.25703125 0.0171875 0.03125
0 0.54765625 0.33515625 0.02109375 0.04296875
0 0.50546875 0.3390625 0.01953125 0.03671875
0 0.4859375 0.28984375 0.01875 0.04375
0 0.5046875 0.28046875 0.0140625 0.0359375
0 0.48984375 0.25234375 0.01796875 0.03671875
0 0.45078125 0.29296875 0.01640625 0.03359375
0 0.45390625 0.25234375 0.01796875 0.03984375
0 0.434375 0.2625 0.01796875 0.046875
0 0.4359375 0.225 0.01484375 0.02578125
0 0.54609375 0.29375 0.01484375 0.03203125
0 0.3859375 0.2171875 0.015625 0.0234375
0 0.39765625 0.26484375 0.0171875 0.03359375
0 0.353125 0.23046875 0.01953125 0.03203125
0 0.36953125 0.225 0.0140625 0.0296875
0 0.33125 0.21953125 0.0171875 0.028125
0 0.31328125 0.23125 0.01484375 0.03671875
0 0.28359375 0.27265625 0.015625 0.0375
0 0.35625 0.26796875 0.0171875 0.03671875
0 0.3234375 0.2890625 0.0171875 0.03984375
0 0.278125 0.31328125 0.01875 0.04296875
0 0.3109375 0.33203125 0.02578125 0.05
0 0.36171875 0.31875 0.02421875 0.04375
0 0.4015625 0.35 0.02109375 0.040625
0 0.35546875 0.3734375 0.0203125 0.04609375
0 0.39609375 0.40625 0.02734375 0.05234375
0 0.465625 0.3828125 0.02265625 0.046875
0 0.4625 0.42421875 0.028125 0.05859375
0 0.3015625 0.3796875 0.02421875 0.04140625
0 0.32578125 0.3953125 0.028125 0.05703125
0 0.26640625 0.4296875 0.03203125 0.06171875
0 0.24375 0.259375 0.0171875 0.0421875
0 0.21796875 0.28046875 0.021875 0.05390625
0 0.19921875 0.2515625 0.0203125 0.040625
0 0.16953125 0.25234375 0.021875 0.0328125
0 0.13359375 0.265625 0.0171875 0.03359375
0 0.09609375 0.25859375 0.01640625 0.04296875
0 0.11796875 0.2875 0.015625 0.04296875
0 0.07421875 0.3109375 0.01875 0.02578125
0 0.02890625 0.29921875 0.01796875 0.03984375
0 0.03046875 0.33828125 0.021875 0.03125
0 0.0734375 0.35390625 0.021875 0.046875
0 0.053125 0.35859375 0.02109375 0.03828125
0 0.1 0.35625 0.01796875 0.04375
0 0.1234375 0.346875 0.021875 0.04375
0 0.11171875 0.3578125 0.00078125 0.0015625
0 0.165625 0.3140625 0.01953125 0.04765625
0 0.1578125 0.28359375 0.02421875 0.0359375
0 0.11640625 0.409375 0.02890625 0.05859375
0 0.1546875 0.3640625 0.02109375 0.05390625
0 0.16640625 0.37734375 0.02109375 0.0609375
0 0.03359375 0.3921875 0.02265625 0.0484375
0 0.125 0.49296875 0.03828125 0.05859375
0 0.05390625 0.49921875 0.03203125 0.07109375
0 0.20703125 0.459375 0.0328125 0.071875
0 0.15625 0.53515625 0.03046875 0.08125
0 0.28671875 0.5578125 0.04609375 0.078125
0 0.3625 0.5015625 0.03828125 0.06953125
0 0.4046875 0.4796875 0.02890625 0.075
0 0.53828125 0.42578125 0.03984375 0.0671875
0 0.67734375 0.35859375 0.0203125 0.0421875