0 0.025 0.4359375 0.0296875 0.06484375
0 0.86171875 0.534375 0.03828125 0.06171875
0 0.9359375 0.484375 0.034375 0.0875
0 0.87109375 0.45703125 0.03046875 0.075
0 0.88515625 0.3828125 0.0171875 0.07109375
0 0.9171875 0.35703125 0.02109375 0.05859375
0 0.9578125 0.36640625 0.02734375 0.0640625
0 0.93984375 0.328125 0.01796875 0.040625
0 0.9140625 0.31953125 0.01875 0.040625
0 0.92265625 0.28515625 0.01484375 0.03984375
0 0.96015625 0.3046875 0.01484375 0.0421875
0 0.96875 0.28359375 0.015625 0.03359375
0 0.903125 0.24609375 0.0109375 0.04296875
0 0.8828125 0.2859375 0.01796875 0.04296875
0 0.8671875 0.253125 0.02109375 0.03671875
0 0.84453125 0.27109375 0.02578125 0.03828125
0 0.84140625 0.30859375 0.0171875 0.02109375
0 0.8609375 0.3421875 0.0125 0.0421875
0 0.86484375 0.31328125 0.01875 0.04140625
0 0.8328125 0.35625 0.02265625 0.04765625
0 0.8 0.2890625 0.021875 0.0421875
0 0.8078125 0.24609375 0.01953125 0.03984375
0 0.7875 0.23671875 0.015625 0.034375
0 0.78515625 0.26796875 0.02265625 0.0328125
0 0.76640625 0.26328125 0.02109375 0.03359375
0 0.76640625 0.2390625 0.01015625 0.0421875
0 0.74921875 0.2890625 0.0171875 0.04453125
0 0.725 0.25 0.021875 0.03984375
0 0.69609375 0.26796875 0.01640625 0.03984375
0 0.71015625 0.325 0.01796875 0.0515625
0 0.70859375 0.359375 0.0265625 0.05078125
0 0.646875 0.30078125 0.03046875 0.05390625
0 0.6625 0.34140625 0.01796875 0.05859375
0 0.6765625 0.37890625 0.025 0.05234375
0 0.7375 0.41640625 0.03046875 0.0578125
0 0.7890625 0.4359375 0.03359375 0.07109375
0 0.73046875 0.47890625 0.034375 0.07421875
0 0.66171875 0.49453125 0.04140625 0.065625
0 0.61484375 0.409375 0.0328125 0.05078125
0 0.61484375 0.3484375 0.0328125 0.06796875
0 0.61171875 0.46171875 0.0359375 0.06328125
0 0.56015625 0.4203125 0.03359375 0.0625
0 0.55 0.36328125 0.0359375 0.065625
0 0.47578125 0.41640625 0.02578125 0.0625
0 0.721875 0.21953125 0.01796875 0.0359375
0 0.6953125 0.2328125 0.0125 0.03046875
0 0.68046875 0.20703125 0.01484375 0.0375
0 0.66171875 0.2203125 0.01328125 0.02890625
0 0.665625 0.25234375 0.01640625 0.0421875
0 0.6453125 0.21484375 0.0140625 0.03203125
0 0.628125 0.2046875 0.01796875 0.03828125
0 0.6171875 0.21875 0.0203125 0.03125
0 0.61640625 0.24921875 0.015625 0.04140625
0 0.596875 0.2140625 0.01171875 0.02265625
0 0.575 0.228125 0.01328125 0.03125
0 0.6015625 0.2640625 0.028125 0.02734375
0 0.56953125 0.28125 0.01875 0.03671875
0 0.5625 0.24453125 0.01484375 0.0390625
0 0.54375 0.2484375 0.01640625 0.0390625
0 0.53515625 0.275 0.01640625 0.040625
0 0.5171875 0.27890625 0.02109375 0.0515625
0 0.48515625 0.234375 0.01015625 0.0328125
0 0.4859375 0.27265625 0.01640625 0.03359375
0 0.44375 0.23671875 0.01875 0.03671875
0 0.484375 0.309375 0.02421875 0.03671875
0 0.51640625 0.325 0.021875 0.03671875
0 0.54375 0.31484375 0.02109375 0.0234375
0 0.46171875 0.34765625 0.02109375 0.04140625
0 0.446875 0.30234375 0.021875 0.02265625
0 0.4171875 0.33984375 0.01953125 0.03671875
0 0.4203125 0.303125 0.0171875 0.04296875
0 0.41875 0.26640625 0.01640625 0.0453125
0 0.4015625 0.26328125 0.01640625 0.04453125
0 0.39765625 0.33984375 0.02109375 0.04296875
0 0.37109375 0.340625 0.02265625 0.04921875
0 0.36953125 0.30078125 0.01875 0.04296875
0 0.340625 0.36171875 0.0265625 0.04765625
0 0.3015625 0.36640625 0.021875 0.040625
0 0.2890625 0.3171875 0.01953125 0.0296875
0 0.26171875 0.38125 0.02109375 0.0578125
0 0.2375 0.33671875 0.01796875 0.0453125
0 0.45703125 0.26875 0.0171875 0.04140625