0 0.81640625 0.48046875 0.04296875 0.0828125
0 0.7296875 0.27734375 0.0203125 0.04296875
0 0.721875 0.24296875 0.0171875 0.0390625
0 0.6921875 0.228125 0.01796875 0.0359375
0 0.6984375 0.26640625 0.0203125 0.03515625
0 0.68359375 0.28671875 0.02265625 0.0421875
0 0.66484375 0.22421875 0.0171875 0.0421875
0 0.64375 0.2359375 0.02109375 0.04375
0 0.65234375 0.2734375 0.02265625 0.0484375
0 0.61875 0.2671875 0.0203125 0.05078125
0 0.5921875 0.26328125 0.021875 0.05
0 0.61875 0.1921875 0.021875 0.03515625
0 0.5921875 0.1984375 0.015625 0.03046875
0 0.54765625 0.228125 0.021875 0.04296875
0 0.525 0.2484375 0.02265625 0.05
0 0.484375 0.215625 0.02109375 0.04140625
0 0.50546875 0.21015625 0.02421875 0.04375
0 0.55546875 0.1765625 0.0171875 0.02890625
0 0.5203125 0.14296875 0.0125 0.0265625
0 0.54453125 0.159375 0.0171875 0.02734375
0 0.4921875 0.17734375 0.0171875 0.0359375
0 0.4734375 0.18125 0.0203125 0.03828125
0 0.4453125 0.16171875 0.01484375 0.03203125
0 0.44375 0.12421875 0.01484375 0.02734375
0 0.41875 0.171875 0.0171875 0.03203125
0 0.43203125 0.234375 0.02109375 0.05
0 0.48125 0.303125 0.0265625 0.05703125
0 0.421875 0.2921875 0.03046875 0.06640625
0 0.3828125 0.24921875 0.02578125 0.059375
0 0.38203125 0.15 0.0109375 0.0328125
0 0.40546875 0.1515625 0.01328125 0.0359375
0 0.3890625 0.13203125 0.01484375 0.03046875
0 0.60703125 0.2265625 0.0203125 0.04375
0 0.36484375 0.2109375 0.0203125 0.040625
0 0.34765625 0.18671875 0.02265625 0.04140625
0 0.3609375 0.13671875 0.015625 0.03671875
0 0.334375 0.13203125 0.01484375 0.03515625
0 0.30859375 0.15703125 0.0171875 0.040625
0 0.29296875 0.15078125 0.01484375 0.0296875
0 0.27265625 0.134375 0.01484375 0.02734375
0 0.26015625 0.1515625 0.01484375 0.03125
0 0.27421875 0.16640625 0.01640625 0.02890625
0 0.23671875 0.165625 0.015625 0.03203125
0 0.20625 0.1703125 0.01875 0.03828125
0 0.16953125 0.15546875 0.0203125 0.0359375
0 0.14140625 0.1546875 0.02265625 0.0375
0 0.109375 0.15859375 0.015625 0.0421875
0 0.1265625 0.19375 0.01875 0.0421875
0 0.15859375 0.20390625 0.01640625 0.0390625
0 0.18125 0.22890625 0.02421875 0.05390625
0 0.22890625 0.20703125 0.02421875 0.05390625
0 0.28671875 0.225 0.021875 0.06171875
0 0.2703125 0.2078125 0.0203125 0.0375
0 0.3234375 0.21796875 0.0203125 0.04921875
0 0.24765625 0.240625 0.021875 0.05546875
0 0.23046875 0.2765625 0.028125 0.06328125
0 0.1609375 0.32421875 0.02890625 0.059375
0 0.14375 0.25625 0.02578125 0.05078125
0 0.08046875 0.2640625 0.02578125 0.06953125
0 0.36015625 0.32578125 0.0296875 0.0703125
0 0.2875 0.2875 0.028125 0.0671875