0 0.25703125 0.4515625 0.0421875 0.103125
0 0.2171875 0.47421875 0.05 0.09375
0 0.3515625 0.25859375 0.0203125 0.05703125
0 0.371875 0.259375 0.021875 0.04765625
0 0.43359375 0.2875 0.025 0.04921875
0 0.446875 0.23359375 0.0203125 0.03984375
0 0.421875 0.2328125 0.02109375 0.04375
0 0.453125 0.19375 0.0171875 0.03671875
0 0.47578125 0.19765625 0.02109375 0.0421875
0 0.47890625 0.32421875 0.028125 0.05546875
0 0.5390625 0.203125 0.0265625 0.04609375
0 0.4953125 0.15546875 0.0140625 0.03203125
0 0.5359375 0.140625 0.0140625 0.0296875
0 0.56171875 0.15078125 0.01875 0.034375
0 0.58828125 0.1484375 0.015625 0.0375
0 0.5171875 0.1703125 0.0140625 0.03515625
0 0.4703125 0.15546875 0.01796875 0.0265625
0 0.65625 0.2640625 0.02265625 0.05546875
0 0.88046875 0.2328125 0.0234375 0.0546875
0 0.8171875 0.1328125 0.0171875 0.03984375
0 0.80390625 0.18984375 0.0203125 0.04453125
0 0.7546875 0.13671875 0.015625 0.040625
0 0.71640625 0.14140625 0.0203125 0.040625
0 0.68671875 0.1703125 0.01796875 0.03828125
0 0.7421875 0.15703125 0.01640625 0.04609375
0 0.7609375 0.18046875 0.02109375 0.040625
0 0.771875 0.31171875 0.028125 0.05390625
0 0.72109375 0.28828125 0.02890625 0.078125