0 0.34140625 0.4859375 0.065625 0.13515625
0 0.25625 0.409375 0.0578125 0.15546875
0 0.62734375 0.24375 0.03359375 0.05859375
0 0.58125 0.259375 0.02578125 0.0578125
0 0.475 0.2265625 0.028125 0.04765625
0 0.44375 0.24921875 0.028125 0.04453125
0 0.390625 0.2421875 0.021875 0.0453125
0 0.440625 0.20390625 0.01953125 0.0515625
0 0.40546875 0.20859375 0.0265625 0.0390625
0 0.659375 0.12265625 0.01484375 0.03671875
0 0.634375 0.12734375 0.0140625 0.0390625
0 0.60546875 0.1109375 0.01875 0.040625
0 0.58203125 0.11015625 0.01796875 0.04296875