0 0.8734375 0.5453125 0.040625 0.0984375
0 0.19765625 0.525 0.0421875 0.07421875
0 0.31640625 0.56484375 0.028125 0.06796875
0 0.37421875 0.484375 0.03359375 0.0515625
0 0.42421875 0.459375 0.03203125 0.065625
0 0.48828125 0.46875 0.02421875 0.078125
0 0.528125 0.4265625 0.0234375 0.0640625
0 0.46953125 0.38125 0.025 0.06328125
0 0.39140625 0.3875 0.02109375 0.04609375
0 0.35390625 0.3921875 0.01953125 0.04921875
0 0.28828125 0.42578125 0.0265625 0.06484375
0 0.2359375 0.44296875 0.02578125 0.0578125
0 0.1 0.46875 0.0328125 0.06171875
0 0.1515625 0.4125 0.025 0.0515625
0 0.2046875 0.38203125 0.0203125 0.05859375
0 0.19296875 0.346875 0.021875 0.03203125
0 0.14453125 0.3609375 0.0234375 0.04453125
0 0.16796875 0.3421875 0.01796875 0.04921875
0 0.09140625 0.39296875 0.025 0.04765625
0 0.125 0.334375 0.0140625 0.03671875
0 0.10078125 0.34140625 0.01328125 0.04375
0 0.07578125 0.3265625 0.01640625 0.046875
0 0.0734375 0.30078125 0.0140625 0.0296875
0 0.1171875 0.28359375 0.015625 0.03046875
0 0.1359375 0.2703125 0.02109375 0.03359375
0 0.1578125 0.2984375 0.01640625 0.046875
0 0.16875 0.27265625 0.01640625 0.03828125
0 0.1984375 0.2546875 0.0171875 0.04140625
0 0.20078125 0.315625 0.01796875 0.04375
0 0.23984375 0.29375 0.01796875 0.0421875
0 0.2265625 0.2765625 0.0125 0.03359375
0 0.22734375 0.25546875 0.01640625 0.03515625
0 0.25234375 0.2640625 0.02421875 0.04375
0 0.2703125 0.275 0.01796875 0.03359375
0 0.2734375 0.2546875 0.01640625 0.04375
0 0.30625 0.26328125 0.01796875 0.0421875
0 0.31484375 0.321875 0.01640625 0.053125
0 0.3421875 0.28828125 0.01953125 0.05390625
0 0.36875 0.32109375 0.028125 0.06328125
0 0.3640625 0.365625 0.03046875 0.0578125
0 0.4046875 0.334375 0.01640625 0.0546875
0 0.3203125 0.2390625 0.0125 0.04140625
0 0.33671875 0.246875 0.01484375 0.0375
0 0.3421875 0.21484375 0.01796875 0.02890625
0 0.37265625 0.26171875 0.0140625 0.0328125
0 0.37890625 0.221875 0.01796875 0.0359375
0 0.39453125 0.21953125 0.01328125 0.034375
0 0.40859375 0.2359375 0.0109375 0.0328125
0 0.41015625 0.26875 0.0171875 0.04375
0 0.42890625 0.27734375 0.01953125 0.04765625
0 0.43671875 0.23046875 0.01484375 0.0265625
0 0.45390625 0.22890625 0.01171875 0.03125
0 0.45078125 0.28359375 0.015625 0.040625
0 0.4625 0.2671875 0.01484375 0.03984375
0 0.484375 0.290625 0.021875 0.034375
0 0.484375 0.25234375 0.01953125 0.04140625
0 0.5421875 0.259375 0.0109375 0.03046875
0 0.55078125 0.2828125 0.01328125 0.0234375
0 0.5078125 0.3421875 0.015625 0.06171875
0 0.53828125 0.33515625 0.0265625 0.04453125
0 0.55625 0.275 0.01953125 0.03671875
0 0.57734375 0.271875 0.0171875 0.02734375
0 0.590625 0.29296875 0.0203125 0.02734375
0 0.615625 0.2703125 0.0109375 0.02890625
0 0.55703125 0.36015625 0.021875 0.06875
0 0.59765625 0.3515625 0.01953125 0.04140625
0 0.575 0.3234375 0.0234375 0.04609375
0 0.60390625 0.31484375 0.0234375 0.0453125
0 0.64921875 0.30625 0.0171875 0.04140625
0 0.64765625 0.3484375 0.015625 0.04921875
0 0.62109375 0.36171875 0.021875 0.05625
0 0.67109375 0.3765625 0.0234375 0.04140625
0 0.71953125 0.3265625 0.02578125 0.03984375
0 0.71328125 0.384375 0.028125 0.04921875
0 0.7484375 0.38359375 0.021875 0.0609375
0 0.778125 0.3578125 0.021875 0.0640625