0 0.11796875 0.50625 0.06015625 0.09140625
0 0.22265625 0.33515625 0.0171875 0.04296875
0 0.2515625 0.3359375 0.01875 0.02578125
0 0.2859375 0.365625 0.01640625 0.05234375
0 0.321875 0.35 0.02578125 0.03828125
0 0.34921875 0.3140625 0.0234375 0.040625
0 0.38046875 0.3125 0.021875 0.03828125
0 0.40703125 0.33125 0.021875 0.0484375
0 0.35390625 0.2875 0.01640625 0.040625
0 0.28203125 0.29375 0.01875 0.0265625
0 0.40546875 0.28984375 0.01171875 0.03125
0 0.43359375 0.30078125 0.02265625 0.02734375
0 0.475 0.30703125 0.01875 0.04921875
0 0.5109375 0.31640625 0.02265625 0.04609375
0 0.459375 0.33046875 0.028125 0.04765625
0 0.44609375 0.265625 0.0171875 0.0484375
0 0.42578125 0.25859375 0.02421875 0.03515625
0 0.4015625 0.2546875 0.015625 0.04375
0 0.459375 0.23515625 0.0203125 0.02734375
0 0.4734375 0.21953125 0.00859375 0.028125
0 0.478125 0.25859375 0.0171875 0.03515625
0 0.496875 0.2578125 0.01484375 0.034375
0 0.5171875 0.23203125 0.01484375 0.034375
0 0.51953125 0.26875 0.01953125 0.0328125
0 0.546875 0.2390625 0.021875 0.04140625
0 0.5640625 0.27421875 0.02109375 0.0390625
0 0.5828125 0.246875 0.01875 0.03828125
0 0.609375 0.24609375 0.01640625 0.03515625
0 0.64140625 0.24453125 0.02421875 0.0359375
0 0.5890625 0.225 0.015625 0.0328125
0 0.5703125 0.21328125 0.01796875 0.0296875
0 0.61171875 0.21484375 0.0203125 0.0265625
0 0.6171875 0.19453125 0.01875 0.025
0 0.64375 0.21171875 0.01875 0.0265625
0 0.675 0.19921875 0.01953125 0.04140625
0 0.68125 0.23046875 0.01484375 0.03125
0 0.69609375 0.2171875 0.0140625 0.04765625
0 0.74453125 0.2328125 0.01875 0.0296875
0 0.7625 0.22109375 0.01328125 0.03515625
0 0.79765625 0.22890625 0.02109375 0.02734375
0 0.825 0.234375 0.01875 0.04921875
0 0.86328125 0.24296875 0.01796875 0.040625
0 0.89609375 0.246875 0.021875 0.0515625
0 0.91328125 0.27109375 0.0171875 0.034375
0 0.95234375 0.25859375 0.015625 0.028125
0 0.95859375 0.29453125 0.0234375 0.03203125
0 0.93125 0.29609375 0.015625 0.02890625
0 0.9265625 0.31875 0.025 0.03125
0 0.95546875 0.35234375 0.01484375 0.0390625
0 0.9375 0.3828125 0.021875 0.04765625
0 0.94140625 0.4453125 0.02890625 0.0609375
0 0.87578125 0.36484375 0.03046875 0.03828125
0 0.8859375 0.32421875 0.025 0.0453125
0 0.86328125 0.303125 0.01953125 0.0515625
0 0.83359375 0.29453125 0.01953125 0.040625
0 0.7765625 0.275 0.01796875 0.0375
0 0.7921875 0.25078125 0.0171875 0.04296875
0 0.75546875 0.25703125 0.02109375 0.0578125
0 0.7125 0.24609375 0.0203125 0.03671875
0 0.7265625 0.29296875 0.01953125 0.03828125
0 0.7 0.28828125 0.01640625 0.05546875
0 0.6734375 0.26171875 0.01640625 0.02734375
0 0.640625 0.3 0.02734375 0.0390625
0 0.65859375 0.32734375 0.0265625 0.0453125
0 0.59921875 0.315625 0.0203125 0.04453125
0 0.703125 0.3515625 0.04375 0.05390625
0 0.73671875 0.390625 0.0234375 0.06015625
0 0.67109375 0.36484375 0.03125 0.06171875
0 0.83125 0.34453125 0.0328125 0.053125
0 0.79140625 0.41328125 0.0265625 0.06953125
0 0.85703125 0.4234375 0.040625 0.0890625
0 0.846875 0.49453125 0.03984375 0.06171875
0 0.71015625 0.5265625 0.04375 0.08359375
0 0.64609375 0.44609375 0.03359375 0.06640625
0 0.6140625 0.41484375 0.03515625 0.071875
0 0.596875 0.3734375 0.03203125 0.0609375
0 0.55546875 0.40859375 0.03671875 0.08203125
0 0.5390625 0.35546875 0.03515625 0.0546875
0 0.50703125 0.35859375 0.04375 0.0640625