0 0.17265625 0.46328125 0.05 0.11953125
0 0.26953125 0.2125 0.01953125 0.03203125
0 0.30234375 0.215625 0.0140625 0.03203125
0 0.325 0.17734375 0.01640625 0.040625
0 0.353125 0.17578125 0.015625 0.03828125
0 0.34453125 0.20390625 0.01640625 0.03828125
0 0.3859375 0.26953125 0.01875 0.0453125
0 0.39921875 0.22109375 0.01875 0.040625
0 0.41015625 0.19765625 0.01875 0.0359375
0 0.39140625 0.14921875 0.01484375 0.03359375
0 0.4140625 0.15078125 0.01328125 0.03125
0 0.44140625 0.178125 0.01875 0.03203125
0 0.4671875 0.18671875 0.01875 0.03203125
0 0.44140625 0.14375 0.01875 0.03125
0 0.465625 0.12890625 0.0125 0.02734375
0 0.48046875 0.13203125 0.01484375 0.03125
0 0.5015625 0.16875 0.01640625 0.02734375
0 0.52421875 0.17109375 0.01640625 0.03359375
0 0.56328125 0.1734375 0.01953125 0.040625
0 0.5078125 0.13828125 0.015625 0.03359375
0 0.528125 0.1421875 0.01796875 0.03203125
0 0.54921875 0.14765625 0.0140625 0.0296875
0 0.56875 0.15 0.0203125 0.034375
0 0.59296875 0.10078125 0.0140625 0.02421875
0 0.52109375 0.1203125 0.0140625 0.0296875
0 0.49609375 0.10859375 0.01484375 0.034375
0 0.55703125 0.1125 0.01796875 0.03125
0 0.60625 0.14765625 0.0171875 0.04375
0 0.64921875 0.1 0.01484375 0.02421875
0 0.621875 0.1296875 0.01875 0.03125
0 0.64140625 0.1453125 0.01640625 0.03203125
0 0.68046875 0.09765625 0.01328125 0.0265625
0 0.640625 0.18671875 0.01796875 0.0453125
0 0.5875 0.21328125 0.028125 0.05546875
0 0.62265625 0.2328125 0.02421875 0.05859375
0 0.68671875 0.23984375 0.0265625 0.05625
0 0.67734375 0.16796875 0.021875 0.04296875
0 0.70078125 0.30625 0.03125 0.07421875
0 0.74296875 0.3703125 0.0390625 0.078125
0 0.79296875 0.28046875 0.0296875 0.06484375
0 0.8296875 0.240625 0.02265625 0.0453125
0 0.9171875 0.34765625 0.03671875 0.06796875
0 0.734375 0.21796875 0.02265625 0.04296875
0 0.7578125 0.2359375 0.025 0.04765625
0 0.7203125 0.16875 0.02109375 0.0359375
0 0.7296875 0.1359375 0.0171875 0.0359375
0 0.74765625 0.125 0.015625 0.034375
0 0.765625 0.11796875 0.0171875 0.03828125
0 0.7796875 0.1296875 0.01640625 0.03125
0 0.8 0.1265625 0.0140625 0.02890625
0 0.81640625 0.125 0.01484375 0.0265625
0 0.8453125 0.14453125 0.01796875 0.03671875
0 0.8734375 0.16640625 0.021875 0.04375
0 0.7890625 0.1578125 0.0203125 0.03828125
0 0.79921875 0.19765625 0.02265625 0.04140625
0 0.75546875 0.18671875 0.0203125 0.04296875
0 0.84296875 0.21328125 0.01953125 0.0484375
0 0.8984375 0.2171875 0.0265625 0.0484375
0 0.9109375 0.18203125 0.01796875 0.03828125
0 0.93828125 0.19453125 0.0203125 0.0453125
0 0.95 0.1734375 0.01796875 0.034375
0 0.94296875 0.22421875 0.015625 0.04296875
0 0.93125 0.246875 0.02265625 0.053125
0 0.8234375 0.19453125 0.02265625 0.04296875
0 0.69453125 0.1125 0.015625 0.0359375
0 0.7015625 0.096875 0.0140625 0.02734375
0 0.58515625 0.1375 0.01484375 0.0296875
0 0.6890625 0.19765625 0.02421875 0.0390625