0 0.121875 0.47265625 0.05625 0.09609375
0 0.86640625 0.41953125 0.03671875 0.04921875
0 0.79453125 0.3765625 0.03828125 0.0796875
0 0.7296875 0.3421875 0.028125 0.0546875
0 0.6703125 0.3359375 0.03359375 0.03828125
0 0.6125 0.32109375 0.03359375 0.040625
0 0.58046875 0.29375 0.02265625 0.0421875
0 0.621875 0.25703125 0.0234375 0.0515625
0 0.67734375 0.2109375 0.0171875 0.0390625
0 0.69921875 0.19921875 0.01953125 0.03984375
0 0.77421875 0.17421875 0.01875 0.0296875
0 0.7265625 0.2296875 0.0203125 0.04609375
0 0.74453125 0.2046875 0.01484375 0.02890625
0 0.75234375 0.259375 0.01328125 0.05078125
0 0.8171875 0.26640625 0.01328125 0.0421875
0 0.78984375 0.23671875 0.0125 0.0375
0 0.8234375 0.2078125 0.021875 0.025
0 0.84453125 0.2015625 0.0140625 0.03828125
0 0.809375 0.17265625 0.01796875 0.01953125
0 0.8734375 0.2203125 0.01640625 0.04375
0 0.90234375 0.203125 0.0125 0.021875
0 0.97734375 0.22578125 0.01484375 0.03125
0 0.94375 0.21796875 0.01875 0.04140625
0 0.90390625 0.23359375 0.0109375 0.03515625
0 0.8890625 0.253125 0.021875 0.04140625
0 0.92109375 0.29765625 0.021875 0.0296875
0 0.97265625 0.2828125 0.02265625 0.03125
0 0.96875 0.30859375 0.02109375 0.02265625
0 0.9484375 0.33125 0.03046875 0.03515625
0 0.94609375 0.4 0.034375 0.04921875
0 0.88046875 0.35234375 0.02421875 0.0421875
0 0.8625 0.290625 0.02109375 0.03125
0 0.87421875 0.28125 0.0140625 0.0421875
0 0.4515625 0.278125 0.0265625 0.0453125
0 0.24921875 0.2453125 0.01953125 0.0328125
0 0.2140625 0.259375 0.021875 0.03359375
0 0.28359375 0.21484375 0.01875 0.0296875
0 0.33828125 0.228125 0.0265625 0.04921875
0 0.384375 0.22890625 0.0234375 0.02890625
0 0.40234375 0.21796875 0.00859375 0.0328125
0 0.48359375 0.22265625 0.0234375 0.0359375
0 0.4015625 0.178125 0.015625 0.03046875
0 0.36171875 0.1921875 0.0171875 0.04296875
0 0.3203125 0.196875 0.01875 0.0390625
0 0.3796875 0.18203125 0.01875 0.03515625
0 0.4390625 0.1859375 0.02109375 0.046875
0 0.44921875 0.153125 0.01484375 0.02578125
0 0.50703125 0.19453125 0.0234375 0.03359375
0 0.56015625 0.2015625 0.02578125 0.0421875
0 0.58828125 0.18125 0.01953125 0.028125
0 0.53515625 0.1546875 0.021875 0.0328125
0 0.5 0.1484375 0.0171875 0.0453125
0 0.71484375 0.15546875 0.0140625 0.03671875
0 0.69296875 0.1609375 0.01328125 0.02265625
0 0.69453125 0.13125 0.01171875 0.02734375
0 0.675 0.13125 0.01640625 0.03046875
0 0.66328125 0.1375 0.01171875 0.025
0 0.6640625 0.17265625 0.01640625 0.0328125
0 0.6328125 0.18125 0.01796875 0.0234375
0 0.6109375 0.18046875 0.01796875 0.0453125
0 0.61328125 0.14140625 0.01484375 0.0296875
0 0.64140625 0.12578125 0.01640625 0.0328125
0 0.60625 0.12265625 0.01953125 0.0234375
0 0.58984375 0.13359375 0.015625 0.0171875
0 0.56171875 0.13359375 0.02109375 0.0328125