0 0.1859375 0.36171875 0.05078125 0.07578125
0 0.8984375 0.41796875 0.03125 0.07109375
0 0.9171875 0.33828125 0.01953125 0.0703125
0 0.93046875 0.28203125 0.01796875 0.05703125
0 0.93203125 0.215625 0.02421875 0.04609375
0 0.8921875 0.2328125 0.01953125 0.05625
0 0.87890625 0.25390625 0.021875 0.04453125
0 0.84609375 0.31015625 0.0234375 0.06484375
0 0.81875 0.39296875 0.03046875 0.0703125
0 0.790625 0.30078125 0.01875 0.06015625
0 0.81328125 0.24296875 0.0171875 0.03984375
0 0.81015625 0.20703125 0.015625 0.04375
0 0.79765625 0.15703125 0.0140625 0.04140625
0 0.8171875 0.1578125 0.01171875 0.03046875
0 0.78125 0.14296875 0.01953125 0.03203125
0 0.75390625 0.1359375 0.01484375 0.03203125
0 0.73984375 0.14765625 0.0109375 0.03671875
0 0.75390625 0.17890625 0.01328125 0.02578125
0 0.7640625 0.1875 0.0125 0.040625
0 0.7203125 0.18515625 0.0125 0.03203125
0 0.703125 0.16640625 0.0125 0.040625
0 0.73125 0.2265625 0.0140625 0.0390625
0 0.76015625 0.2609375 0.02265625 0.0421875
0 0.73359375 0.27578125 0.028125 0.0375
0 0.7484375 0.384375 0.028125 0.06171875
0 0.7 0.30625 0.02578125 0.04921875
0 0.68671875 0.265625 0.015625 0.04375
0 0.634375 0.2453125 0.0203125 0.05
0 0.6078125 0.3234375 0.02734375 0.0546875
0 0.671875 0.184375 0.01796875 0.05703125
0 0.62890625 0.15546875 0.015625 0.040625
0 0.575 0.2484375 0.02265625 0.0515625
0 0.54921875 0.284375 0.0375 0.0671875
0 0.49609375 0.27734375 0.02578125 0.065625
0 0.72578125 0.1125 0.009375 0.03515625
0 0.69921875 0.10390625 0.0125 0.02734375
0 0.6921875 0.121875 0.0125 0.02421875
0 0.66953125 0.103125 0.0171875 0.025
0 0.67890625 0.1453125 0.01796875 0.03671875
0 0.65390625 0.13671875 0.01015625 0.03671875
0 0.640625 0.1203125 0.0109375 0.03125
0 0.6328125 0.1296875 0.0125 0.03984375
0 0.6203125 0.1171875 0.0109375 0.034375
0 0.60625 0.13359375 0.01796875 0.03828125
0 0.58125 0.1234375 0.01171875 0.03046875
0 0.5875 0.1703125 0.01640625 0.03515625
0 0.56796875 0.15390625 0.01015625 0.03125
0 0.55390625 0.16171875 0.01328125 0.03359375
0 0.55 0.20078125 0.01484375 0.04296875
0 0.50859375 0.18359375 0.015625 0.028125
0 0.528125 0.1734375 0.01796875 0.034375
0 0.51640625 0.15625 0.01171875 0.0296875
0 0.54921875 0.13125 0.01171875 0.02890625
0 0.53203125 0.13125 0.0109375 0.03125
0 0.5125 0.1234375 0.0109375 0.0296875
0 0.46328125 0.1421875 0.015625 0.04296875
0 0.47421875 0.1515625 0.0125 0.034375
0 0.49453125 0.13515625 0.01171875 0.0265625
0 0.47890625 0.1890625 0.01796875 0.03125
0 0.4828125 0.23359375 0.021875 0.0453125
0 0.446875 0.22421875 0.01875 0.04609375
0 0.446875 0.1734375 0.01796875 0.05
0 0.42109375 0.14921875 0.01640625 0.0328125
0 0.41796875 0.17109375 0.015625 0.02578125
0 0.4296875 0.20078125 0.01953125 0.03515625
0 0.41953125 0.24296875 0.02578125 0.03203125
0 0.39921875 0.19453125 0.01796875 0.03359375
0 0.3734375 0.19765625 0.0171875 0.03125
0 0.36875 0.25859375 0.01953125 0.04140625
0 0.35546875 0.23203125 0.02265625 0.03046875
0 0.3453125 0.203125 0.01171875 0.03046875
0 0.32734375 0.17578125 0.01484375 0.02578125
0 0.31328125 0.21171875 0.0234375 0.03828125
0 0.3328125 0.22734375 0.01875 0.03984375