0 0.30546875 0.1890625 0.02109375 0.04375
0 0.36875 0.2421875 0.0265625 0.0625
0 0.42734375 0.1390625 0.0203125 0.03359375
0 0.50703125 0.15 0.01796875 0.03515625
0 0.5 0.18828125 0.02109375 0.0421875
0 0.5203125 0.18828125 0.0171875 0.040625
0 0.590625 0.19921875 0.02265625 0.04375
0 0.54375 0.228125 0.0234375 0.04765625
0 0.56796875 0.2578125 0.02265625 0.059375
0 0.62890625 0.23203125 0.0265625 0.06015625
0 0.50546875 0.28984375 0.02890625 0.0515625
0 0.59921875 0.34375 0.03359375 0.05703125
0 0.8640625 0.2921875 0.0234375 0.05234375