0 0.4078125 0.215625 0.03203125 0.07265625
0 0.3265625 0.19921875 0.01484375 0.04453125
0 0.35078125 0.20078125 0.02109375 0.03046875
0 0.4453125 0.23671875 0.01171875 0.04375
0 0.59296875 0.2265625 0.02109375 0.0609375
0 0.6296875 0.20078125 0.0234375 0.03984375
0 0.65625 0.18984375 0.01953125 0.02578125
0 0.66015625 0.23359375 0.02734375 0.0328125
0 0.71171875 0.22578125 0.0359375 0.04765625
0 0.70703125 0.1796875 0.01484375 0.03125
0 0.86796875 0.28515625 0.02734375 0.0515625
0 0.9140625 0.2453125 0.02578125 0.04375
0 0.87734375 0.2234375 0.02109375 0.05
0 0.85390625 0.19921875 0.01796875 0.04453125
0 0.784375 0.22578125 0.01953125 0.03828125
0 0.8078125 0.18359375 0.01328125 0.0515625
0 0.7828125 0.1640625 0.0171875 0.0390625
0 0.76875 0.171875 0.0171875 0.02421875
0 0.7359375 0.17578125 0.0171875 0.03203125
0 0.69609375 0.1671875 0.01015625 0.0359375
0 0.746875 0.13359375 0.01640625 0.025
0 0.7625 0.12890625 0.00703125 0.01875
0 0.78828125 0.13046875 0.01328125 0.01796875
0 0.82109375 0.12734375 0.015625 0.04140625
0 0.85390625 0.13984375 0.02421875 0.040625
0 0.8734375 0.146875 0.0234375 0.04296875
0 0.81171875 0.16171875 0.021875 0.046875
0 0.9421875 0.18125 0.028125 0.0296875
0 0.93125 0.21328125 0.01875 0.0390625
0 0.90078125 0.19609375 0.02421875 0.05625
0 0.7140625 0.11875 0.0171875 0.0375
0 0.690625 0.1078125 0.01328125 0.03203125
0 0.6515625 0.11953125 0.0078125 0.03359375
0 0.64765625 0.13984375 0.015625 0.0328125
0 0.6078125 0.103125 0.02109375 0.021875
0 0.6171875 0.1609375 0.02109375 0.028125
0 0.5953125 0.1296875 0.0125 0.02578125
0 0.571875 0.1296875 0.02890625 0.04296875
0 0.5375 0.1390625 0.015625 0.03125
0 0.51796875 0.121875 0.02421875 0.02578125
0 0.49765625 0.11875 0.01171875 0.02421875
0 0.53125 0.21875 0.02421875 0.04921875
0 0.51796875 0.18125 0.0125 0.02578125
0 0.5390625 0.18125 0.0109375 0.03515625
0 0.521875 0.1609375 0.02421875 0.04140625
0 0.4796875 0.1390625 0.01015625 0.021875
0 0.47734375 0.203125 0.01484375 0.03984375
0 0.4765625 0.159375 0.02265625 0.03828125
0 0.46640625 0.18359375 0.0125 0.04765625
0 0.4484375 0.1640625 0.01875 0.04296875
0 0.46015625 0.128125 0.025 0.0390625
0 0.425 0.14453125 0.0140625 0.0203125
0 0.4359375 0.17421875 0.0125 0.0421875
0 0.41796875 0.17890625 0.01484375 0.04296875
0 0.396875 0.15625 0.01015625 0.040625