0 0.1359375 0.47421875 0.0390625 0.11328125
0 0.2109375 0.35234375 0.015625 0.05546875
0 0.2515625 0.35625 0.0265625 0.0515625
0 0.32890625 0.365625 0.0328125 0.0421875
0 0.28125 0.30859375 0.025 0.03046875
0 0.346875 0.32578125 0.021875 0.0296875
0 0.35 0.2890625 0.01640625 0.034375
0 0.4046875 0.33046875 0.02578125 0.0390625
0 0.44296875 0.34921875 0.02734375 0.04375
0 0.49140625 0.3265625 0.0234375 0.05078125
0 0.42890625 0.29921875 0.02265625 0.0390625
0 0.35 0.29140625 0.02109375 0.0390625
0 0.37890625 0.33125 0.02265625 0.04453125
0 0.4515625 0.41015625 0.03984375 0.06015625
0 0.5265625 0.39921875 0.0296875 0.05390625
0 0.56328125 0.4328125 0.03125 0.065625
0 0.62421875 0.4609375 0.04140625 0.06640625
0 0.6796875 0.51015625 0.0453125 0.0859375
0 0.7953125 0.52109375 0.0390625 0.0796875
0 0.815625 0.4296875 0.03125 0.06640625
0 0.8828125 0.4625 0.034375 0.07734375
0 0.903125 0.271875 0.01875 0.03984375
0 0.84296875 0.25078125 0.01875 0.03046875
0 0.76015625 0.2296875 0.021875 0.03515625
0 0.73125 0.22265625 0.02109375 0.040625
0 0.65390625 0.22890625 0.0125 0.03046875
0 0.59296875 0.2015625 0.01328125 0.02578125
0 0.61640625 0.246875 0.015625 0.0265625
0 0.5859375 0.2265625 0.0171875 0.02890625
0 0.5609375 0.21875 0.0109375 0.02890625
0 0.5421875 0.2203125 0.01015625 0.02890625
0 0.634375 0.22109375 0.01796875 0.03046875
0 0.81484375 0.25859375 0.0140625 0.02890625
0 0.8671875 0.28125 0.01953125 0.0359375
0 0.7921875 0.2703125 0.02109375 0.03359375
0 0.82578125 0.28984375 0.01875 0.02578125
0 0.87265625 0.32578125 0.021875 0.03359375
0 0.89375 0.31875 0.01484375 0.02265625
0 0.89765625 0.35234375 0.03125 0.02421875
0 0.78125 0.30703125 0.028125 0.0390625
0 0.821875 0.3203125 0.03125 0.03125
0 0.74375 0.2875 0.02421875 0.03671875
0 0.72109375 0.2625 0.02265625 0.0265625
0 0.68984375 0.2625 0.0171875 0.0296875
0 0.703125 0.28203125 0.0234375 0.04140625
0 0.65625 0.265625 0.01328125 0.04296875
0 0.53359375 0.24921875 0.02109375 0.03125
0 0.44375 0.25390625 0.0109375 0.03203125
0 0.378125 0.265625 0.02421875 0.0203125
0 0.4625 0.26328125 0.015625 0.04375
0 0.49140625 0.26328125 0.01953125 0.028125
0 0.509375 0.27265625 0.01640625 0.03828125
0 0.56015625 0.27578125 0.021875 0.02890625
0 0.58203125 0.31875 0.02734375 0.04375
0 0.615625 0.296875 0.02421875 0.046875
0 0.64453125 0.3453125 0.0046875 0.00078125
0 0.6421875 0.36015625 0.0203125 0.059375
0 0.6671875 0.34375 0.0203125 0.04921875
0 0.71640625 0.40078125 0.0296875 0.05703125
0 0.74921875 0.42890625 0.0328125 0.0546875
0 0.78359375 0.375 0.028125 0.05234375
0 0.834375 0.37734375 0.03359375 0.04453125
0 0.8546875 0.3546875 0.0296875 0.0484375