0 0.9671875 0.4140625 0.0296875 0.06015625
0 0.18515625 0.5453125 0.03671875 0.0640625
0 0.175 0.4484375 0.0203125 0.04375
0 0.1609375 0.41796875 0.01796875 0.03984375
0 0.1109375 0.465625 0.0359375 0.06328125
0 0.11171875 0.4015625 0.02265625 0.0484375
0 0.096875 0.36796875 0.01875 0.05078125
0 0.0921875 0.31796875 0.01171875 0.0421875
0 0.0921875 0.28359375 0.021875 0.03671875
0 0.13125 0.29296875 0.0234375 0.034375
0 0.146875 0.31875 0.01796875 0.03515625
0 0.14609375 0.359375 0.01640625 0.0421875
0 0.1484375 0.2484375 0.01484375 0.034375
0 0.16328125 0.271875 0.01484375 0.03515625
0 0.18125 0.26015625 0.0171875 0.025
0 0.165625 0.29375 0.0203125 0.0296875
0 0.17265625 0.3203125 0.01875 0.0375
0 0.20546875 0.3078125 0.01875 0.034375
0 0.20390625 0.275 0.0125 0.028125
0 0.21015625 0.25 0.01796875 0.03359375
0 0.21328125 0.340625 0.015625 0.03203125
0 0.20625 0.3765625 0.0265625 0.05703125
0 0.2296875 0.41953125 0.028125 0.065625
0 0.30546875 0.515625 0.0421875 0.0875
0 0.2765625 0.409375 0.02421875 0.0609375
0 0.25234375 0.28203125 0.01328125 0.0421875
0 0.24453125 0.27109375 0.01171875 0.03828125
0 0.23828125 0.23828125 0.01171875 0.03984375
0 0.2734375 0.228125 0.02109375 0.03046875
0 0.284375 0.25625 0.01875 0.021875
0 0.2671875 0.2828125 0.0203125 0.04375
0 0.2953125 0.296875 0.01796875 0.0328125
0 0.31328125 0.25859375 0.01796875 0.0359375
0 0.3421875 0.278125 0.02265625 0.03125
0 0.33046875 0.35859375 0.01953125 0.05703125
0 0.3828125 0.30546875 0.01953125 0.0359375
0 0.36796875 0.3390625 0.021875 0.0296875
0 0.35546875 0.37109375 0.0171875 0.0578125
0 0.35 0.45546875 0.0265625 0.06953125
0 0.40703125 0.434375 0.034375 0.07265625
0 0.3984375 0.3875 0.02421875 0.034375
0 0.41875 0.33203125 0.02265625 0.03515625
0 0.46796875 0.41484375 0.0328125 0.05078125
0 0.4734375 0.37578125 0.02421875 0.03203125
0 0.51015625 0.409375 0.028125 0.05234375
0 0.33046875 0.234375 0.01484375 0.03203125
0 0.3453125 0.23125 0.0109375 0.02578125
0 0.3578125 0.221875 0.01171875 0.021875
0 0.37734375 0.22734375 0.00859375 0.0296875
0 0.38828125 0.221875 0.0125 0.01640625
0 0.4 0.209375 0.01640625 0.028125
0 0.37421875 0.253125 0.0140625 0.03046875
0 0.41015625 0.259375 0.01796875 0.034375
0 0.409375 0.225 0.0203125 0.03671875
0 0.4453125 0.23125 0.0140625 0.02578125
0 0.4609375 0.234375 0.01640625 0.028125
0 0.45 0.28984375 0.0171875 0.0484375
0 0.47578125 0.26171875 0.015625 0.04140625
0 0.49140625 0.24765625 0.0140625 0.0265625
0 0.50859375 0.2671875 0.01640625 0.0234375
0 0.48984375 0.32421875 0.02109375 0.0484375
0 0.55234375 0.24609375 0.0140625 0.02578125
0 0.5390625 0.23828125 0.0109375 0.021875
0 0.5375 0.31484375 0.0171875 0.0296875
0 0.55859375 0.35 0.0125 0.05390625
0 0.56484375 0.3109375 0.01875 0.0375
0 0.57890625 0.28828125 0.021875 0.028125
0 0.596875 0.3109375 0.02109375 0.04140625
0 0.60625 0.284375 0.0125 0.02578125
0 0.62109375 0.2671875 0.01953125 0.0296875
0 0.6015625 0.35234375 0.0234375 0.03828125
0 0.628125 0.36015625 0.021875 0.02734375
0 0.63671875 0.33046875 0.01640625 0.0328125
0 0.64921875 0.2953125 0.01953125 0.03515625
0 0.66640625 0.37265625 0.0296875 0.0484375
0 0.71640625 0.37578125 0.025 0.04375
0 0.7203125 0.3125 0.0234375 0.034375
0 0.74140625 0.3578125 0.02109375 0.0546875
0 0.771875 0.34296875 0.0234375 0.04296875
0 0.53125 0.2828125 0.01796875 0.03984375