0 0.08828125 0.5828125 0.05234375 0.1296875
0 0.1859375 0.309375 0.02421875 0.06328125
0 0.215625 0.29375 0.025 0.05625
0 0.25625 0.25546875 0.01953125 0.05078125
0 0.29921875 0.2578125 0.01640625 0.04609375
0 0.3203125 0.24296875 0.01875 0.04453125
0 0.35703125 0.284375 0.01953125 0.0625
0 0.340625 0.22109375 0.0171875 0.05234375
0 0.38046875 0.2609375 0.01796875 0.05390625
0 0.35859375 0.209375 0.021875 0.04375
0 0.38203125 0.20390625 0.02109375 0.04609375
0 0.42734375 0.2078125 0.0171875 0.0421875
0 0.4296875 0.33359375 0.0234375 0.0734375
0 0.46328125 0.265625 0.02265625 0.0625
0 0.4859375 0.21640625 0.01953125 0.04453125
0 0.43515625 0.17109375 0.0171875 0.03671875
0 0.4625 0.16875 0.01640625 0.0421875
0 0.4890625 0.16953125 0.02265625 0.04921875
0 0.5140625 0.18203125 0.02109375 0.04765625
0 0.54453125 0.234375 0.021875 0.04765625
0 0.57421875 0.21171875 0.0171875 0.0421875
0 0.546875 0.14375 0.01484375 0.04609375
0 0.57109375 0.14453125 0.01484375 0.03671875
0 0.5921875 0.12734375 0.01328125 0.0375
0 0.55078125 0.17890625 0.02109375 0.0390625
0 0.296875 0.22578125 0.0234375 0.05
0 0.61796875 0.2171875 0.01953125 0.04921875
0 0.62578125 0.1390625 0.0171875 0.04296875
0 0.60234375 0.16953125 0.0171875 0.046875
0 0.65 0.15625 0.0171875 0.0375
0 0.66484375 0.1453125 0.0171875 0.03125
0 0.6875 0.146875 0.01796875 0.02890625
0 0.70859375 0.17578125 0.02109375 0.040625
0 0.6890625 0.22421875 0.02265625 0.03984375
0 0.66953125 0.25234375 0.02265625 0.07734375
0 0.653125 0.19453125 0.0203125 0.04296875
0 0.7390625 0.25234375 0.02109375 0.05078125
0 0.7484375 0.3078125 0.02109375 0.05703125
0 0.74609375 0.20546875 0.01953125 0.0421875
0 0.76953125 0.19609375 0.0171875 0.040625
0 0.80859375 0.1984375 0.01953125 0.04609375
0 0.79453125 0.2390625 0.025 0.04296875
0 0.81875 0.24453125 0.0234375 0.04921875
0 0.840625 0.2328125 0.015625 0.0578125
0 0.86953125 0.25234375 0.015625 0.05078125
0 0.90390625 0.2453125 0.02265625 0.0421875
0 0.946875 0.2671875 0.01875 0.053125
0 0.98359375 0.27265625 0.01953125 0.04453125
0 0.93359375 0.2890625 0.0234375 0.040625
0 0.97578125 0.3328125 0.01953125 0.03984375
0 0.890625 0.30234375 0.025 0.053125
0 0.92109375 0.35234375 0.01796875 0.04375
0 0.9765625 0.384375 0.025 0.06328125
0 0.94765625 0.40390625 0.02109375 0.0640625
0 0.8640625 0.359375 0.02421875 0.0640625
0 0.81484375 0.315625 0.0265625 0.0578125
0 0.78828125 0.290625 0.0234375 0.053125
0 0.8875 0.4375 0.02734375 0.0640625
0 0.95234375 0.5078125 0.02265625 0.06640625
0 0.86484375 0.5171875 0.02734375 0.1140625
0 0.78984375 0.471875 0.03828125 0.096875
0 0.7203125 0.42734375 0.028125 0.08046875
0 0.6578125 0.41640625 0.03046875 0.08359375
0 0.60625 0.390625 0.0296875 0.07421875
0 0.6171875 0.3109375 0.02578125 0.07421875
0 0.56484375 0.3625 0.0296875 0.06875