0 0.83359375 0.41953125 0.03671875 0.10625
0 0.80625 0.47421875 0.0453125 0.103125
0 0.70234375 0.25625 0.0203125 0.059375
0 0.65625 0.2640625 0.03671875 0.04296875
0 0.515625 0.334375 0.034375 0.05546875
0 0.578125 0.27890625 0.025 0.04765625
0 0.55625 0.2296875 0.02109375 0.03203125
0 0.575 0.22578125 0.01953125 0.04453125
0 0.61171875 0.20390625 0.02421875 0.03828125
0 0.39609375 0.2640625 0.01796875 0.05625
0 0.34296875 0.26171875 0.02734375 0.0640625
0 0.28984375 0.2796875 0.0296875 0.0578125
0 0.2296875 0.31328125 0.02890625 0.06328125
0 0.13046875 0.23046875 0.0171875 0.0546875
0 0.15078125 0.19453125 0.01953125 0.05703125
0 0.20703125 0.1921875 0.02578125 0.04453125
0 0.30234375 0.1921875 0.021875 0.040625
0 0.2796875 0.1765625 0.01796875 0.03359375
0 0.253125 0.15078125 0.01875 0.0515625
0 0.19453125 0.1390625 0.01484375 0.02890625
0 0.3046875 0.10234375 0.0140625 0.03515625
0 0.3859375 0.128125 0.01640625 0.03671875
0 0.43828125 0.121875 0.021875 0.0359375
0 0.4234375 0.159375 0.02421875 0.04453125
0 0.45078125 0.16171875 0.01796875 0.0328125
0 0.47890625 0.215625 0.01875 0.04453125
0 0.5328125 0.21640625 0.01796875 0.0296875
0 0.55546875 0.19609375 0.015625 0.03984375
0 0.56796875 0.1734375 0.01875 0.0390625
0 0.61015625 0.2078125 0.02109375 0.0375
0 0.25234375 0.1140625 0.0125 0.034375
0 0.52578125 0.190625 0.01875 0.03125
0 0.5046875 0.17265625 0.0171875 0.04140625
0 0.52734375 0.15234375 0.01640625 0.02578125
0 0.49375 0.13203125 0.01484375 0.01953125