0 0.11640625 0.421875 0.053125 0.08828125
0 0.20859375 0.23046875 0.02890625 0.08671875
0 0.25859375 0.2078125 0.04296875 0.059375
0 0.0703125 0.2234375 0.02578125 0.05546875
0 0.33984375 0.20703125 0.02421875 0.0453125
0 0.3671875 0.23125 0.0171875 0.0328125
0 0.38515625 0.2484375 0.02734375 0.05
0 0.39140625 0.1984375 0.0203125 0.03984375
0 0.41796875 0.215625 0.01015625 0.04921875
0 0.4453125 0.215625 0.02421875 0.03203125
0 0.471875 0.18359375 0.02109375 0.02421875
0 0.41953125 0.15859375 0.0140625 0.0390625
0 0.44921875 0.140625 0.01484375 0.0375
0 0.4734375 0.13828125 0.01640625 0.0453125
0 0.490625 0.1578125 0.0125 0.0296875
0 0.5328125 0.13203125 0.01015625 0.046875
0 0.55625 0.18359375 0.01484375 0.0546875
0 0.6 0.1234375 0.0234375 0.0375
0 0.57734375 0.11484375 0.01328125 0.0296875
0 0.6171875 0.1046875 0.01640625 0.02578125
0 0.65 0.103125 0.01953125 0.028125
0 0.634375 0.2265625 0.03828125 0.0453125
0 0.66953125 0.22265625 0.0265625 0.05
0 0.7171875 0.2171875 0.03359375 0.053125
0 0.72578125 0.1453125 0.0203125 0.034375
0 0.78125 0.28359375 0.03046875 0.059375
0 0.78828125 0.396875 0.0453125 0.0828125
0 0.9765625 0.27890625 0.0296875 0.071875
0 0.903125 0.315625 0.034375 0.05078125
0 0.9109375 0.39453125 0.0453125 0.10390625
0 0.909375 0.27890625 0.01640625 0.0625
0 0.91328125 0.23671875 0.01640625 0.04296875
0 0.8796875 0.24765625 0.0203125 0.05234375
0 0.88984375 0.2046875 0.01953125 0.04453125
0 0.92421875 0.20234375 0.0078125 0.0484375
0 0.9453125 0.196875 0.0203125 0.0421875