0 0.26015625 0.1203125 0.03671875 0.059375
0 0.4234375 0.15234375 0.0234375 0.04609375
0 0.45625 0.1609375 0.02578125 0.0484375
0 0.4734375 0.1625 0.01015625 0.05625
0 0.50078125 0.1453125 0.015625 0.05390625
0 0.52421875 0.1828125 0.02109375 0.0515625
0 0.525 0.15078125 0.01875 0.0421875
0 0.571875 0.1703125 0.0328125 0.02578125
0 0.57109375 0.14921875 0.01328125 0.04453125
0 0.65625 0.16796875 0.025 0.053125
0 0.6875 0.21796875 0.03671875 0.04375
0 0.71015625 0.46015625 0.05859375 0.09921875
0 0.8109375 0.45625 0.0609375 0.11796875