0 0.22734375 0.50390625 0.05546875 0.090625
0 0.9734375 0.37578125 0.053125 0.1078125
0 0.31328125 0.25546875 0.0203125 0.03984375
0 0.3359375 0.27890625 0.02265625 0.0515625
0 0.3859375 0.203125 0.021875 0.04453125
0 0.42265625 0.22265625 0.021875 0.0421875
0 0.44375 0.23671875 0.0265625 0.0375
0 0.4328125 0.1703125 0.0171875 0.0390625
0 0.44453125 0.1921875 0.02109375 0.0375
0 0.471875 0.21328125 0.0203125 0.03984375
0 0.4828125 0.3296875 0.03046875 0.05234375
0 0.42734375 0.28203125 0.02265625 0.05234375
0 0.5484375 0.29609375 0.0296875 0.0625
0 0.521875 0.21328125 0.0140625 0.040625
0 0.496875 0.17421875 0.01484375 0.03046875
0 0.471875 0.15390625 0.01328125 0.03203125
0 0.4875 0.1359375 0.0109375 0.02421875
0 0.5234375 0.15703125 0.015625 0.0328125
0 0.5578125 0.1546875 0.01796875 0.03671875
0 0.57890625 0.15859375 0.01875 0.034375
0 0.4765625 0.18984375 0.01953125 0.03515625
0 0.56640625 0.10703125 0.015625 0.0234375
0 0.60859375 0.18515625 0.0234375 0.04140625
0 0.4515625 0.159375 0.01640625 0.03125
0 0.68359375 0.0625 0.01484375 0.0296875
0 0.78515625 0.05625 0.01953125 0.03359375
0 0.68984375 0.1015625 0.015625 0.034375
0 0.75390625 0.10859375 0.01875 0.03515625
0 0.8109375 0.128125 0.01328125 0.03671875
0 0.684375 0.1625 0.01875 0.05
0 0.69921875 0.190625 0.01640625 0.04140625
0 0.74921875 0.15 0.01953125 0.0375
0 0.721875 0.178125 0.0171875 0.046875
0 0.7546875 0.18203125 0.02109375 0.0390625
0 0.79921875 0.19296875 0.021875 0.046875
0 0.85078125 0.1859375 0.02265625 0.04453125
0 0.6625 0.20703125 0.0234375 0.04765625
0 0.6078125 0.25703125 0.03046875 0.0640625
0 0.6609375 0.2609375 0.02734375 0.06171875
0 0.71875 0.2859375 0.0359375 0.07109375
0 0.7734375 0.315625 0.034375 0.07265625
0 0.61328125 0.14609375 0.01796875 0.034375
0 0.615625 0.1203125 0.01484375 0.0296875
0 0.871875 0.2328125 0.0234375 0.05234375