0 0.7921875 0.5515625 0.04296875 0.0765625
0 0.69453125 0.5265625 0.04375 0.07890625
0 0.625 0.45 0.0359375 0.078125
0 0.575 0.44140625 0.02578125 0.08046875
0 0.53203125 0.396875 0.0296875 0.05546875
0 0.46953125 0.39609375 0.040625 0.06015625
0 0.31953125 0.35625 0.021875 0.0546875
0 0.26640625 0.37265625 0.02109375 0.05078125
0 0.2390625 0.35 0.01796875 0.0421875
0 0.2109375 0.32734375 0.015625 0.03515625
0 0.91875 0.45859375 0.028125 0.0640625
0 0.8328125 0.45703125 0.03515625 0.05703125
0 0.778125 0.41015625 0.0296875 0.06328125
0 0.7109375 0.3890625 0.03125 0.065625
0 0.646875 0.35859375 0.034375 0.06015625
0 0.6046875 0.34765625 0.0265625 0.05078125
0 0.528125 0.34140625 0.0265625 0.06328125
0 0.59140625 0.31640625 0.02421875 0.05
0 0.625 0.28984375 0.02109375 0.040625
0 0.6703125 0.30078125 0.01796875 0.040625
0 0.80703125 0.34375 0.028125 0.0546875
0 0.84453125 0.39453125 0.0265625 0.05078125
0 0.928125 0.3875 0.0234375 0.04375
0 0.9125 0.3109375 0.01640625 0.0453125
0 0.86484375 0.32421875 0.0203125 0.04140625
0 0.9265625 0.30234375 0.015625 0.0296875
0 0.9296875 0.25859375 0.015625 0.025
0 0.88984375 0.2671875 0.01640625 0.03828125
0 0.87421875 0.2421875 0.01640625 0.03046875
0 0.69453125 0.28359375 0.0203125 0.03203125
0 0.78515625 0.284375 0.0171875 0.0390625
0 0.83984375 0.29140625 0.02109375 0.034375
0 0.85 0.25703125 0.0171875 0.03125
0 0.80078125 0.2296875 0.01328125 0.03828125
0 0.7734375 0.22421875 0.0171875 0.02734375
0 0.72734375 0.24921875 0.01796875 0.03984375
0 0.69609375 0.23984375 0.01328125 0.040625
0 0.66328125 0.26171875 0.0171875 0.034375
0 0.6640625 0.215625 0.0140625 0.0296875
0 0.66171875 0.19765625 0.01015625 0.028125
0 0.6828125 0.346875 0.01875 0.05
0 0.26796875 0.3015625 0.01796875 0.03671875
0 0.33515625 0.28515625 0.01640625 0.04453125
0 0.375 0.24765625 0.021875 0.0375
0 0.4125 0.2453125 0.0171875 0.02421875
0 0.43046875 0.25 0.01484375 0.0296875
0 0.453125 0.23125 0.01484375 0.0296875
0 0.49609375 0.25 0.01640625 0.0359375
0 0.5296875 0.25390625 0.01640625 0.0375
0 0.54765625 0.27265625 0.0171875 0.03984375
0 0.56640625 0.25390625 0.015625 0.03046875
0 0.39296875 0.3203125 0.02109375 0.04609375
0 0.43515625 0.325 0.02734375 0.04609375
0 0.45859375 0.290625 0.02109375 0.0390625
0 0.490625 0.31796875 0.0234375 0.04375
0 0.62734375 0.228125 0.01875 0.0296875
0 0.5921875 0.209375 0.01796875 0.02265625
0 0.54375 0.21484375 0.0109375 0.028125
0 0.11796875 0.51484375 0.034375 0.0875