0 0.125 0.3734375 0.03671875 0.08828125
0 0.27890625 0.225 0.02265625 0.04453125
0 0.3109375 0.225 0.021875 0.03359375
0 0.3328125 0.2375 0.01484375 0.04140625
0 0.37421875 0.2359375 0.01796875 0.03359375
0 0.403125 0.2375 0.015625 0.03359375
0 0.3390625 0.17890625 0.0140625 0.03671875
0 0.36796875 0.18984375 0.015625 0.0375
0 0.37734375 0.16015625 0.01328125 0.02734375
0 0.421875 0.19921875 0.01875 0.03359375
0 0.44765625 0.20859375 0.01328125 0.04921875
0 0.415625 0.1625 0.0109375 0.025
0 0.48359375 0.18671875 0.0125 0.03125
0 0.52421875 0.184375 0.02109375 0.034375
0 0.55703125 0.1875 0.0171875 0.03515625
0 0.57421875 0.24453125 0.021875 0.05
0 0.64609375 0.25 0.02421875 0.03984375
0 0.69765625 0.26171875 0.0171875 0.04765625
0 0.69921875 0.3171875 0.0328125 0.06640625
0 0.75078125 0.3640625 0.025 0.0640625
0 0.79375 0.30546875 0.028125 0.0484375
0 0.83515625 0.25625 0.02109375 0.05234375
0 0.93203125 0.34609375 0.025 0.053125
0 0.93984375 0.265625 0.01328125 0.03984375
0 0.89921875 0.24296875 0.01953125 0.04765625
0 0.846875 0.22265625 0.02265625 0.05
0 0.79609375 0.20859375 0.01875 0.04296875
0 0.7578125 0.190625 0.01953125 0.04140625
0 0.71484375 0.184375 0.01796875 0.0359375
0 0.67578125 0.21875 0.02578125 0.04453125
0 0.7421875 0.23984375 0.01640625 0.03828125
0 0.76796875 0.2484375 0.01796875 0.04921875
0 0.48828125 0.14609375 0.0171875 0.0359375
0 0.44296875 0.16640625 0.01484375 0.0296875
0 0.5046875 0.12421875 0.0125 0.02578125
0 0.52578125 0.13125 0.0125 0.03125
0 0.55078125 0.121875 0.0125 0.025
0 0.6015625 0.1171875 0.0125 0.0296875
0 0.6484375 0.1 0.01171875 0.0203125
0 0.68671875 0.10703125 0.01484375 0.02265625
0 0.7140625 0.11328125 0.0171875 0.01875
0 0.6296875 0.1375 0.01640625 0.02109375
0 0.6078125 0.15234375 0.01328125 0.01953125
0 0.63828125 0.1578125 0.01484375 0.034375
0 0.66875 0.1796875 0.01484375 0.034375
0 0.546875 0.16171875 0.01484375 0.0265625
0 0.56640625 0.15859375 0.01171875 0.03046875
0 0.59296875 0.16640625 0.01328125 0.03828125
0 0.73125 0.1484375 0.0140625 0.034375
0 0.75390625 0.13125 0.01640625 0.02109375
0 0.78046875 0.14296875 0.0171875 0.028125
0 0.80234375 0.140625 0.01015625 0.02734375
0 0.82421875 0.1375 0.0125 0.04296875
0 0.84609375 0.1546875 0.01484375 0.03125
0 0.88125 0.11953125 0.015625 0.03125
0 0.934375 0.1109375 0.0140625 0.03984375
0 0.93984375 0.1625 0.01640625 0.01875
0 0.9109375 0.16796875 0.021875 0.02421875
0 0.93203125 0.22109375 0.02265625 0.03984375
0 0.896875 0.1875 0.0203125 0.03515625
0 0.8796875 0.1875 0.01484375 0.0375
0 0.8328125 0.17265625 0.01875 0.0328125
0 0.659375 0.14921875 0.021875 0.0265625
0 0.796875 0.17578125 0.01015625 0.03359375