0 0.08046875 0.14375 0.01640625 0.02890625
0 0.03828125 0.18984375 0.0125 0.03125
0 0.08125 0.175 0.01171875 0.025
0 0.0921875 0.1953125 0.0125 0.028125
0 0.05546875 0.203125 0.01640625 0.02734375
0 0.059375 0.2453125 0.0203125 0.034375
0 0.10390625 0.23046875 0.01640625 0.03203125
0 0.11875 0.1765625 0.0140625 0.03125
0 0.13515625 0.15 0.0125 0.03046875
0 0.15 0.15390625 0.01328125 0.03203125
0 0.1703125 0.140625 0.015625 0.02734375
0 0.1953125 0.13515625 0.01328125 0.02265625
0 0.22421875 0.12578125 0.0140625 0.03125
0 0.2484375 0.16015625 0.015625 0.0359375
0 0.2625 0.14609375 0.015625 0.03671875
0 0.1984375 0.16328125 0.015625 0.0328125
0 0.16484375 0.171875 0.01484375 0.034375
0 0.1796875 0.1953125 0.015625 0.034375
0 0.19609375 0.20546875 0.01640625 0.04140625
0 0.14296875 0.21875 0.01796875 0.03671875
0 0.159375 0.2453125 0.01875 0.0421875
0 0.078125 0.33359375 0.02421875 0.053125
0 0.18984375 0.2890625 0.021875 0.05078125
0 0.2453125 0.20234375 0.01640625 0.03984375
0 0.2828125 0.18515625 0.01875 0.0375
0 0.2375 0.2546875 0.021875 0.04609375
0 0.275 0.24296875 0.0203125 0.04296875
0 0.31171875 0.221875 0.0203125 0.0328125
0 0.3546875 0.2328125 0.02265625 0.04140625
0 0.4046875 0.22265625 0.021875 0.04375
0 0.33203125 0.18203125 0.01875 0.0328125
0 0.3515625 0.1984375 0.0140625 0.0265625
0 0.30703125 0.27109375 0.01953125 0.04921875
0 0.29453125 0.3125 0.028125 0.0625
0 0.23203125 0.35234375 0.0296875 0.0640625
0 0.92734375 0.29375 0.02421875 0.05546875
0 0.28671875 0.10703125 0.01171875 0.02734375
0 0.31328125 0.12578125 0.0125 0.0296875
0 0.34375 0.11328125 0.01171875 0.02421875
0 0.39453125 0.109375 0.01171875 0.02734375
0 0.34609375 0.15390625 0.0171875 0.02890625
0 0.38671875 0.15859375 0.01640625 0.0375
0 0.421875 0.1546875 0.01484375 0.040625
0 0.415625 0.1328125 0.0140625 0.0234375
0 0.44296875 0.1328125 0.0125 0.03046875
0 0.434375 0.121875 0.0125 0.028125
0 0.46015625 0.14921875 0.01640625 0.03125
0 0.44296875 0.1796875 0.01796875 0.04609375
0 0.48125 0.14921875 0.0125 0.02890625
0 0.4921875 0.115625 0.0140625 0.02734375
0 0.509375 0.14375 0.015625 0.034375
0 0.51953125 0.12890625 0.0109375 0.02578125
0 0.47265625 0.12890625 0.0125 0.03046875
0 0.5671875 0.1515625 0.0125 0.03046875
0 0.5828125 0.16015625 0.01484375 0.03203125
0 0.55546875 0.1625 0.0109375 0.02578125
0 0.5203125 0.20625 0.01640625 0.040625
0 0.5421875 0.1859375 0.01328125 0.02578125
0 0.55703125 0.2 0.01796875 0.03984375
0 0.578125 0.19921875 0.01640625 0.0375
0 0.615625 0.1734375 0.0171875 0.03046875
0 0.6421875 0.18984375 0.0140625 0.03828125
0 0.62109375 0.21015625 0.01640625 0.0328125
0 0.58828125 0.2359375 0.015625 0.0375
0 0.5734375 0.24453125 0.0203125 0.040625
0 0.6703125 0.20234375 0.01484375 0.03671875
0 0.72265625 0.2171875 0.0171875 0.0328125
0 0.684375 0.22734375 0.01328125 0.0296875
0 0.65390625 0.225 0.015625 0.0328125
0 0.65078125 0.2609375 0.0203125 0.03828125
0 0.4671875 0.17890625 0.01484375 0.03046875