0 0.53671875 0.2046875 0.028125 0.04921875
0 0.51328125 0.31484375 0.03203125 0.053125
0 0.44609375 0.30625 0.01640625 0.0578125
0 0.3859375 0.3328125 0.03203125 0.05859375
0 0.440625 0.25859375 0.028125 0.04921875
0 0.3953125 0.271875 0.02890625 0.040625
0 0.32890625 0.33515625 0.03984375 0.06953125
0 0.2828125 0.2546875 0.025 0.05
0 0.2484375 0.3234375 0.03359375 0.05390625
0 0.21171875 0.39140625 0.0234375 0.06875
0 0.1125 0.3578125 0.0375 0.06796875
0 0.1078125 0.29765625 0.02890625 0.071875
0 0.17734375 0.31484375 0.02421875 0.053125
0 0.21484375 0.275 0.0203125 0.0390625
0 0.14453125 0.2453125 0.0234375 0.05078125
0 0.0890625 0.259375 0.02109375 0.0421875
0 0.1984375 0.24375 0.01640625 0.0515625
0 0.25859375 0.2203125 0.021875 0.0578125
0 0.278125 0.1875 0.021875 0.0546875
0 0.2890625 0.1734375 0.0125 0.0265625
0 0.31015625 0.18671875 0.021875 0.0421875
0 0.3234375 0.15546875 0.02109375 0.04375
0 0.346875 0.17578125 0.02734375 0.03515625
0 0.33046875 0.20625 0.0265625 0.046875
0 0.3765625 0.20625 0.021875 0.03359375
0 0.225 0.19921875 0.02265625 0.046875
0 0.18125 0.2015625 0.0171875 0.0375
0 0.13984375 0.1953125 0.021875 0.03046875
0 0.08359375 0.22578125 0.01328125 0.03046875
0 0.08359375 0.2078125 0.01171875 0.02578125
0 0.11796875 0.17265625 0.02265625 0.03359375
0 0.14921875 0.17421875 0.0109375 0.05078125
0 0.1515625 0.1453125 0.01328125 0.0265625
0 0.078125 0.15234375 0.01015625 0.02890625
0 0.11171875 0.14765625 0.0125 0.03671875
0 0.12578125 0.12578125 0.01328125 0.02734375
0 0.17578125 0.13671875 0.01484375 0.0234375
0 0.16953125 0.11796875 0.0140625 0.02578125
0 0.2046875 0.1546875 0.01796875 0.0359375
0 0.2265625 0.15859375 0.01484375 0.04140625
0 0.25078125 0.14453125 0.0140625 0.03984375
0 0.2375 0.121875 0.01171875 0.040625
0 0.26796875 0.115625 0.01640625 0.0359375
0 0.30703125 0.0984375 0.01171875 0.034375
0 0.334375 0.10234375 0.01796875 0.0296875
0 0.36484375 0.09765625 0.02421875 0.0265625
0 0.3953125 0.09921875 0.01484375 0.02109375
0 0.41171875 0.1 0.01171875 0.01953125
0 0.36015625 0.13203125 0.01796875 0.02578125
0 0.38828125 0.12890625 0.01953125 0.034375
0 0.39921875 0.15390625 0.01796875 0.028125
0 0.4203125 0.13984375 0.01796875 0.0328125
0 0.440625 0.13671875 0.01328125 0.028125
0 0.4484375 0.11015625 0.015625 0.03203125
0 0.46796875 0.1296875 0.02265625 0.0328125
0 0.4953125 0.12421875 0.0171875 0.03359375
0 0.490625 0.14765625 0.0125 0.02734375
0 0.4765625 0.16328125 0.0171875 0.03046875
0 0.45234375 0.19296875 0.015625 0.02734375
0 0.48203125 0.19375 0.01953125 0.04140625
0 0.5125 0.16484375 0.01640625 0.01796875
0 0.51328125 0.203125 0.0203125 0.04296875
0 0.540625 0.1609375 0.0109375 0.03046875
0 0.5546875 0.1578125 0.0171875 0.0390625
0 0.55703125 0.19375 0.01640625 0.04140625
0 0.5921875 0.16796875 0.0125 0.028125
0 0.5640625 0.22265625 0.0171875 0.04140625
0 0.60390625 0.19609375 0.0109375 0.040625
0 0.64296875 0.20234375 0.0296875 0.06171875
0 0.62578125 0.23203125 0.0171875 0.0328125
0 0.61328125 0.26484375 0.0234375 0.059375
0 0.64453125 0.2515625 0.02734375 0.04296875
0 0.71015625 0.26796875 0.02421875 0.05078125
0 0.703125 0.2359375 0.0171875 0.04765625
0 0.7265625 0.2453125 0.0203125 0.04921875