0 0.94375 0.5234375 0.05546875 0.1
0 0.7421875 0.27734375 0.01953125 0.0421875
0 0.7203125 0.278125 0.01171875 0.046875
0 0.6984375 0.25234375 0.01875 0.0453125
0 0.67109375 0.2546875 0.015625 0.03046875
0 0.6546875 0.28359375 0.0203125 0.05
0 0.5609375 0.2765625 0.0328125 0.03984375
0 0.51015625 0.2875 0.03046875 0.04140625
0 0.43515625 0.2875 0.02578125 0.04921875
0 0.39296875 0.33125 0.028125 0.0484375
0 0.33203125 0.3375 0.03125 0.06171875
0 0.21015625 0.28515625 0.02734375 0.05703125
0 0.284375 0.284375 0.02421875 0.0578125
0 0.33203125 0.253125 0.028125 0.046875
0 0.4 0.25546875 0.025 0.04765625
0 0.4265625 0.24375 0.0171875 0.05
0 0.38515625 0.203125 0.01796875 0.0359375
0 0.3328125 0.20625 0.02265625 0.0484375
0 0.2953125 0.21796875 0.02265625 0.0375
0 0.2203125 0.215625 0.01875 0.040625
0 0.121875 0.21640625 0.02265625 0.0421875
0 0.06796875 0.2609375 0.0234375 0.03984375
0 0.06953125 0.20234375 0.021875 0.0296875
0 0.1078125 0.2015625 0.01953125 0.04609375
0 0.09609375 0.18359375 0.01640625 0.04140625
0 0.08828125 0.128125 0.0125 0.02421875
0 0.05859375 0.14296875 0.01484375 0.02265625
0 0.05859375 0.15703125 0.01171875 0.02890625
0 0.11484375 0.125 0.01796875 0.028125
0 0.12421875 0.16171875 0.0171875 0.03359375
0 0.13671875 0.1859375 0.0203125 0.0328125
0 0.140625 0.14765625 0.01796875 0.034375
0 0.15859375 0.13203125 0.0140625 0.021875
0 0.175 0.16875 0.0140625 0.021875
0 0.19609375 0.175 0.01328125 0.0375
0 0.17578125 0.1390625 0.01484375 0.03046875
0 0.19609375 0.11796875 0.01328125 0.02421875
0 0.2046875 0.134375 0.01484375 0.034375
0 0.24296875 0.1078125 0.01640625 0.02734375
0 0.23515625 0.1359375 0.01640625 0.02890625
0 0.25 0.13515625 0.01640625 0.03828125
0 0.2875 0.1328125 0.02109375 0.03359375
0 0.25625 0.18984375 0.02109375 0.0484375
0 0.24296875 0.16953125 0.01640625 0.03203125
0 0.3078125 0.14453125 0.0203125 0.02578125
0 0.309375 0.184375 0.01796875 0.03828125
0 0.34140625 0.17578125 0.0171875 0.03515625
0 0.33203125 0.1234375 0.01171875 0.028125
0 0.3015625 0.0984375 0.01796875 0.03515625
0 0.35859375 0.125 0.0078125 0.0234375
0 0.3515625 0.09921875 0.01328125 0.02890625
0 0.371875 0.09375 0.01796875 0.0234375
0 0.3828125 0.11640625 0.01640625 0.0265625
0 0.3703125 0.14296875 0.01484375 0.03359375
0 0.40078125 0.11796875 0.01640625 0.0296875
0 0.40390625 0.0953125 0.01328125 0.02578125
0 0.43671875 0.11015625 0.0171875 0.03046875
0 0.4078125 0.15703125 0.02109375 0.0453125
0 0.4453125 0.1515625 0.01328125 0.0375
0 0.46328125 0.13125 0.0140625 0.03828125
0 0.5 0.134375 0.02109375 0.028125
0 0.478125 0.16796875 0.01875 0.04375
0 0.45 0.20078125 0.02734375 0.053125
0 0.5078125 0.1953125 0.0203125 0.04609375
0 0.52734375 0.1890625 0.01875 0.0359375
0 0.54921875 0.19375 0.01328125 0.03359375
0 0.5140625 0.15625 0.015625 0.028125
0 0.54375 0.1625 0.0125 0.02421875
0 0.5453125 0.1359375 0.01171875 0.0265625
0 0.56640625 0.17578125 0.01875 0.03046875
0 0.58671875 0.1671875 0.01484375 0.03359375
0 0.57734375 0.221875 0.01484375 0.02890625
0 0.55 0.2171875 0.01953125 0.0328125
0 0.5203125 0.24765625 0.0203125 0.0421875
0 0.621875 0.2234375 0.01953125 0.02734375
0 0.60625 0.19375 0.01875 0.028125
0 0.6484375 0.23046875 0.0125 0.0234375
0 0.65546875 0.2109375 0.0140625 0.03359375