0 0.35546875 0.246875 0.02421875 0.04765625
0 0.39140625 0.27421875 0.028125 0.0546875
0 0.46953125 0.22578125 0.021875 0.04609375
0 0.49453125 0.3109375 0.03046875 0.0671875
0 0.54921875 0.3265625 0.02890625 0.06796875
0 0.59375 0.39609375 0.0359375 0.07578125
0 0.640625 0.25234375 0.02265625 0.05
0 0.65390625 0.22265625 0.02265625 0.04765625
0 0.509375 0.1296875 0.01640625 0.03203125
0 0.56484375 0.1328125 0.01640625 0.0375
0 0.578125 0.1375 0.015625 0.0359375
0 0.60625 0.1234375 0.015625 0.02890625
0 0.9453125 0.15859375 0.01484375 0.0328125
0 0.91953125 0.1515625 0.01796875 0.02734375
0 0.85859375 0.309375 0.0328125 0.0796875
0 0.78515625 0.2875 0.03203125 0.075