0 0.821875 0.128125 0.02734375 0.03984375
0 0.75390625 0.1328125 0.0140625 0.0375
0 0.72578125 0.12109375 0.025 0.03046875
0 0.80859375 0.18671875 0.01640625 0.0421875
0 0.76796875 0.16484375 0.01328125 0.0390625
0 0.73359375 0.1609375 0.025 0.04375
0 0.696875 0.159375 0.02890625 0.03671875
0 0.875 0.21484375 0.03984375 0.04453125
0 0.7921875 0.27109375 0.02578125 0.065625
0 0.72578125 0.2828125 0.025 0.06484375
0 0.66171875 0.26484375 0.03359375 0.0609375
0 0.190625 0.453125 0.05390625 0.06171875
0 0.24609375 0.41640625 0.0328125 0.10078125
0 0.48671875 0.33203125 0.03671875 0.06796875
0 0.584375 0.15546875 0.025 0.04140625
0 0.5515625 0.1546875 0.02265625 0.03203125
0 0.53359375 0.13828125 0.02265625 0.0234375
0 0.52890625 0.16953125 0.01484375 0.0328125
0 0.54453125 0.20234375 0.025 0.03671875
0 0.4625 0.09609375 0.0203125 0.034375
0 0.4734375 0.15859375 0.02734375 0.028125
0 0.45234375 0.19375 0.025 0.0234375
0 0.4828125 0.20546875 0.02265625 0.02109375
0 0.45234375 0.2296875 0.0203125 0.03203125
0 0.41484375 0.24453125 0.03984375 0.025
0 0.42890625 0.27734375 0.04921875 0.0453125
0 0.37578125 0.246875 0.01875 0.059375
0 0.315625 0.28671875 0.025 0.03984375