0 0.88515625 0.50390625 0.06171875 0.10859375
0 0.16328125 0.36328125 0.02578125 0.065625
0 0.2421875 0.3390625 0.03046875 0.071875
0 0.3203125 0.34140625 0.0390625 0.0671875
0 0.3671875 0.29765625 0.03125 0.0734375
0 0.4140625 0.2859375 0.0265625 0.0625
0 0.46796875 0.27265625 0.0265625 0.059375
0 0.4109375 0.240625 0.021875 0.0328125
0 0.3640625 0.25078125 0.02421875 0.034375
0 0.33046875 0.23359375 0.025 0.03984375
0 0.27421875 0.2359375 0.02578125 0.053125
0 0.20234375 0.27421875 0.02265625 0.05625
0 0.12890625 0.29765625 0.02421875 0.05390625
0 0.07890625 0.3203125 0.021875 0.059375
0 0.07109375 0.28125 0.02109375 0.03671875
0 0.11484375 0.2421875 0.02421875 0.0578125
0 0.15703125 0.2171875 0.02109375 0.0453125
0 0.17890625 0.253125 0.02421875 0.046875
0 0.209375 0.21328125 0.02421875 0.05234375
0 0.296875 0.21015625 0.02265625 0.04609375
0 0.33828125 0.19140625 0.02109375 0.0421875
0 0.2859375 0.16640625 0.0171875 0.03828125
0 0.25078125 0.175 0.01953125 0.0375
0 0.22734375 0.18203125 0.02109375 0.040625
0 0.18515625 0.1671875 0.01796875 0.03203125
0 0.1640625 0.1796875 0.015625 0.03515625
0 0.146875 0.196875 0.01640625 0.03828125
0 0.15078125 0.1578125 0.015625 0.034375
0 0.13046875 0.18203125 0.0125 0.03828125
0 0.11875 0.159375 0.01484375 0.03984375
0 0.109375 0.20703125 0.015625 0.0375
0 0.05390625 0.178125 0.0140625 0.0328125
0 0.084375 0.18515625 0.0140625 0.03125
0 0.215625 0.1484375 0.01640625 0.0375
0 0.2359375 0.1515625 0.01640625 0.040625
0 0.2546875 0.13671875 0.01796875 0.03046875
0 0.275 0.14765625 0.01640625 0.0328125
0 0.31171875 0.13046875 0.01640625 0.028125
0 0.3078125 0.115625 0.0125 0.01953125
0 0.3359375 0.1265625 0.0140625 0.03046875
0 0.34453125 0.14375 0.01328125 0.0296875
0 0.36328125 0.103125 0.0125 0.0265625
0 0.39375 0.125 0.01328125 0.03046875
0 0.41796875 0.121875 0.01328125 0.0328125
0 0.3828125 0.1109375 0.01171875 0.025
0 0.36875 0.15390625 0.0171875 0.0375
0 0.40703125 0.17421875 0.0203125 0.040625
0 0.44296875 0.184375 0.015625 0.04140625
0 0.4625 0.15859375 0.01328125 0.03359375
0 0.47109375 0.13125 0.0109375 0.025
0 0.48984375 0.15859375 0.0171875 0.03515625
0 0.49453125 0.215625 0.02265625 0.05078125
0 0.509375 0.18359375 0.01640625 0.0390625
0 0.55390625 0.2203125 0.021875 0.0484375
0 0.57734375 0.203125 0.01640625 0.0421875
0 0.57578125 0.1578125 0.01328125 0.03671875
0 0.5625 0.18515625 0.0109375 0.03125
0 0.53125 0.15625 0.01484375 0.03515625
0 0.5015625 0.1265625 0.01171875 0.025
0 0.50859375 0.14765625 0.01328125 0.02421875
0 0.64140625 0.20625 0.0203125 0.03671875
0 0.67421875 0.2078125 0.02265625 0.04140625
0 0.68359375 0.2375 0.02265625 0.04375