0 0.17109375 0.48671875 0.0578125 0.075
0 0.846875 0.2953125 0.02734375 0.05859375
0 0.93125 0.25078125 0.01796875 0.065625
0 0.91484375 0.23203125 0.0296875 0.05703125
0 0.89609375 0.20703125 0.0234375 0.0453125
0 0.88515625 0.16640625 0.01875 0.0484375
0 0.8953125 0.15 0.0109375 0.02890625
0 0.859375 0.15078125 0.0140625 0.03203125
0 0.83984375 0.12890625 0.01875 0.0328125
0 0.84453125 0.165625 0.02109375 0.040625
0 0.821875 0.19453125 0.0234375 0.046875
0 0.85390625 0.2234375 0.0234375 0.0625
0 0.7671875 0.265625 0.02265625 0.06640625
0 0.784375 0.2265625 0.02421875 0.04921875
0 0.77890625 0.184375 0.02109375 0.0484375
0 0.80859375 0.16640625 0.0265625 0.04765625
0 0.79765625 0.14765625 0.02578125 0.028125
0 0.7671875 0.1578125 0.01953125 0.03515625
0 0.75078125 0.14453125 0.01953125 0.03515625
0 0.74296875 0.1859375 0.02109375 0.04921875
0 0.72109375 0.16484375 0.02109375 0.05
0 0.7703125 0.13515625 0.01953125 0.04609375
0 0.73828125 0.1140625 0.015625 0.040625
0 0.70234375 0.140625 0.01640625 0.04296875
0 0.6890625 0.14921875 0.01640625 0.04296875
0 0.69921875 0.20859375 0.0234375 0.03359375
0 0.69921875 0.1828125 0.0140625 0.03359375
0 0.67890625 0.23671875 0.01640625 0.053125
0 0.66796875 0.20078125 0.0234375 0.0328125
0 0.6609375 0.1734375 0.0125 0.02578125
0 0.63125 0.2 0.02578125 0.046875
0 0.62734375 0.25703125 0.0328125 0.05546875
0 0.71015625 0.265625 0.0234375 0.05078125
0 0.634375 0.2984375 0.02734375 0.0703125
0 0.56640625 0.28359375 0.0296875 0.05625
0 0.559375 0.25234375 0.034375 0.05390625
0 0.51875 0.29296875 0.0265625 0.05625
0 0.66875 0.12578125 0.01875 0.0296875
0 0.64609375 0.11328125 0.0125 0.03828125
0 0.63359375 0.13359375 0.02265625 0.02890625
0 0.61796875 0.14765625 0.01953125 0.03671875
0 0.61328125 0.115625 0.0140625 0.01953125
0 0.5890625 0.115625 0.01796875 0.02421875
0 0.56875 0.115625 0.0140625 0.021875
0 0.59921875 0.14375 0.01875 0.02890625
0 0.58828125 0.16875 0.0203125 0.03671875
0 0.571875 0.14765625 0.01484375 0.0296875
0 0.55390625 0.15703125 0.02265625 0.03828125
0 0.52890625 0.15625 0.02109375 0.03203125
0 0.5359375 0.18671875 0.02265625 0.04453125
0 0.50078125 0.15859375 0.01953125 0.0328125
0 0.490625 0.1328125 0.021875 0.0375
0 0.47109375 0.13984375 0.01484375 0.0359375
0 0.47890625 0.16015625 0.015625 0.03828125
0 0.4921875 0.19296875 0.021875 0.04140625
0 0.475 0.2265625 0.02109375 0.04921875
0 0.45703125 0.184375 0.02109375 0.0375
0 0.41328125 0.178125 0.02421875 0.04609375
0 0.434375 0.24375 0.025 0.04453125
0 0.40078125 0.2109375 0.01953125 0.03046875
0 0.38984375 0.1859375 0.0109375 0.0296875
0 0.378125 0.178125 0.0140625 0.025
0 0.39765625 0.25703125 0.02421875 0.02890625
0 0.36015625 0.228125 0.01953125 0.0421875
0 0.35390625 0.26171875 0.021875 0.0359375
0 0.32578125 0.20859375 0.021875 0.03359375
0 0.31875 0.2328125 0.02265625 0.03984375
0 0.31796875 0.2625 0.01875 0.0484375
0 0.303125 0.2484375 0.02265625 0.03515625
0 0.2625 0.24375 0.0203125 0.040625