0 0.74609375 0.2109375 0.021875 0.06015625
0 0.715625 0.17890625 0.0265625 0.040625
0 0.60390625 0.25234375 0.03203125 0.0640625
0 0.4921875 0.30234375 0.021875 0.053125
0 0.6078125 0.1 0.02421875 0.046875
0 0.67890625 0.07421875 0.01640625 0.0328125
0 0.571875 0.12890625 0.0234375 0.03515625
0 0.48984375 0.19140625 0.0265625 0.04453125
0 0.475 0.1734375 0.015625 0.04140625
0 0.45078125 0.178125 0.025 0.03515625
0 0.45546875 0.21484375 0.01328125 0.034375
0 0.478125 0.21953125 0.02421875 0.04765625
0 0.42890625 0.2578125 0.03984375 0.05
0 0.390625 0.25234375 0.025 0.04765625
0 0.32109375 0.2703125 0.0296875 0.05078125
0 0.04765625 0.34140625 0.03203125 0.0375