0 0.08984375 0.27265625 0.02109375 0.0453125
0 0.26484375 0.40234375 0.0609375 0.10546875
0 0.2984375 0.16484375 0.0171875 0.04296875
0 0.29296875 0.23359375 0.02109375 0.04296875
0 0.37265625 0.175 0.02109375 0.0421875
0 0.41484375 0.209375 0.02109375 0.03984375
0 0.471875 0.14296875 0.02265625 0.05
0 0.32890625 0.23125 0.02109375 0.05234375
0 0.6703125 0.06328125 0.01953125 0.03125
0 0.653125 0.11484375 0.0125 0.025
0 0.63359375 0.14375 0.01484375 0.03359375
0 0.65078125 0.14140625 0.0171875 0.0359375
0 0.74765625 0.13203125 0.0171875 0.03828125
0 0.76484375 0.14609375 0.01875 0.040625
0 0.81171875 0.24921875 0.028125 0.0640625
0 0.85859375 0.19375 0.01953125 0.04921875
0 0.928125 0.18671875 0.021875 0.0421875
0 0.9109375 0.25625 0.02109375 0.05703125
0 0.88046875 0.25625 0.021875 0.05703125
0 0.0609375 0.25625 0.015625 0.03515625
0 0.26015625 0.14453125 0.01484375 0.0328125
0 0.2734375 0.1484375 0.0140625 0.03671875
0 0.53359375 0.06640625 0.0140625 0.034375