0 0.98671875 0.27578125 0.0125 0.0453125
0 0.95 0.2640625 0.01171875 0.04609375
0 0.9015625 0.25625 0.01484375 0.04296875
0 0.87109375 0.24453125 0.01875 0.04375
0 0.93515625 0.28203125 0.01640625 0.04375
0 0.9796875 0.31796875 0.0140625 0.0453125
0 0.97890625 0.38125 0.01796875 0.04921875
0 0.95078125 0.3890625 0.01953125 0.07109375
0 0.9234375 0.3375 0.01875 0.06796875
0 0.890625 0.2875 0.0171875 0.05078125
0 0.83359375 0.2203125 0.015625 0.05
0 0.81328125 0.2 0.015625 0.059375
0 0.78125 0.17890625 0.01328125 0.04609375
0 0.7546875 0.2015625 0.0140625 0.04296875
0 0.78125 0.21328125 0.015625 0.04765625
0 0.75546875 0.2375 0.01640625 0.04765625
0 0.7140625 0.21875 0.015625 0.05390625
0 0.73515625 0.22578125 0.0171875 0.04921875
0 0.79609375 0.2640625 0.01796875 0.0609375
0 0.81796875 0.31171875 0.0203125 0.06015625
0 0.8140625 0.25234375 0.0171875 0.04453125
0 0.76640625 0.29296875 0.0203125 0.05234375
0 0.86328125 0.3578125 0.0171875 0.0515625
0 0.71953125 0.284375 0.02265625 0.06875
0 0.6640625 0.25859375 0.02421875 0.0640625
0 0.61640625 0.30078125 0.02578125 0.07109375
0 0.96328125 0.45546875 0.02265625 0.0796875
0 0.87265625 0.43515625 0.028125 0.071875
0 0.8625 0.534375 0.034375 0.09296875
0 0.8015625 0.4828125 0.03203125 0.08828125
0 0.72890625 0.41171875 0.02890625 0.0734375
0 0.65390625 0.41953125 0.03203125 0.0765625
0 0.60546875 0.384375 0.03125 0.06796875
0 0.559375 0.35703125 0.02578125 0.059375
0 0.70625 0.1515625 0.0171875 0.0375
0 0.6921875 0.14296875 0.0140625 0.02734375
0 0.6875 0.1671875 0.01953125 0.04453125
0 0.653125 0.1578125 0.01875 0.0375
0 0.63828125 0.14765625 0.01640625 0.03828125
0 0.62109375 0.1328125 0.01484375 0.040625
0 0.5984375 0.1265625 0.0171875 0.0359375
0 0.57734375 0.1453125 0.01875 0.040625
0 0.66171875 0.18984375 0.01328125 0.03203125
0 0.62734375 0.203125 0.02109375 0.03984375
0 0.60625 0.190625 0.01640625 0.04609375
0 0.615625 0.165625 0.0203125 0.0328125
0 0.546875 0.165625 0.0171875 0.03828125
0 0.52265625 0.16953125 0.0171875 0.0375
0 0.55234375 0.14296875 0.0140625 0.0390625
0 0.57265625 0.2015625 0.01640625 0.03984375
0 0.5484375 0.2234375 0.02109375 0.0421875
0 0.48984375 0.15703125 0.01875 0.040625
0 0.4765625 0.17578125 0.01875 0.05
0 0.49375 0.21796875 0.0171875 0.0515625
0 0.44296875 0.175 0.01953125 0.0390625
0 0.42890625 0.19765625 0.01640625 0.040625
0 0.4109375 0.178125 0.015625 0.03984375
0 0.39140625 0.19765625 0.0203125 0.05
0 0.46640625 0.259375 0.02734375 0.05546875
0 0.43203125 0.315625 0.028125 0.05234375
0 0.39453125 0.24375 0.01953125 0.0453125
0 0.36328125 0.19453125 0.01640625 0.04140625
0 0.35078125 0.21171875 0.02109375 0.04296875
0 0.09453125 0.5828125 0.0484375 0.103125
0 0.36171875 0.28125 0.025 0.065625
0 0.31875 0.2390625 0.01953125 0.0640625
0 0.3109375 0.20859375 0.021875 0.0359375
0 0.29765625 0.25 0.0171875 0.0484375
0 0.2671875 0.25 0.0203125 0.0546875
0 0.221875 0.28203125 0.0234375 0.04609375
0 0.20234375 0.278125 0.01953125 0.053125
0 0.88125 0.23046875 0.0171875 0.04375