0 0.26171875 0.06796875 0.01953125 0.0421875
0 0.303125 0.06875 0.021875 0.0359375
0 0.39375 0.121875 0.0296875 0.028125
0 0.428125 0.125 0.025 0.03125
0 0.49765625 0.125 0.02109375 0.04453125
0 0.2640625 0.18125 0.0296875 0.0390625
0 0.1484375 0.1859375 0.0265625 0.04375
0 0.09921875 0.21953125 0.02421875 0.053125
0 0.065625 0.228125 0.021875 0.0328125
0 0.0765625 0.28515625 0.03203125 0.03671875
0 0.13203125 0.28046875 0.03359375 0.03203125
0 0.18515625 0.29296875 0.03046875 0.05703125
0 0.146875 0.31875 0.02265625 0.05703125
0 0.0828125 0.34375 0.040625 0.05703125
0 0.3203125 0.26796875 0.040625 0.04765625
0 0.2671875 0.2859375 0.03359375 0.05859375
0 0.23671875 0.26484375 0.034375 0.03359375
0 0.3234375 0.1875 0.025 0.046875
0 0.4203125 0.25234375 0.02890625 0.05859375
0 0.41328125 0.175 0.02421875 0.0515625
0 0.453125 0.20234375 0.0296875 0.04375
0 0.48515625 0.17265625 0.03203125 0.03359375
0 0.503125 0.21796875 0.0296875 0.053125
0 0.55625 0.2234375 0.02734375 0.059375
0 0.5796875 0.21953125 0.0140625 0.04765625
0 0.59375 0.246875 0.025 0.0484375
0 0.6515625 0.20546875 0.02578125 0.03203125
0 0.53046875 0.13125 0.02109375 0.04296875