0 0.071875 0.35 0.02265625 0.053125
0 0.265625 0.25078125 0.01640625 0.0328125
0 0.2796875 0.2625 0.0203125 0.0375
0 0.3546875 0.26640625 0.01953125 0.04140625
0 0.3265625 0.2453125 0.01484375 0.0375
0 0.33046875 0.21015625 0.015625 0.0296875
0 0.3484375 0.20390625 0.01796875 0.04140625
0 0.4125 0.2703125 0.02578125 0.05390625
0 0.40390625 0.21015625 0.01484375 0.0359375
0 0.359375 0.2296875 0.01875 0.0296875
0 0.36640625 0.19140625 0.01484375 0.0296875
0 0.3890625 0.18984375 0.01875 0.03359375
0 0.4234375 0.18671875 0.0171875 0.03671875
0 0.45234375 0.18671875 0.01484375 0.0328125
0 0.47421875 0.22890625 0.01875 0.05
0 0.46171875 0.23125 0.015625 0.04609375
0 0.503125 0.284375 0.02421875 0.04765625
0 0.47734375 0.1921875 0.01953125 0.03359375
0 0.48203125 0.1578125 0.01640625 0.0296875
0 0.4640625 0.15 0.015625 0.03515625
0 0.48828125 0.13203125 0.0125 0.02578125
0 0.51640625 0.15859375 0.01640625 0.02890625
0 0.515625 0.184375 0.02109375 0.04453125
0 0.54453125 0.1875 0.0203125 0.053125
0 0.5609375 0.2453125 0.025 0.04140625
0 0.5859375 0.1671875 0.01328125 0.03671875
0 0.5578125 0.16015625 0.01171875 0.0359375
0 0.57265625 0.1203125 0.0171875 0.028125
0 0.5953125 0.14609375 0.0125 0.02734375
0 0.571875 0.14921875 0.01015625 0.03515625
0 0.5875 0.2921875 0.0234375 0.0609375
0 0.6359375 0.3015625 0.02890625 0.0578125
0 0.684375 0.24921875 0.02109375 0.0515625
0 0.62265625 0.21015625 0.015625 0.03515625
0 0.7328125 0.29609375 0.02578125 0.0421875
0 0.6171875 0.259375 0.025 0.040625
0 0.6578125 0.203125 0.01953125 0.04140625
0 0.65546875 0.17578125 0.01953125 0.02890625
0 0.62734375 0.1453125 0.0125 0.0296875
0 0.61171875 0.12890625 0.0109375 0.02265625
0 0.60234375 0.1171875 0.0078125 0.02421875
0 0.65078125 0.109375 0.0140625 0.028125
0 0.68515625 0.109375 0.015625 0.03046875
0 0.73984375 0.11171875 0.01328125 0.03515625
0 0.68828125 0.14375 0.01484375 0.0375
0 0.7140625 0.14296875 0.015625 0.034375
0 0.72578125 0.16875 0.01640625 0.034375
0 0.740625 0.196875 0.015625 0.0375
0 0.7734375 0.20078125 0.0203125 0.0390625
0 0.77578125 0.25859375 0.0234375 0.05703125
0 0.80390625 0.1625 0.015625 0.040625
0 0.7703125 0.15859375 0.01171875 0.03203125
0 0.78515625 0.134375 0.0140625 0.04296875
0 0.7671875 0.12421875 0.01484375 0.03203125
0 0.840625 0.153125 0.01640625 0.03125
0 0.85625 0.1515625 0.01484375 0.03671875
0 0.89921875 0.1546875 0.015625 0.0328125
0 0.8984375 0.2046875 0.0171875 0.0421875
0 0.92265625 0.25 0.01953125 0.0484375
0 0.915625 0.22265625 0.01796875 0.03828125
0 0.8421875 0.2078125 0.0203125 0.04375
0 0.85703125 0.303125 0.02265625 0.0578125
0 0.84921875 0.26875 0.02109375 0.04140625
0 0.7125 0.2171875 0.02265625 0.04765625
0 0.70546875 0.17578125 0.02109375 0.0328125