0 0.18671875 0.415625 0.04609375 0.06328125
0 0.74609375 0.340625 0.03828125 0.06328125
0 0.8671875 0.29921875 0.02734375 0.05546875
0 0.78671875 0.28828125 0.02734375 0.05234375
0 0.8015625 0.2265625 0.02421875 0.05625
0 0.83359375 0.20625 0.01640625 0.04140625
0 0.8640625 0.2296875 0.01484375 0.05546875
0 0.9078125 0.24609375 0.01796875 0.0609375
0 0.87890625 0.21484375 0.0140625 0.04765625
0 0.884375 0.1875 0.015625 0.03828125
0 0.86640625 0.14140625 0.01640625 0.040625
0 0.84765625 0.1765625 0.01328125 0.03828125
0 0.80234375 0.17109375 0.0140625 0.03828125
0 0.77421875 0.1984375 0.02421875 0.0390625
0 0.75546875 0.22109375 0.02421875 0.05390625
0 0.709375 0.259375 0.03203125 0.0578125
0 0.6703125 0.334375 0.03515625 0.07578125
0 0.659375 0.2578125 0.03125 0.05234375
0 0.66875 0.19453125 0.01875 0.03515625
0 0.7046875 0.2140625 0.0234375 0.034375
0 0.72421875 0.1921875 0.0140625 0.03046875
0 0.7625 0.165625 0.0109375 0.028125
0 0.74765625 0.15078125 0.0125 0.03125
0 0.7625 0.1203125 0.01015625 0.02578125
0 0.77578125 0.140625 0.0125 0.03203125
0 0.79296875 0.1421875 0.01328125 0.02421875
0 0.72421875 0.15078125 0.01953125 0.03125
0 0.68046875 0.15703125 0.0140625 0.02734375
0 0.69375 0.18671875 0.01640625 0.03359375
0 0.64921875 0.1609375 0.01875 0.02890625
0 0.61796875 0.2 0.01875 0.0375
0 0.6171875 0.25625 0.03046875 0.05625
0 0.575 0.23515625 0.02265625 0.03203125
0 0.5359375 0.30625 0.0390625 0.06015625
0 0.49609375 0.29140625 0.02109375 0.046875
0 0.67421875 0.11484375 0.0203125 0.03671875
0 0.64453125 0.11484375 0.0171875 0.034375
0 0.621875 0.13203125 0.01484375 0.02421875
0 0.6078125 0.09921875 0.01328125 0.021875
0 0.60625 0.14296875 0.01328125 0.02578125
0 0.584375 0.14296875 0.0140625 0.02890625
0 0.56015625 0.13203125 0.02109375 0.021875
0 0.571875 0.16328125 0.01640625 0.0359375
0 0.540625 0.18671875 0.02109375 0.04453125
0 0.51171875 0.18125 0.02109375 0.03671875
0 0.5234375 0.12734375 0.021875 0.03671875
0 0.48984375 0.13046875 0.01796875 0.0296875
0 0.465625 0.1546875 0.0140625 0.0390625
0 0.44921875 0.14765625 0.0125 0.0328125
0 0.4265625 0.1734375 0.02578125 0.03515625
0 0.39765625 0.16796875 0.00859375 0.0296875
0 0.45546875 0.2171875 0.01875 0.04375
0 0.496875 0.209375 0.0203125 0.04765625
0 0.42265625 0.2125 0.0265625 0.04375
0 0.40546875 0.26015625 0.0203125 0.0515625
0 0.37421875 0.275 0.01953125 0.05078125
0 0.359375 0.23984375 0.01875 0.04140625
0 0.3703125 0.190625 0.01640625 0.03515625
0 0.34140625 0.2 0.0125 0.0328125
0 0.334375 0.2515625 0.0171875 0.03984375
0 0.31796875 0.24921875 0.01640625 0.040625
0 0.2703125 0.26328125 0.0234375 0.0546875
0 0.3296875 0.2125 0.0140625 0.03515625