0 0.86875 0.559375 0.05 0.0921875
0 0.1703125 0.5265625 0.03671875 0.0859375
0 0.2875 0.5484375 0.0453125 0.08984375
0 0.36484375 0.48984375 0.04375 0.078125
0 0.4046875 0.46953125 0.0328125 0.07265625
0 0.46171875 0.4234375 0.034375 0.07578125
0 0.53125 0.42265625 0.03671875 0.0578125
0 0.08046875 0.4890625 0.0375 0.071875
0 0.13203125 0.384375 0.034375 0.065625
0 0.21875 0.4421875 0.04140625 0.06484375
0 0.27578125 0.41875 0.03515625 0.0609375
0 0.33203125 0.38828125 0.03046875 0.0578125
0 0.390625 0.3921875 0.03671875 0.065625
0 0.18046875 0.36796875 0.03203125 0.06015625
0 0.6875 0.40078125 0.03671875 0.05234375
0 0.72734375 0.38828125 0.0328125 0.0578125
0 0.55390625 0.35546875 0.03125 0.05625
0 0.44765625 0.28125 0.02734375 0.0421875
0 0.3140625 0.3265625 0.02734375 0.040625
0 0.2828125 0.3046875 0.02734375 0.04453125
0 0.78359375 0.3515625 0.02421875 0.04609375
0 0.7515625 0.36796875 0.02265625 0.0453125
0 0.6234375 0.34296875 0.01875 0.04609375
0 0.65546875 0.30625 0.0203125 0.03515625
0 0.721875 0.32421875 0.02578125 0.0375
0 0.553125 0.26796875 0.0171875 0.03984375
0 0.459375 0.36875 0.0265625 0.0421875
0 0.496875 0.33671875 0.025 0.0453125
0 0.4828125 0.28515625 0.02109375 0.03671875
0 0.32578125 0.28671875 0.0203125 0.034375
0 0.61171875 0.27109375 0.02109375 0.03359375
0 0.35703125 0.25625 0.02109375 0.03828125
0 0.59453125 0.35078125 0.028125 0.04453125
0 0.59765625 0.3109375 0.02421875 0.03671875
0 0.53515625 0.32734375 0.028125 0.0359375
0 0.178125 0.3046875 0.0265625 0.03828125
0 0.13359375 0.2875 0.0234375 0.040625
0 0.1140625 0.25859375 0.02109375 0.0359375
0 0.14921875 0.26328125 0.01875 0.03515625
0 0.18203125 0.25 0.02421875 0.040625
0 0.209375 0.24375 0.0203125 0.0359375
0 0.22265625 0.29375 0.02421875 0.04921875
0 0.25 0.2546875 0.021875 0.03828125
0 0.290625 0.26484375 0.021875 0.03984375
0 0.39765625 0.25859375 0.01875 0.02890625
0 0.43203125 0.25234375 0.0203125 0.03203125
0 0.3890625 0.2140625 0.0203125 0.03203125
0 0.334375 0.21484375 0.01796875 0.02890625
0 0.096875 0.34375 0.01875 0.05078125
0 0.0734375 0.35 0.02890625 0.04609375
0 0.05625 0.37578125 0.02265625 0.04609375
0 0.13828125 0.4765625 0.04375 0.06484375
0 0.30390625 0.37734375 0.03203125 0.04609375