0 0.94921875 0.39609375 0.0328125 0.0609375
0 0.06328125 0.259375 0.01796875 0.05859375
0 0.09140625 0.2375 0.01640625 0.0453125
0 0.1359375 0.2875 0.021875 0.0578125
0 0.15703125 0.3203125 0.02578125 0.04609375
0 0.24140625 0.2890625 0.025 0.0671875
0 0.28359375 0.29453125 0.02109375 0.04453125
0 0.28828125 0.22109375 0.01796875 0.04609375
0 0.26015625 0.20078125 0.0140625 0.0453125
0 0.23203125 0.2 0.0234375 0.04140625
0 0.21171875 0.22734375 0.021875 0.0359375
0 0.171875 0.21171875 0.01796875 0.046875
0 0.1546875 0.18359375 0.01953125 0.034375
0 0.1234375 0.1515625 0.015625 0.03046875
0 0.1125 0.2109375 0.01328125 0.040625
0 0.1046875 0.184375 0.01640625 0.04375
0 0.09765625 0.1625 0.015625 0.03671875
0 0.165625 0.153125 0.01484375 0.028125
0 0.203125 0.171875 0.01875 0.03203125
0 0.18359375 0.12890625 0.0109375 0.034375
0 0.21171875 0.1421875 0.01328125 0.02734375
0 0.22578125 0.159375 0.01796875 0.02890625
0 0.22578125 0.13515625 0.01484375 0.02265625
0 0.253125 0.14765625 0.01796875 0.02578125
0 0.2703125 0.16953125 0.01484375 0.02734375
0 0.28203125 0.1546875 0.01640625 0.03203125
0 0.29375 0.18515625 0.01953125 0.0390625
0 0.30859375 0.15078125 0.021875 0.0328125
0 0.26328125 0.1171875 0.015625 0.03046875
0 0.3375 0.20859375 0.01484375 0.0421875
0 0.3484375 0.17734375 0.0234375 0.03359375
0 0.36875 0.2078125 0.021875 0.0265625
0 0.33359375 0.2609375 0.0328125 0.0375
0 0.3671875 0.3234375 0.0234375 0.03828125
0 0.3703125 0.25234375 0.0265625 0.0515625
0 0.4140625 0.2890625 0.02421875 0.04765625
0 0.41796875 0.2234375 0.02421875 0.0515625
0 0.50234375 0.31796875 0.02265625 0.06796875
0 0.32109375 0.1328125 0.01875 0.03984375
0 0.3484375 0.12734375 0.01875 0.0359375
0 0.36171875 0.1484375 0.01484375 0.03125
0 0.38984375 0.15546875 0.01328125 0.0328125
0 0.38203125 0.1296875 0.0140625 0.034375
0 0.3953125 0.121875 0.0125 0.0234375
0 0.41015625 0.15078125 0.021875 0.040625
0 0.434375 0.1265625 0.01484375 0.03046875
0 0.43125 0.1828125 0.01875 0.03671875
0 0.45390625 0.16953125 0.0171875 0.0359375
0 0.4640625 0.2046875 0.0203125 0.03984375
0 0.51015625 0.20703125 0.021875 0.03515625
0 0.5 0.15859375 0.01640625 0.02890625
0 0.515625 0.146875 0.0125 0.0296875
0 0.5328125 0.14609375 0.01484375 0.03515625
0 0.54609375 0.1765625 0.0203125 0.034375
0 0.55703125 0.1921875 0.01796875 0.03671875
0 0.5296875 0.23828125 0.0203125 0.0328125
0 0.5421875 0.21796875 0.01640625 0.040625
0 0.5859375 0.19765625 0.0203125 0.0375
0 0.596875 0.22109375 0.01953125 0.04609375
0 0.61640625 0.1984375 0.02265625 0.0328125
0 0.60546875 0.2859375 0.0171875 0.05
0 0.62421875 0.2734375 0.01796875 0.040625
0 0.64609375 0.265625 0.0234375 0.04765625
0 0.659375 0.25546875 0.015625 0.03828125
0 0.6796875 0.24765625 0.0171875 0.03828125
0 0.67265625 0.2203125 0.01640625 0.03046875
0 0.64140625 0.23046875 0.01953125 0.040625
0 0.69609375 0.25703125 0.0203125 0.03671875
0 0.7203125 0.24140625 0.01796875 0.04453125