0 0.8078125 0.13046875 0.0140625 0.03359375
0 0.70546875 0.13515625 0.0203125 0.03828125
0 0.6234375 0.05 0.0140625 0.0234375
0 0.565625 0.05234375 0.01484375 0.03046875
0 0.5765625 0.153125 0.015625 0.0296875
0 0.55546875 0.15234375 0.01484375 0.028125
0 0.5296875 0.1375 0.01484375 0.034375
0 0.4859375 0.128125 0.01171875 0.0265625
0 0.515625 0.15703125 0.01875 0.03828125
0 0.4734375 0.1953125 0.015625 0.0359375
0 0.5359375 0.19453125 0.02109375 0.04453125
0 0.47421875 0.16015625 0.01328125 0.021875
0 0.41875 0.225 0.025 0.03671875
0 0.4421875 0.23125 0.02421875 0.04375
0 0.4296875 0.27890625 0.02578125 0.05234375
0 0.36796875 0.25859375 0.02265625 0.04453125
0 0.34765625 0.2546875 0.0203125 0.046875
0 0.14921875 0.2703125 0.02265625 0.04609375
0 0.2546875 0.4203125 0.0484375 0.09765625
0 0.2109375 0.45625 0.05078125 0.11171875
0 0.5046875 0.28203125 0.034375 0.0703125
0 0.65078125 0.25234375 0.02890625 0.06484375
0 0.71171875 0.28203125 0.03203125 0.0640625
0 0.7578125 0.29765625 0.0328125 0.065625
0 0.8671875 0.22734375 0.021875 0.05546875
0 0.796875 0.190625 0.02109375 0.05
0 0.7546875 0.1796875 0.025 0.05078125
0 0.73125 0.1578125 0.01640625 0.04453125
0 0.74140625 0.1484375 0.0109375 0.034375
0 0.678125 0.16484375 0.02109375 0.0453125