0 0.12421875 0.359375 0.03828125 0.07890625
0 0.1 0.29375 0.025 0.06796875
0 0.07734375 0.2453125 0.02578125 0.03671875
0 0.07734375 0.21640625 0.01484375 0.0375
0 0.06953125 0.16015625 0.01875 0.03515625
0 0.10234375 0.17890625 0.0203125 0.053125
0 0.1203125 0.2015625 0.0234375 0.0515625
0 0.13203125 0.26328125 0.01640625 0.04375
0 0.15859375 0.3015625 0.02734375 0.03828125
0 0.18515625 0.33046875 0.028125 0.05078125
0 0.2515625 0.3265625 0.02578125 0.0546875
0 0.2078125 0.2765625 0.021875 0.04921875
0 0.18671875 0.2515625 0.025 0.0328125
0 0.17265625 0.2125 0.01875 0.0453125
0 0.14609375 0.17265625 0.0234375 0.04375
0 0.1328125 0.1234375 0.01796875 0.03984375
0 0.16640625 0.13359375 0.01171875 0.02265625
0 0.184375 0.15546875 0.021875 0.05078125
0 0.22890625 0.196875 0.02265625 0.03046875
0 0.2453125 0.23046875 0.028125 0.03984375
0 0.27734375 0.2453125 0.040625 0.03984375
0 0.31015625 0.29375 0.03125 0.0515625
0 0.2125 0.1359375 0.01484375 0.04453125
0 0.22734375 0.12890625 0.0171875 0.01796875
0 0.26015625 0.11171875 0.0109375 0.0296875
0 0.271875 0.1828125 0.03359375 0.059375
0 0.30546875 0.184375 0.02109375 0.0296875
0 0.33515625 0.15859375 0.0171875 0.03515625
0 0.30625 0.15078125 0.01953125 0.03359375
0 0.32734375 0.20390625 0.025 0.0328125
0 0.36953125 0.209375 0.028125 0.03515625
0 0.375 0.246875 0.03359375 0.0484375
0 0.390625 0.30859375 0.03671875 0.05703125
0 0.440625 0.25859375 0.0265625 0.04609375
0 0.49765625 0.321875 0.0265625 0.05390625
0 0.4703125 0.3390625 0.03203125 0.06328125
0 0.28828125 0.1109375 0.01875 0.03515625
0 0.33515625 0.1140625 0.02265625 0.025
0 0.36640625 0.11171875 0.0140625 0.0328125
0 0.37734375 0.09921875 0.01484375 0.03203125
0 0.3921875 0.15390625 0.015625 0.034375
0 0.41875 0.17265625 0.01953125 0.03984375
0 0.415625 0.146875 0.0140625 0.02890625
0 0.409375 0.11953125 0.0125 0.0328125
0 0.42890625 0.121875 0.015625 0.01953125
0 0.43984375 0.125 0.0125 0.0265625
0 0.43671875 0.165625 0.01875 0.03359375
0 0.4796875 0.14609375 0.01328125 0.03671875
0 0.46640625 0.1765625 0.01484375 0.0390625
0 0.490625 0.12421875 0.01796875 0.025
0 0.484375 0.20234375 0.02109375 0.04921875
0 0.5109375 0.221875 0.025 0.046875
0 0.5453125 0.1828125 0.03359375 0.0265625
0 0.521875 0.15390625 0.01953125 0.034375
0 0.546875 0.15078125 0.0234375 0.03359375
0 0.5703125 0.178125 0.02265625 0.034375
0 0.60234375 0.17109375 0.01875 0.02890625
0 0.60546875 0.196875 0.01953125 0.0265625
0 0.63125 0.1984375 0.01640625 0.04140625
0 0.6046875 0.22421875 0.025 0.028125
0 0.5515625 0.234375 0.02109375 0.03125
0 0.640625 0.234375 0.01875 0.03125
0 0.6171875 0.2734375 0.0359375 0.04296875
0 0.665625 0.2890625 0.025 0.0578125
0 0.7109375 0.27265625 0.01953125 0.05078125
0 0.73671875 0.27421875 0.0234375 0.04453125
0 0.71484375 0.24609375 0.02265625 0.025