0 0.975 0.42421875 0.0234375 0.05703125
0 0.16484375 0.51015625 0.03046875 0.0640625
0 0.09140625 0.45234375 0.03515625 0.05859375
0 0.153125 0.44765625 0.0359375 0.0609375
0 0.07890625 0.390625 0.02265625 0.0484375
0 0.0671875 0.34921875 0.02421875 0.0421875
0 0.13203125 0.34453125 0.0203125 0.05
0 0.13203125 0.40078125 0.02734375 0.04765625
0 0.18984375 0.35625 0.021875 0.05390625
0 0.209375 0.39765625 0.02578125 0.04765625
0 0.10078125 0.28671875 0.0171875 0.0421875
0 0.25859375 0.39609375 0.0296875 0.06640625
0 0.121875 0.2484375 0.01796875 0.03359375
0 0.14140625 0.28359375 0.01640625 0.0421875
0 0.18203125 0.2984375 0.01796875 0.0453125
0 0.1578125 0.309375 0.01796875 0.040625
0 0.2859375 0.49453125 0.04453125 0.09296875
0 0.33203125 0.36640625 0.03046875 0.07421875
0 0.3828125 0.428125 0.03515625 0.0765625
0 0.4515625 0.4015625 0.03359375 0.071875
0 0.303125 0.340625 0.03046875 0.05625
0 0.18515625 0.2453125 0.0234375 0.04140625
0 0.21328125 0.22734375 0.0203125 0.03203125
0 0.253125 0.22421875 0.0171875 0.03359375
0 0.22734375 0.2796875 0.0234375 0.0421875
0 0.25 0.26875 0.01953125 0.0359375
0 0.27890625 0.28125 0.02109375 0.040625
0 0.34453125 0.32890625 0.028125 0.04609375
0 0.29296875 0.2625 0.02109375 0.03125
0 0.32265625 0.26875 0.0203125 0.03671875
0 0.39453125 0.32265625 0.02890625 0.05234375
0 0.06015625 0.28203125 0.0328125 0.03515625
0 0.12109375 0.3171875 0.01953125 0.03203125
0 0.05703125 0.3125 0.0359375 0.02421875
0 0.49296875 0.3875 0.02890625 0.0703125
0 0.30859375 0.2265625 0.015625 0.034375
0 0.32265625 0.2296875 0.015625 0.03203125
0 0.33828125 0.21640625 0.015625 0.0296875
0 0.35 0.24453125 0.01953125 0.034375
0 0.36796875 0.2203125 0.015625 0.02890625
0 0.3828125 0.2015625 0.0140625 0.028125
0 0.39140625 0.21796875 0.01640625 0.028125
0 0.44140625 0.22109375 0.0171875 0.025
0 0.44375 0.27890625 0.01796875 0.03359375
0 0.4203125 0.2453125 0.01796875 0.03046875
0 0.38984375 0.25078125 0.02265625 0.02421875
0 0.475 0.27265625 0.02265625 0.034375
0 0.5015625 0.26484375 0.01875 0.03515625
0 0.5234375 0.26171875 0.01640625 0.04140625
0 0.47265625 0.3140625 0.02734375 0.0375
0 0.52265625 0.30390625 0.0203125 0.03828125
0 0.5484375 0.33828125 0.02421875 0.046875
0 0.5640625 0.278125 0.01796875 0.0375
0 0.53671875 0.24453125 0.01875 0.03125
0 0.58203125 0.29453125 0.02109375 0.034375
0 0.58046875 0.3375 0.02890625 0.03984375
0 0.59765625 0.2515625 0.0171875 0.02890625
0 0.59140625 0.27578125 0.02265625 0.03046875
0 0.6375 0.28984375 0.02265625 0.0375
0 0.61484375 0.3484375 0.0234375 0.03828125
0 0.65625 0.36328125 0.03046875 0.05
0 0.70703125 0.29921875 0.02265625 0.0359375
0 0.70390625 0.3625 0.0265625 0.04609375
0 0.73125 0.34453125 0.02421875 0.05078125
0 0.7625 0.33359375 0.021875 0.046875