0 0.7359375 0.13125 0.028125 0.05546875
0 0.56796875 0.16171875 0.02109375 0.053125
0 0.503125 0.08125 0.01328125 0.025
0 0.5390625 0.16640625 0.0234375 0.046875
0 0.5125 0.159375 0.02265625 0.0484375
0 0.49296875 0.15390625 0.02109375 0.03671875
0 0.48046875 0.1875 0.0234375 0.0453125
0 0.43671875 0.1421875 0.0171875 0.03515625
0 0.43125 0.1765625 0.02265625 0.04453125
0 0.446875 0.18359375 0.02265625 0.05078125
0 0.3359375 0.18984375 0.03125 0.05
0 0.3109375 0.2328125 0.028125 0.04921875
0 0.284375 0.4765625 0.05859375 0.1125
0 0.2015625 0.4875 0.05234375 0.109375