0 0.12734375 0.503125 0.04453125 0.13125
0 0.8171875 0.503125 0.0359375 0.05859375
0 0.70390625 0.4859375 0.04453125 0.06640625
0 0.6390625 0.46171875 0.040625 0.05234375
0 0.58671875 0.43125 0.02890625 0.06484375
0 0.54140625 0.39140625 0.028125 0.05078125
0 0.49375 0.37734375 0.02578125 0.04921875
0 0.9 0.46171875 0.0265625 0.05703125
0 0.82890625 0.43671875 0.0296875 0.0515625
0 0.76171875 0.41875 0.0296875 0.05078125
0 0.73046875 0.39375 0.02109375 0.04375
0 0.65703125 0.37109375 0.0296875 0.05078125
0 0.6890625 0.340625 0.0234375 0.04765625
0 0.646875 0.32421875 0.0234375 0.0359375
0 0.33125 0.35859375 0.028125 0.04375
0 0.2890625 0.3515625 0.021875 0.0453125
0 0.2859375 0.2953125 0.01875 0.034375
0 0.26484375 0.3328125 0.0203125 0.04453125
0 0.2203125 0.340625 0.01875 0.03671875
0 0.89296875 0.378125 0.02421875 0.04296875
0 0.853125 0.36328125 0.02109375 0.046875
0 0.8015625 0.3515625 0.02265625 0.046875
0 0.815625 0.328125 0.01640625 0.034375
0 0.86875 0.31640625 0.0171875 0.0390625
0 0.90703125 0.31484375 0.0171875 0.03984375
0 0.91953125 0.35234375 0.0203125 0.04140625
0 0.928125 0.26484375 0.0125 0.03125
0 0.88515625 0.28046875 0.015625 0.03515625
0 0.8625 0.2453125 0.0125 0.0234375
0 0.80703125 0.2890625 0.015625 0.03671875
0 0.84609375 0.26796875 0.01328125 0.03046875
0 0.771875 0.2328125 0.0140625 0.02890625
0 0.74765625 0.22109375 0.0140625 0.03203125
0 0.7640625 0.271875 0.01640625 0.03359375
0 0.7296875 0.24453125 0.0171875 0.0328125
0 0.715625 0.28125 0.01484375 0.03671875
0 0.69921875 0.24140625 0.0140625 0.03125
0 0.6703125 0.2609375 0.01640625 0.0296875
0 0.66484375 0.221875 0.01328125 0.025
0 0.67734375 0.2234375 0.0125 0.0359375
0 0.63984375 0.23671875 0.0140625 0.03046875
0 0.59453125 0.309375 0.021875 0.03125
0 0.6328125 0.2859375 0.01953125 0.02734375
0 0.56953125 0.2703125 0.015625 0.0359375
0 0.5265625 0.26171875 0.01640625 0.02890625
0 0.5328125 0.3421875 0.02109375 0.0421875
0 0.50390625 0.3140625 0.0171875 0.03828125
0 0.45859375 0.321875 0.01953125 0.04375
0 0.50078125 0.25546875 0.0171875 0.03671875
0 0.44375 0.25703125 0.015625 0.03359375
0 0.4015625 0.32734375 0.021875 0.03671875
0 0.40703125 0.28828125 0.01796875 0.03359375
0 0.4078125 0.25625 0.01328125 0.02734375
0 0.3859375 0.2484375 0.0140625 0.034375
0 0.3578125 0.2828125 0.0171875 0.03203125
0 0.54140625 0.23828125 0.015625 0.0296875
0 0.60546875 0.19765625 0.01328125 0.0265625
0 0.62109375 0.203125 0.015625 0.0265625
0 0.38046875 0.3265625 0.01640625 0.03359375
0 0.3546875 0.325 0.01640625 0.03515625
0 0.553125 0.21171875 0.0125 0.02578125
0 0.46796875 0.2296875 0.01640625 0.03046875