0 0.25390625 0.2109375 0.021875 0.06015625
0 0.284375 0.17890625 0.0265625 0.040625
0 0.39609375 0.25234375 0.03203125 0.0640625
0 0.5078125 0.30234375 0.021875 0.053125
0 0.3921875 0.1 0.02421875 0.046875
0 0.32109375 0.07421875 0.01640625 0.0328125
0 0.428125 0.12890625 0.0234375 0.03515625
0 0.51015625 0.19140625 0.0265625 0.04453125
0 0.525 0.1734375 0.015625 0.04140625
0 0.54921875 0.178125 0.025 0.03515625
0 0.54453125 0.21484375 0.01328125 0.034375
0 0.521875 0.21953125 0.02421875 0.04765625
0 0.57109375 0.2578125 0.03984375 0.05
0 0.609375 0.25234375 0.025 0.04765625
0 0.67890625 0.2703125 0.0296875 0.05078125
0 0.95234375 0.34140625 0.03203125 0.0375