0 0.93046875 0.5015625 0.05078125 0.1
0 0.08125 0.26953125 0.02734375 0.0515625
0 0.0796875 0.1953125 0.0125 0.0359375
0 0.0734375 0.16015625 0.01484375 0.0390625
0 0.103125 0.13125 0.01328125 0.03515625
0 0.13203125 0.1296875 0.01328125 0.03203125
0 0.11171875 0.1703125 0.0140625 0.0328125
0 0.13515625 0.1578125 0.02109375 0.034375
0 0.11328125 0.2046875 0.0140625 0.03359375
0 0.1515625 0.17109375 0.0140625 0.01796875
0 0.15703125 0.196875 0.01328125 0.03046875
0 0.13515625 0.22265625 0.01640625 0.028125
0 0.22265625 0.27421875 0.02890625 0.03515625
0 0.290625 0.29296875 0.0390625 0.0609375
0 0.32890625 0.32109375 0.02734375 0.05859375
0 0.33125 0.2609375 0.0265625 0.04296875
0 0.39296875 0.26640625 0.01484375 0.03828125
0 0.40234375 0.215625 0.0140625 0.03828125
0 0.43203125 0.2484375 0.02265625 0.04296875
0 0.4296875 0.36328125 0.02421875 0.05625
0 0.4703125 0.32109375 0.025 0.05234375
0 0.51484375 0.29453125 0.034375 0.05859375
0 0.34140625 0.21328125 0.0171875 0.04765625
0 0.30078125 0.221875 0.0234375 0.040625
0 0.24296875 0.22890625 0.021875 0.0484375
0 0.26640625 0.19375 0.01875 0.04296875
0 0.31328125 0.18046875 0.01796875 0.04375
0 0.3515625 0.178125 0.01640625 0.03984375
0 0.31484375 0.1484375 0.02109375 0.03984375
0 0.29375 0.1328125 0.0140625 0.0390625
0 0.27421875 0.159375 0.0109375 0.0421875
0 0.246875 0.15546875 0.01875 0.0328125
0 0.2046875 0.178125 0.015625 0.03359375
0 0.18671875 0.16875 0.0125 0.040625
0 0.1734375 0.140625 0.01171875 0.03828125
0 0.1875 0.1234375 0.0140625 0.03359375
0 0.2109375 0.1296875 0.0125 0.0265625
0 0.215625 0.1109375 0.009375 0.02890625
0 0.23828125 0.128125 0.01875 0.03125
0 0.253125 0.128125 0.009375 0.02890625
0 0.2625 0.12578125 0.01484375 0.0296875
0 0.3015625 0.0953125 0.01875 0.0203125
0 0.33046875 0.12578125 0.01484375 0.025
0 0.35390625 0.11875 0.0140625 0.02890625
0 0.3609375 0.1 0.0171875 0.02421875
0 0.3890625 0.11328125 0.01875 0.0203125
0 0.37890625 0.140625 0.01640625 0.0265625
0 0.38515625 0.096875 0.01171875 0.0203125
0 0.41328125 0.1109375 0.01328125 0.034375
0 0.44296875 0.1125 0.01484375 0.01953125
0 0.42421875 0.165625 0.01328125 0.03046875
0 0.4515625 0.1578125 0.01875 0.03359375
0 0.47421875 0.140625 0.01484375 0.034375
0 0.47265625 0.21875 0.01875 0.0453125
0 0.51328125 0.20390625 0.0171875 0.03125
0 0.4953125 0.16640625 0.0203125 0.03828125
0 0.521875 0.1625 0.021875 0.02421875
0 0.515625 0.1375 0.01171875 0.02578125
0 0.5421875 0.15859375 0.01171875 0.0328125
0 0.54765625 0.14453125 0.00859375 0.0265625
0 0.53125 0.20078125 0.015625 0.02578125
0 0.53515625 0.2390625 0.0140625 0.03828125
0 0.55703125 0.2015625 0.02109375 0.03203125
0 0.57734375 0.18359375 0.01484375 0.03125
0 0.5890625 0.1765625 0.01171875 0.02890625
0 0.61875 0.19921875 0.02265625 0.03359375
0 0.5875 0.221875 0.02734375 0.02734375
0 0.59296875 0.28359375 0.01875 0.0484375
0 0.6234375 0.234375 0.0203125 0.0390625
0 0.6484375 0.23671875 0.01953125 0.0375
0 0.65390625 0.20546875 0.0171875 0.034375
0 0.68671875 0.2296875 0.0203125 0.03515625
0 0.665625 0.290625 0.02265625 0.0515625
0 0.69140625 0.284375 0.01953125 0.0390625
0 0.70078125 0.25859375 0.0203125 0.02734375
0 0.74140625 0.27890625 0.0171875 0.04375
0 0.71640625 0.278125 0.01484375 0.0390625