0 0.19921875 0.35703125 0.04921875 0.10625
0 0.921875 0.36640625 0.02109375 0.053125
0 0.92109375 0.28984375 0.02265625 0.0484375
0 0.92578125 0.2375 0.01796875 0.04609375
0 0.93984375 0.20390625 0.015625 0.03671875
0 0.94921875 0.17890625 0.0125 0.0328125
0 0.9078125 0.16796875 0.01640625 0.0390625
0 0.8828125 0.15703125 0.0140625 0.0296875
0 0.86953125 0.1765625 0.01484375 0.03046875
0 0.8625 0.196875 0.01328125 0.0359375
0 0.83671875 0.22578125 0.01953125 0.028125
0 0.85234375 0.265625 0.02109375 0.040625
0 0.83125 0.29921875 0.0203125 0.04765625
0 0.7921875 0.28515625 0.02421875 0.0578125
0 0.7953125 0.215625 0.01640625 0.03671875
0 0.82734375 0.19140625 0.01328125 0.03203125
0 0.83203125 0.1609375 0.01171875 0.02578125
0 0.8390625 0.14140625 0.0109375 0.02578125
0 0.82109375 0.13984375 0.0125 0.03359375
0 0.809375 0.15546875 0.01328125 0.02734375
0 0.79765625 0.13125 0.009375 0.02421875
0 0.79375 0.16171875 0.01796875 0.03984375
0 0.7765625 0.15234375 0.0109375 0.02109375
0 0.7640625 0.1671875 0.01484375 0.03046875
0 0.74765625 0.15 0.01171875 0.025
0 0.728125 0.14453125 0.01328125 0.03125
0 0.7359375 0.19375 0.01796875 0.0390625
0 0.7609375 0.24765625 0.01875 0.03671875
0 0.73828125 0.22421875 0.01328125 0.0375
0 0.73828125 0.2625 0.02890625 0.046875
0 0.7125 0.2359375 0.0203125 0.04296875
0 0.69140625 0.171875 0.01484375 0.02734375
0 0.7125 0.2015625 0.01640625 0.0390625
0 0.6734375 0.2203125 0.01640625 0.03359375
0 0.659375 0.19375 0.01328125 0.0359375
0 0.68125 0.265625 0.0203125 0.04921875
0 0.6421875 0.24765625 0.02109375 0.046875
0 0.61796875 0.2296875 0.0171875 0.05
0 0.58046875 0.246875 0.02109375 0.05390625
0 0.54375 0.296875 0.025 0.0546875
0 0.5640625 0.19453125 0.0140625 0.03203125
0 0.58046875 0.175 0.01640625 0.0421875
0 0.64296875 0.16015625 0.015625 0.03671875
0 0.61796875 0.13671875 0.01171875 0.034375
0 0.6015625 0.1125 0.009375 0.02265625
0 0.59296875 0.1453125 0.0125 0.025
0 0.58515625 0.125 0.0078125 0.025
0 0.65703125 0.11484375 0.01328125 0.02734375
0 0.62734375 0.1171875 0.0078125 0.0171875
0 0.6546875 0.1421875 0.0078125 0.0296875
0 0.6703125 0.10859375 0.0078125 0.0296875
0 0.68671875 0.11953125 0.0125 0.0265625
0 0.70546875 0.13359375 0.0078125 0.03203125
0 0.5390625 0.13046875 0.01484375 0.025
0 0.51171875 0.14296875 0.01015625 0.0328125
0 0.5015625 0.13359375 0.00859375 0.03046875
0 0.51640625 0.17578125 0.01328125 0.034375
0 0.48984375 0.16953125 0.0171875 0.02578125
0 0.475 0.15859375 0.01328125 0.028125
0 0.48046875 0.14140625 0.015625 0.03046875
0 0.49140625 0.2171875 0.0140625 0.04453125
0 0.4515625 0.20859375 0.01953125 0.03984375
0 0.43046875 0.21796875 0.01640625 0.040625
0 0.44375 0.17265625 0.01796875 0.02734375
0 0.43515625 0.1484375 0.015625 0.03203125
0 0.39375 0.1703125 0.01796875 0.03671875
0 0.3859375 0.1921875 0.01328125 0.03046875
0 0.365625 0.1953125 0.015625 0.034375
0 0.37109375 0.2515625 0.0203125 0.0359375
0 0.409375 0.26640625 0.0234375 0.046875
0 0.3296875 0.2421875 0.021875 0.04609375
0 0.26484375 0.228125 0.021875 0.0421875