0 0.03984375 0.2421875 0.02109375 0.05546875
0 0.296875 0.30390625 0.02578125 0.04765625
0 0.34921875 0.33515625 0.03359375 0.053125
0 0.35390625 0.27734375 0.02421875 0.04453125
0 0.3546875 0.22109375 0.0203125 0.04921875
0 0.3046875 0.2359375 0.02421875 0.04609375
0 0.3109375 0.184375 0.01640625 0.0375
0 0.35078125 0.13203125 0.0140625 0.03828125
0 0.42890625 0.2 0.01484375 0.03203125
0 0.5046875 0.17890625 0.01640625 0.0421875
0 0.5265625 0.1734375 0.0171875 0.03984375
0 0.57578125 0.22265625 0.01875 0.0328125
0 0.5359375 0.24375 0.0234375 0.05