0 0.94921875 0.6421875 0.0515625 0.1
0 0.1328125 0.49609375 0.03515625 0.08359375
0 0.05703125 0.415625 0.02890625 0.07421875
0 0.11875 0.4140625 0.0296875 0.06796875
0 0.13671875 0.3390625 0.02578125 0.06796875
0 0.07421875 0.34296875 0.01875 0.06328125
0 0.05546875 0.36171875 0.0171875 0.04453125
0 0.02109375 0.36328125 0.01796875 0.0546875
0 0.02734375 0.31015625 0.02421875 0.04296875
0 0.01171875 0.26484375 0.0125 0.0546875
0 0.0484375 0.24375 0.01640625 0.04453125
0 0.06640625 0.2640625 0.0171875 0.053125
0 0.103125 0.28984375 0.02578125 0.05625
0 0.09375 0.2578125 0.0125 0.04140625
0 0.0953125 0.2296875 0.015625 0.05078125
0 0.12421875 0.23359375 0.01953125 0.04140625
0 0.184375 0.31875 0.02265625 0.05
0 0.2 0.43671875 0.0328125 0.07421875
0 0.26953125 0.3859375 0.021875 0.08671875
0 0.33125 0.4015625 0.0453125 0.09453125
0 0.39921875 0.36875 0.02890625 0.06875
0 0.42421875 0.32421875 0.02421875 0.05703125
0 0.396875 0.2875 0.03359375 0.0609375
0 0.33203125 0.23984375 0.01953125 0.05
0 0.30234375 0.2046875 0.0203125 0.05234375
0 0.2703125 0.2703125 0.0203125 0.05625
0 0.23515625 0.28671875 0.02578125 0.046875
0 0.19765625 0.2609375 0.0203125 0.05078125
0 0.175 0.21953125 0.01796875 0.04296875
0 0.1859375 0.18984375 0.01953125 0.0484375
0 0.21875 0.20078125 0.01484375 0.03125
0 0.25625 0.23046875 0.03203125 0.06484375
0 0.23515625 0.19296875 0.01640625 0.05
0 0.27578125 0.159375 0.0171875 0.04453125
0 0.3125 0.1671875 0.021875 0.06171875
0 0.303125 0.13671875 0.01328125 0.0453125
0 0.33125 0.13828125 0.02265625 0.04921875
0 0.33671875 0.17265625 0.01796875 0.06484375
0 0.35859375 0.134375 0.021875 0.053125
0 0.38984375 0.14453125 0.0171875 0.02890625
0 0.38203125 0.1703125 0.01953125 0.0453125
0 0.37265625 0.2046875 0.02421875 0.05234375
0 0.39375 0.11328125 0.02265625 0.04453125
0 0.415625 0.13828125 0.02421875 0.04921875
0 0.43359375 0.13984375 0.0265625 0.05234375
0 0.43984375 0.15859375 0.01640625 0.0375
0 0.41796875 0.20390625 0.02421875 0.05078125
0 0.4359375 0.22734375 0.02109375 0.05859375
0 0.47578125 0.159375 0.0203125 0.05234375
0 0.459375 0.1625 0.01328125 0.06171875
0 0.5 0.1578125 0.01796875 0.0453125
0 0.503125 0.20703125 0.0171875 0.05703125
0 0.515625 0.17734375 0.0171875 0.0390625
0 0.5296875 0.15234375 0.02109375 0.02890625
0 0.51484375 0.2640625 0.021875 0.06015625
0 0.55625 0.19375 0.021875 0.0484375
0 0.56640625 0.165625 0.01953125 0.03203125
0 0.57890625 0.190625 0.01796875 0.0625
0 0.62421875 0.196875 0.01640625 0.04921875
0 0.58515625 0.2375 0.01796875 0.05234375
0 0.55546875 0.29921875 0.0296875 0.07578125
0 0.62109375 0.26796875 0.021875 0.0578125
0 0.64765625 0.26328125 0.02421875 0.06953125
0 0.6390625 0.21484375 0.015625 0.07578125
0 0.68046875 0.2125 0.02421875 0.06015625
0 0.67578125 0.24921875 0.01953125 0.0640625
0 0.73203125 0.25390625 0.02421875 0.05546875
0 0.74765625 0.27890625 0.02421875 0.07421875
0 0.76796875 0.2625 0.02109375 0.04453125