0 0.26953125 0.27265625 0.021875 0.04375
0 0.303125 0.24921875 0.02109375 0.0375
0 0.34140625 0.275 0.02421875 0.0390625
0 0.309375 0.2890625 0.02265625 0.0421875
0 0.32109375 0.21640625 0.0171875 0.03515625
0 0.3359375 0.23046875 0.021875 0.04140625
0 0.35703125 0.2203125 0.01796875 0.05546875
0 0.37109375 0.215625 0.015625 0.0390625
0 0.40390625 0.2953125 0.03203125 0.059375
0 0.39140625 0.2 0.021875 0.05078125
0 0.421875 0.2171875 0.0234375 0.04453125
0 0.44140625 0.2265625 0.0234375 0.053125
0 0.465625 0.23203125 0.02890625 0.05234375
0 0.4125 0.16484375 0.01875 0.040625
0 0.4453125 0.15546875 0.01796875 0.0296875
0 0.4296875 0.18828125 0.01640625 0.03359375
0 0.50859375 0.1875 0.0203125 0.0375
0 0.478125 0.16328125 0.02265625 0.03359375
0 0.54140625 0.1921875 0.02265625 0.0359375
0 0.4875 0.309375 0.02890625 0.0609375
0 0.56171875 0.28203125 0.02890625 0.05859375
0 0.58984375 0.36171875 0.03515625 0.0625
0 0.671875 0.334375 0.03671875 0.0828125
0 0.53125 0.1390625 0.0140625 0.03515625
0 0.5546875 0.15546875 0.021875 0.0375
0 0.5609375 0.1171875 0.01796875 0.02734375
0 0.57109375 0.17265625 0.021875 0.03984375
0 0.5875 0.14765625 0.0203125 0.034375
0 0.6203125 0.13984375 0.02109375 0.0375
0 0.51484375 0.15859375 0.01484375 0.03515625
0 0.65390625 0.096875 0.01796875 0.02890625
0 0.675 0.11484375 0.0171875 0.03203125
0 0.70703125 0.13515625 0.01953125 0.03515625
0 0.6921875 0.1125 0.01640625 0.03125
0 0.68671875 0.15234375 0.02109375 0.040625
0 0.65078125 0.1625 0.0203125 0.0375
0 0.66328125 0.19453125 0.0203125 0.05
0 0.70078125 0.21796875 0.02734375 0.05703125
0 0.72890625 0.19453125 0.02265625 0.04765625
0 0.7453125 0.1625 0.015625 0.034375
0 0.734375 0.11640625 0.015625 0.0390625
0 0.75390625 0.11171875 0.0140625 0.02109375
0 0.74765625 0.12734375 0.01875 0.034375
0 0.76796875 0.1359375 0.01875 0.040625
0 0.7765625 0.121875 0.01484375 0.034375
0 0.803125 0.12265625 0.0203125 0.02890625
0 0.834375 0.13515625 0.01875 0.040625
0 0.90234375 0.1390625 0.01875 0.03125
0 0.8671875 0.14765625 0.025 0.04609375
0 0.928125 0.16640625 0.015625 0.03203125
0 0.92734375 0.2015625 0.021875 0.0359375
0 0.8921875 0.19921875 0.02109375 0.04140625
0 0.8484375 0.18515625 0.0203125 0.04765625
0 0.81953125 0.16484375 0.02109375 0.03515625
0 0.8 0.17578125 0.025 0.0484375
0 0.78125 0.15859375 0.0203125 0.0421875
0 0.75390625 0.2453125 0.0265625 0.0484375
0 0.86328125 0.21640625 0.0234375 0.05703125
0 0.8203125 0.25625 0.0296875 0.053125
0 0.9296875 0.2859375 0.028125 0.05234375
0 0.7890625 0.2828125 0.0296875 0.06640625
0 0.728125 0.28671875 0.03046875 0.07578125
0 0.6671875 0.2625 0.03046875 0.06796875
0 0.6234375 0.2578125 0.0328125 0.05703125
0 0.61328125 0.20234375 0.02421875 0.0515625
0 0.47578125 0.14375 0.0171875 0.02421875
0 0.25703125 0.28515625 0.021875 0.0375