0 0.825 0.3796875 0.040625 0.07578125
0 0.83515625 0.33203125 0.0265625 0.0375
0 0.64921875 0.521875 0.05078125 0.10390625
0 0.6296875 0.43828125 0.05546875 0.06484375
0 0.675 0.3421875 0.03671875 0.06484375
0 0.7765625 0.31328125 0.02890625 0.0578125
0 0.765625 0.265625 0.02578125 0.0421875
0 0.715625 0.246875 0.0203125 0.0390625
0 0.69765625 0.22265625 0.01875 0.046875
0 0.67578125 0.24140625 0.0234375 0.05703125
0 0.64765625 0.23515625 0.02109375 0.0640625
0 0.621875 0.21875 0.03125 0.0734375
0 0.59921875 0.209375 0.01953125 0.0484375