0 0.86875 0.19375 0.01640625 0.0421875
0 0.91796875 0.253125 0.021875 0.0453125
0 0.89140625 0.25859375 0.021875 0.04140625
0 0.8234375 0.25390625 0.0234375 0.059375
0 0.77109375 0.1484375 0.015625 0.034375
0 0.7546875 0.14375 0.01640625 0.03515625
0 0.3390625 0.21875 0.02109375 0.04765625
0 0.2921875 0.21171875 0.02265625 0.04453125
0 0.26171875 0.403125 0.0546875 0.1171875
0 0.559375 0.16875 0.03046875 0.0578125
0 0.646875 0.11796875 0.0234375 0.03125
0 0.578125 0.08125 0.02109375 0.04140625
0 0.465625 0.15625 0.021875 0.05
0 0.4125 0.215625 0.0203125 0.0484375
0 0.37890625 0.19921875 0.0203125 0.04140625