0 0.24140625 0.309375 0.04609375 0.0984375
0 0.68515625 0.21640625 0.01875 0.04140625
0 0.63203125 0.2015625 0.0203125 0.0375
0 0.62734375 0.1828125 0.01796875 0.0390625
0 0.58671875 0.17890625 0.0171875 0.0375
0 0.5703125 0.17890625 0.01875 0.0390625
0 0.54921875 0.2296875 0.0296875 0.05234375
0 0.5265625 0.1890625 0.02109375 0.0390625
0 0.5609375 0.15703125 0.0171875 0.02890625
0 0.53828125 0.146875 0.01953125 0.02734375
0 0.48203125 0.1890625 0.021875 0.04375
0 0.446875 0.1921875 0.01875 0.0453125
0 0.43359375 0.2390625 0.02578125 0.05078125
0 0.38515625 0.2265625 0.02421875 0.04609375
0 0.3390625 0.221875 0.02265625 0.04765625
0 0.35078125 0.20234375 0.01875 0.03984375
0 0.2890625 0.2265625 0.0265625 0.0515625
0 0.50703125 0.14453125 0.01875 0.03671875
0 0.484375 0.1328125 0.01875 0.040625
0 0.475 0.128125 0.0125 0.0265625
0 0.45703125 0.1359375 0.01640625 0.02734375
0 0.46484375 0.15078125 0.02109375 0.03125
0 0.42734375 0.14140625 0.0171875 0.0359375
0 0.40859375 0.1390625 0.0203125 0.028125
0 0.40859375 0.17265625 0.0203125 0.0390625
0 0.390625 0.1078125 0.015625 0.02578125
0 0.3765625 0.134375 0.015625 0.03046875
0 0.35234375 0.12421875 0.01484375 0.028125
0 0.34453125 0.1109375 0.01484375 0.034375
0 0.32890625 0.11484375 0.01484375 0.02734375
0 0.2984375 0.12265625 0.01640625 0.0296875
0 0.33671875 0.14140625 0.01484375 0.03515625
0 0.278125 0.14375 0.0171875 0.03515625
0 0.37265625 0.16484375 0.0171875 0.03515625
0 0.3078125 0.17890625 0.01875 0.04140625
0 0.28984375 0.18125 0.021875 0.04140625
0 0.2640625 0.153125 0.0171875 0.03125
0 0.24375 0.140625 0.01328125 0.0296875
0 0.22734375 0.1546875 0.01875 0.034375
0 0.20625 0.13203125 0.01328125 0.03046875
0 0.175 0.13359375 0.01875 0.04140625
0 0.14921875 0.14375 0.015625 0.040625
0 0.11796875 0.1609375 0.015625 0.03359375
0 0.0921875 0.18046875 0.01953125 0.04453125
0 0.06328125 0.16328125 0.01875 0.03515625
0 0.0671875 0.1921875 0.01640625 0.0375
0 0.06953125 0.23046875 0.02109375 0.04140625
0 0.17734375 0.178125 0.02109375 0.0453125
0 0.2109375 0.1734375 0.02109375 0.03671875
0 0.23515625 0.18984375 0.01875 0.04296875
0 0.2015625 0.209375 0.01796875 0.0390625
0 0.14375 0.19921875 0.01875 0.0421875
0 0.1046875 0.21484375 0.021875 0.0390625
0 0.121875 0.23046875 0.02265625 0.04765625
0 0.12734375 0.27890625 0.02890625 0.05546875
0 0.26875 0.18125 0.02109375 0.04375