0 0.0515625 0.36875 0.03828125 0.0765625
0 0.67109375 0.35 0.03203125 0.06796875
0 0.784375 0.2875 0.0265625 0.05
0 0.825 0.2265625 0.02109375 0.0453125
0 0.875 0.20859375 0.0125 0.0296875
0 0.928125 0.27265625 0.0234375 0.0484375
0 0.93359375 0.19609375 0.0140625 0.03984375
0 0.934375 0.1609375 0.01328125 0.04375
0 0.9015625 0.125 0.0125 0.021875
0 0.9 0.16640625 0.01640625 0.03671875
0 0.89609375 0.18984375 0.0171875 0.040625
0 0.87578125 0.12734375 0.01640625 0.0265625
0 0.85859375 0.15078125 0.01328125 0.03046875
0 0.84453125 0.1390625 0.0125 0.03203125
0 0.8546875 0.184375 0.01640625 0.034375
0 0.81796875 0.1796875 0.0171875 0.03984375
0 0.8203125 0.12890625 0.01328125 0.02734375
0 0.81015625 0.1328125 0.00859375 0.0296875
0 0.7890625 0.12578125 0.0140625 0.03046875
0 0.7734375 0.12421875 0.0125 0.0296875
0 0.75703125 0.1203125 0.0140625 0.0265625
0 0.73671875 0.12734375 0.0125 0.0234375
0 0.753125 0.13359375 0.01015625 0.02890625
0 0.76484375 0.16015625 0.0140625 0.025
0 0.74765625 0.17421875 0.0234375 0.040625
0 0.7640625 0.2109375 0.02421875 0.03046875
0 0.72265625 0.28984375 0.03125 0.046875
0 0.70234375 0.215625 0.028125 0.04453125
0 0.7140625 0.17890625 0.01953125 0.040625
0 0.69453125 0.15625 0.01640625 0.03125
0 0.7171875 0.14140625 0.02265625 0.034375
0 0.6640625 0.25234375 0.02421875 0.0390625
0 0.665625 0.20546875 0.0203125 0.046875
0 0.659375 0.16640625 0.01953125 0.03671875
0 0.625 0.19765625 0.0265625 0.04765625
0 0.61484375 0.2546875 0.021875 0.0453125
0 0.6015625 0.3390625 0.0234375 0.07265625
0 0.56484375 0.2890625 0.02734375 0.0578125
0 0.5671875 0.2421875 0.0203125 0.0421875
0 0.4984375 0.28515625 0.02109375 0.0609375
0 0.68984375 0.0984375 0.01484375 0.02265625
0 0.68828125 0.115625 0.01328125 0.02265625
0 0.6578125 0.0984375 0.01875 0.028125
0 0.646875 0.12265625 0.01484375 0.02890625
0 0.625 0.11796875 0.0140625 0.028125
0 0.62578125 0.0953125 0.009375 0.01953125
0 0.60546875 0.096875 0.01796875 0.021875
0 0.5953125 0.125 0.0171875 0.0265625
0 0.5640625 0.1140625 0.02109375 0.021875
0 0.62265625 0.1421875 0.01875 0.0265625
0 0.5921875 0.15625 0.021875 0.02265625
0 0.5828125 0.16640625 0.02109375 0.03828125
0 0.55 0.15078125 0.01640625 0.03359375
0 0.5390625 0.12890625 0.021875 0.03984375
0 0.5234375 0.140625 0.0171875 0.03046875
0 0.49375 0.12734375 0.01953125 0.02109375
0 0.525 0.20625 0.02109375 0.03984375
0 0.49453125 0.190625 0.01875 0.03671875
0 0.5109375 0.1734375 0.01171875 0.03671875
0 0.48515625 0.159375 0.0203125 0.040625
0 0.475 0.16015625 0.01640625 0.0328125
0 0.4546875 0.1515625 0.0078125 0.0203125
0 0.459375 0.17421875 0.01171875 0.02109375
0 0.4515625 0.19296875 0.01328125 0.03359375
0 0.4859375 0.21953125 0.01875 0.046875
0 0.44921875 0.2265625 0.02890625 0.02890625
0 0.41953125 0.22734375 0.0234375 0.04765625
0 0.42421875 0.1890625 0.01796875 0.025
0 0.409375 0.16875 0.01328125 0.025
0 0.39609375 0.21875 0.01640625 0.040625
0 0.38984375 0.190625 0.021875 0.02421875
0 0.37578125 0.2125 0.015625 0.03359375
0 0.384375 0.3015625 0.02578125 0.05546875
0 0.35234375 0.278125 0.02109375 0.053125
0 0.32109375 0.2515625 0.01796875 0.05
0 0.309375 0.23828125 0.01484375 0.0421875
0 0.30234375 0.27890625 0.01484375 0.04140625
0 0.28671875 0.25234375 0.01796875 0.0375