0 0.93828125 0.24609375 0.040625 0.07265625
0 0.9421875 0.1828125 0.02109375 0.05234375
0 0.9109375 0.16640625 0.02421875 0.0515625
0 0.8375 0.10625 0.0140625 0.0546875
0 0.83125 0.08828125 0.01484375 0.05078125
0 0.803125 0.08984375 0.021875 0.05859375
0 0.7703125 0.11875 0.0109375 0.0375
0 0.64375 0.20234375 0.0265625 0.05
0 0.4625 0.17265625 0.05078125 0.0546875
0 0.35859375 0.2015625 0.021875 0.04375
0 0.15546875 0.26171875 0.01484375 0.0390625
0 0.18125 0.30703125 0.05078125 0.0796875
0 0.165625 0.44140625 0.03671875 0.08515625