0 0.64140625 0.52421875 0.06484375 0.14296875
0 0.71328125 0.4078125 0.05390625 0.121875
0 0.37109375 0.26171875 0.025 0.0515625
0 0.41953125 0.2703125 0.0234375 0.040625
0 0.51796875 0.2359375 0.02109375 0.04453125
0 0.53515625 0.240625 0.0140625 0.04375
0 0.5546875 0.2203125 0.0171875 0.0359375
0 0.5890625 0.278125 0.02265625 0.04765625
0 0.68359375 0.21640625 0.02578125 0.0421875
0 0.36484375 0.1328125 0.0125 0.01953125
0 0.3953125 0.12109375 0.01328125 0.0203125
0 0.42265625 0.13203125 0.01484375 0.025