0 0.20546875 0.4453125 0.04296875 0.07421875
0 0.8578125 0.1453125 0.0140625 0.02734375
0 0.83125 0.14296875 0.01171875 0.02734375
0 0.81640625 0.153125 0.01484375 0.0328125
0 0.8 0.140625 0.01328125 0.0328125
0 0.85546875 0.23359375 0.021875 0.04375
0 0.8375 0.19140625 0.01875 0.034375
0 0.80078125 0.1765625 0.01640625 0.0328125
0 0.77421875 0.2125 0.0203125 0.04296875
0 0.82421875 0.22890625 0.02109375 0.04453125
0 0.9015625 0.265625 0.021875 0.05234375
0 0.853125 0.3078125 0.0234375 0.05234375
0 0.78203125 0.2859375 0.02421875 0.0578125
0 0.7484375 0.2203125 0.01875 0.03671875
0 0.7109375 0.21640625 0.01875 0.0390625
0 0.7265625 0.1890625 0.01953125 0.034375
0 0.69140625 0.18515625 0.01875 0.040625
0 0.64453125 0.171875 0.01796875 0.0375
0 0.6859375 0.1578125 0.0140625 0.0296875
0 0.71796875 0.1578125 0.0140625 0.0296875
0 0.74921875 0.1640625 0.01875 0.03046875
0 0.6453125 0.22109375 0.0203125 0.03671875
0 0.71796875 0.290625 0.02421875 0.05546875
0 0.6953125 0.31875 0.028125 0.065625
0 0.753125 0.340625 0.03359375 0.065625
0 0.53125 0.31171875 0.025 0.05234375
0 0.64453125 0.2640625 0.02265625 0.04765625
0 0.60390625 0.21796875 0.025 0.0453125
0 0.49296875 0.3140625 0.02421875 0.04921875
0 0.56953125 0.2640625 0.025 0.04609375
0 0.65703125 0.1171875 0.01484375 0.0265625
0 0.63828125 0.11953125 0.01328125 0.03203125
0 0.609375 0.1453125 0.01484375 0.03671875
0 0.55234375 0.1625 0.015625 0.0328125
0 0.56875 0.17109375 0.01640625 0.03203125
0 0.5359375 0.19140625 0.01640625 0.0359375
0 0.39453125 0.28125 0.02421875 0.04140625
0 0.3765625 0.2609375 0.01796875 0.03671875
0 0.31953125 0.28671875 0.02890625 0.03828125
0 0.27265625 0.2609375 0.01796875 0.034375
0 0.29296875 0.265625 0.0203125 0.0359375
0 0.32890625 0.21640625 0.0171875 0.03359375
0 0.4390625 0.22109375 0.01875 0.040625
0 0.46484375 0.23046875 0.02578125 0.04375
0 0.396875 0.23125 0.02265625 0.03359375
0 0.503125 0.19296875 0.01953125 0.03984375
0 0.41796875 0.18125 0.01796875 0.0328125
0 0.4015625 0.190625 0.01796875 0.0296875
0 0.45703125 0.14453125 0.01328125 0.0265625
0 0.47890625 0.13828125 0.01328125 0.028125
0 0.51171875 0.146875 0.015625 0.0265625
0 0.56328125 0.13828125 0.01484375 0.02890625
0 0.57890625 0.14921875 0.015625 0.02890625
0 0.453125 0.17265625 0.01640625 0.028125