0 0.95859375 0.36640625 0.02109375 0.04375
0 0.159375 0.3015625 0.0203125 0.053125
0 0.165625 0.2640625 0.01640625 0.0375
0 0.0890625 0.253125 0.0171875 0.0484375
0 0.0953125 0.2171875 0.0171875 0.0328125
0 0.11328125 0.209375 0.0171875 0.0375
0 0.121875 0.1703125 0.0140625 0.03125
0 0.1125 0.15390625 0.01484375 0.02578125
0 0.15546875 0.15234375 0.015625 0.03515625
0 0.1734375 0.1484375 0.01328125 0.03515625
0 0.16953125 0.19921875 0.0171875 0.03984375
0 0.2109375 0.1625 0.01953125 0.028125
0 0.2265625 0.1359375 0.0140625 0.03984375
0 0.24375 0.121875 0.01484375 0.03671875
0 0.271875 0.11953125 0.0140625 0.03671875
0 0.2421875 0.1546875 0.01640625 0.03125
0 0.2359375 0.19921875 0.01953125 0.034375
0 0.23671875 0.25 0.02109375 0.04765625
0 0.25390625 0.23046875 0.0234375 0.03125
0 0.27109375 0.1921875 0.01484375 0.04609375
0 0.2875 0.165625 0.0140625 0.03984375
0 0.3 0.1390625 0.01328125 0.034375
0 0.303125 0.1796875 0.0171875 0.03984375
0 0.321875 0.14453125 0.01484375 0.03671875
0 0.2984375 0.21484375 0.0171875 0.0390625
0 0.2921875 0.28046875 0.028125 0.0484375
0 0.33046875 0.25 0.02578125 0.0578125
0 0.353125 0.203125 0.0203125 0.0484375
0 0.35703125 0.17109375 0.0140625 0.02421875
0 0.384375 0.20078125 0.0234375 0.0375
0 0.396875 0.2515625 0.0203125 0.05703125
0 0.37578125 0.2921875 0.0296875 0.04375
0 0.42109375 0.28046875 0.02578125 0.05390625
0 0.44921875 0.23671875 0.025 0.053125
0 0.50703125 0.290625 0.0203125 0.0609375
0 0.465625 0.1890625 0.021875 0.03984375
0 0.4546875 0.1671875 0.01875 0.0375
0 0.42890625 0.16953125 0.0125 0.0359375
0 0.4390625 0.146875 0.0171875 0.02265625
0 0.43515625 0.1140625 0.01171875 0.03671875
0 0.415625 0.1484375 0.0109375 0.0328125
0 0.40234375 0.1234375 0.0078125 0.02578125
0 0.384375 0.14453125 0.009375 0.0375
0 0.3640625 0.11640625 0.01171875 0.02890625
0 0.32734375 0.10390625 0.0140625 0.02578125
0 0.4859375 0.15546875 0.02109375 0.0265625
0 0.490625 0.18828125 0.02265625 0.02578125
0 0.52265625 0.19296875 0.01875 0.025
0 0.528125 0.16171875 0.01328125 0.03515625
0 0.51875 0.13515625 0.01171875 0.03125
0 0.54453125 0.1484375 0.01328125 0.02578125
0 0.55390625 0.1890625 0.01875 0.03203125
0 0.53359375 0.22890625 0.021875 0.0390625
0 0.5515625 0.22265625 0.01171875 0.0296875
0 0.59375 0.26328125 0.0203125 0.03828125
0 0.6125 0.25390625 0.01875 0.0421875
0 0.60546875 0.2109375 0.01953125 0.040625
0 0.584375 0.18359375 0.01875 0.040625
0 0.62109375 0.184375 0.01796875 0.03984375
0 0.6375 0.19453125 0.015625 0.0359375
0 0.6515625 0.26484375 0.02109375 0.05859375
0 0.6515625 0.22109375 0.0234375 0.03828125
0 0.678125 0.20703125 0.00859375 0.02421875
0 0.66015625 0.203125 0.0203125 0.025
0 0.67578125 0.24296875 0.0140625 0.0328125
0 0.72421875 0.26171875 0.0203125 0.03359375
0 0.74140625 0.24609375 0.01484375 0.034375