0 0.05078125 0.6421875 0.0515625 0.1
0 0.8671875 0.49609375 0.03515625 0.08359375
0 0.94296875 0.415625 0.02890625 0.07421875
0 0.88125 0.4140625 0.0296875 0.06796875
0 0.86328125 0.3390625 0.02578125 0.06796875
0 0.92578125 0.34296875 0.01875 0.06328125
0 0.94453125 0.36171875 0.0171875 0.04453125
0 0.97890625 0.36328125 0.01796875 0.0546875
0 0.97265625 0.31015625 0.02421875 0.04296875
0 0.98828125 0.26484375 0.0125 0.0546875
0 0.9515625 0.24375 0.01640625 0.04453125
0 0.93359375 0.2640625 0.0171875 0.053125
0 0.896875 0.28984375 0.02578125 0.05625
0 0.90625 0.2578125 0.0125 0.04140625
0 0.9046875 0.2296875 0.015625 0.05078125
0 0.87578125 0.23359375 0.01953125 0.04140625
0 0.815625 0.31875 0.02265625 0.05
0 0.8 0.43671875 0.0328125 0.07421875
0 0.73046875 0.3859375 0.021875 0.08671875
0 0.66875 0.4015625 0.0453125 0.09453125
0 0.60078125 0.36875 0.02890625 0.06875
0 0.57578125 0.32421875 0.02421875 0.05703125
0 0.603125 0.2875 0.03359375 0.0609375
0 0.66796875 0.23984375 0.01953125 0.05
0 0.69765625 0.2046875 0.0203125 0.05234375
0 0.7296875 0.2703125 0.0203125 0.05625
0 0.76484375 0.28671875 0.02578125 0.046875
0 0.80234375 0.2609375 0.0203125 0.05078125
0 0.825 0.21953125 0.01796875 0.04296875
0 0.8140625 0.18984375 0.01953125 0.0484375
0 0.78125 0.20078125 0.01484375 0.03125
0 0.74375 0.23046875 0.03203125 0.06484375
0 0.76484375 0.19296875 0.01640625 0.05
0 0.72421875 0.159375 0.0171875 0.04453125
0 0.6875 0.1671875 0.021875 0.06171875
0 0.696875 0.13671875 0.01328125 0.0453125
0 0.66875 0.13828125 0.02265625 0.04921875
0 0.66328125 0.17265625 0.01796875 0.06484375
0 0.64140625 0.134375 0.021875 0.053125
0 0.61015625 0.14453125 0.0171875 0.02890625
0 0.61796875 0.1703125 0.01953125 0.0453125
0 0.62734375 0.2046875 0.02421875 0.05234375
0 0.60625 0.11328125 0.02265625 0.04453125
0 0.584375 0.13828125 0.02421875 0.04921875
0 0.56640625 0.13984375 0.0265625 0.05234375
0 0.56015625 0.15859375 0.01640625 0.0375
0 0.58203125 0.20390625 0.02421875 0.05078125
0 0.5640625 0.22734375 0.02109375 0.05859375
0 0.52421875 0.159375 0.0203125 0.05234375
0 0.540625 0.1625 0.01328125 0.06171875
0 0.5 0.1578125 0.01796875 0.0453125
0 0.496875 0.20703125 0.0171875 0.05703125
0 0.484375 0.17734375 0.0171875 0.0390625
0 0.4703125 0.15234375 0.02109375 0.02890625
0 0.48515625 0.2640625 0.021875 0.06015625
0 0.44375 0.19375 0.021875 0.0484375
0 0.43359375 0.165625 0.01953125 0.03203125
0 0.42109375 0.190625 0.01796875 0.0625
0 0.37578125 0.196875 0.01640625 0.04921875
0 0.41484375 0.2375 0.01796875 0.05234375
0 0.44453125 0.29921875 0.0296875 0.07578125
0 0.37890625 0.26796875 0.021875 0.0578125
0 0.35234375 0.26328125 0.02421875 0.06953125
0 0.3609375 0.21484375 0.015625 0.07578125
0 0.31953125 0.2125 0.02421875 0.06015625
0 0.32421875 0.24921875 0.01953125 0.0640625
0 0.26796875 0.25390625 0.02421875 0.05546875
0 0.25234375 0.27890625 0.02421875 0.07421875
0 0.23203125 0.2625 0.02109375 0.04453125