0 0.90234375 0.4953125 0.05859375 0.10859375
0 0.0921875 0.41484375 0.04375 0.090625
0 0.08125 0.334375 0.0296875 0.059375
0 0.075 0.2796875 0.0234375 0.05703125
0 0.07265625 0.20546875 0.034375 0.040625
0 0.10625 0.221875 0.01796875 0.05078125
0 0.12265625 0.25703125 0.02578125 0.05
0 0.1578125 0.3015625 0.03046875 0.06796875
0 0.175 0.3875 0.03359375 0.07265625
0 0.2203125 0.3015625 0.02734375 0.06640625
0 0.1828125 0.22734375 0.025 0.05625
0 0.19765625 0.18828125 0.0234375 0.04921875
0 0.228125 0.23125 0.02734375 0.0359375
0 0.2625 0.2859375 0.0234375 0.07109375
0 0.25 0.365625 0.03828125 0.08125
0 0.296875 0.3015625 0.0265625 0.08671875
0 0.33125 0.27109375 0.02578125 0.0578125
0 0.26640625 0.21015625 0.01953125 0.0421875
0 0.2359375 0.1890625 0.021875 0.0546875
0 0.25390625 0.1625 0.02421875 0.0390625
0 0.2375 0.14765625 0.01796875 0.03984375
0 0.20625 0.15078125 0.01484375 0.0296875
0 0.18671875 0.14296875 0.0203125 0.0453125
0 0.19765625 0.1234375 0.0203125 0.0421875
0 0.246875 0.125 0.0203125 0.02578125
0 0.2953125 0.14609375 0.021875 0.034375
0 0.3265625 0.18203125 0.021875 0.04609375
0 0.3640625 0.19609375 0.021875 0.0453125
0 0.37734375 0.24609375 0.01796875 0.059375
0 0.38984375 0.3109375 0.021875 0.0515625
0 0.45078125 0.28046875 0.028125 0.06875
0 0.4328125 0.2296875 0.02578125 0.046875
0 0.50390625 0.2765625 0.03203125 0.04921875
0 0.278125 0.10859375 0.01875 0.03515625
0 0.303125 0.09921875 0.0203125 0.03203125
0 0.33359375 0.09140625 0.01484375 0.021875
0 0.340625 0.10703125 0.0171875 0.0296875
0 0.3359375 0.1359375 0.0171875 0.03359375
0 0.359375 0.10390625 0.0125 0.0265625
0 0.36796875 0.1234375 0.01875 0.03125
0 0.3796875 0.10625 0.01328125 0.03125
0 0.37421875 0.14453125 0.02109375 0.0390625
0 0.39921875 0.125 0.01484375 0.040625
0 0.41875 0.11015625 0.015625 0.03671875
0 0.44453125 0.11640625 0.01640625 0.01953125
0 0.4140625 0.16328125 0.02265625 0.0453125
0 0.44140625 0.17421875 0.015625 0.021875
0 0.44765625 0.14453125 0.01484375 0.02734375
0 0.43359375 0.134375 0.0140625 0.03125
0 0.45078125 0.13046875 0.01484375 0.02890625
0 0.4703125 0.11015625 0.01015625 0.0171875
0 0.46953125 0.16171875 0.015625 0.0390625
0 0.48671875 0.14375 0.02109375 0.046875
0 0.4984375 0.11171875 0.01171875 0.021875
0 0.50703125 0.12734375 0.02109375 0.0390625
0 0.52890625 0.13203125 0.01953125 0.03671875
0 0.540625 0.14765625 0.01328125 0.03984375
0 0.5203125 0.175 0.0171875 0.0375
0 0.49609375 0.1765625 0.0171875 0.02890625
0 0.51796875 0.22265625 0.025 0.04296875
0 0.54609375 0.22109375 0.0203125 0.0546875
0 0.5578125 0.17109375 0.02265625 0.0546875
0 0.578125 0.1390625 0.0125 0.03671875
0 0.5890625 0.18203125 0.01953125 0.03203125
0 0.578125 0.2328125 0.021875 0.04765625
0 0.60546875 0.18515625 0.015625 0.053125
0 0.62109375 0.184375 0.0203125 0.04765625
0 0.64921875 0.17265625 0.01953125 0.04453125
0 0.65859375 0.19140625 0.021875 0.0296875
0 0.6171875 0.24375 0.0265625 0.04609375
0 0.67421875 0.23828125 0.01953125 0.0578125
0 0.69765625 0.22109375 0.025 0.0375
0 0.7140625 0.21875 0.0265625 0.059375