0 0.83046875 0.2890625 0.0484375 0.06015625
0 0.91171875 0.15390625 0.01328125 0.03984375
0 0.89609375 0.15546875 0.0109375 0.046875
0 0.775 0.27109375 0.02421875 0.065625
0 0.621875 0.20234375 0.0515625 0.04921875
0 0.6 0.24296875 0.03359375 0.03125
0 0.57734375 0.38046875 0.028125 0.046875
0 0.54140625 0.3140625 0.0359375 0.06015625
0 0.47890625 0.303125 0.0328125 0.0640625
0 0.54375 0.140625 0.02421875 0.04296875
0 0.49296875 0.12734375 0.01796875 0.0421875
0 0.453125 0.21953125 0.0234375 0.0453125
0 0.2625 0.2765625 0.034375 0.05703125