0 0.18984375 0.45546875 0.04375 0.1203125
0 0.30625 0.2375 0.02734375 0.05546875
0 0.3421875 0.20703125 0.0265625 0.05546875
0 0.409375 0.21640625 0.01796875 0.04609375
0 0.415625 0.19296875 0.02421875 0.03828125
0 0.484375 0.23203125 0.02421875 0.0515625
0 0.44140625 0.2359375 0.0234375 0.0515625
0 0.4796875 0.178125 0.0171875 0.03515625
0 0.41875 0.16015625 0.01640625 0.03359375
0 0.42578125 0.1171875 0.01796875 0.04140625
0 0.4859375 0.1484375 0.01796875 0.03046875
0 0.50703125 0.15078125 0.0171875 0.0390625
0 0.525 0.153125 0.01953125 0.03828125
0 0.5421875 0.1390625 0.0171875 0.03203125
0 0.55859375 0.1859375 0.01875 0.03828125
0 0.5625 0.1546875 0.01796875 0.0375
0 0.6 0.146875 0.01875 0.04375
0 0.49765625 0.2828125 0.0296875 0.0578125
0 0.571875 0.29375 0.0265625 0.06171875
0 0.56171875 0.259375 0.02421875 0.05546875
0 0.6234375 0.30234375 0.03203125 0.06484375
0 0.6734375 0.33359375 0.0328125 0.06953125
0 0.6109375 0.2796875 0.01953125 0.0546875
0 0.66640625 0.296875 0.02890625 0.04609375
0 0.63359375 0.20546875 0.0234375 0.05078125
0 0.6609375 0.190625 0.0203125 0.04296875
0 0.6734375 0.21796875 0.02421875 0.05
0 0.62265625 0.13671875 0.01796875 0.0359375
0 0.70390625 0.2015625 0.021875 0.053125
0 0.72265625 0.2328125 0.02265625 0.059375
0 0.740625 0.1953125 0.01875 0.04140625
0 0.7265625 0.1609375 0.01484375 0.0296875
0 0.70390625 0.18046875 0.01796875 0.03984375
0 0.8046875 0.20703125 0.02578125 0.05
0 0.8390625 0.22421875 0.0234375 0.04765625
0 0.80390625 0.2953125 0.028125 0.0546875
0 0.8171875 0.253125 0.02421875 0.05
0 0.86796875 0.32734375 0.02578125 0.05078125
0 0.86875 0.2890625 0.021875 0.04296875
0 0.9015625 0.33046875 0.0265625 0.071875
0 0.97265625 0.1171875 0.01796875 0.02734375
0 0.92109375 0.1234375 0.01875 0.04140625
0 0.903125 0.1046875 0.01640625 0.0328125
0 0.93046875 0.24921875 0.021875 0.05078125
0 0.96796875 0.1546875 0.01953125 0.0375
0 0.896875 0.4234375 0.03515625 0.09609375