0 0.96328125 0.1953125 0.021875 0.04609375
0 0.959375 0.2640625 0.02109375 0.05234375
0 0.8859375 0.21015625 0.0203125 0.0484375
0 0.92421875 0.446875 0.0265625 0.07890625
0 0.92421875 0.55078125 0.03046875 0.09921875
0 0.87265625 0.640625 0.04140625 0.09765625
0 0.82890625 0.271875 0.01953125 0.0546875
0 0.80546875 0.459375 0.02421875 0.0734375
0 0.8359375 0.18984375 0.01484375 0.0453125
0 0.821875 0.18828125 0.0109375 0.0453125
0 0.803125 0.1265625 0.0140625 0.0421875
0 0.775 0.14140625 0.0171875 0.04140625
0 0.75390625 0.11796875 0.01640625 0.0484375
0 0.76484375 0.390625 0.02734375 0.06328125
0 0.75703125 0.31796875 0.02421875 0.06015625
0 0.7 0.1390625 0.01640625 0.0390625
0 0.69921875 0.17265625 0.01875 0.04765625
0 0.7109375 0.20625 0.0203125 0.0546875
0 0.68359375 0.24609375 0.02265625 0.046875
0 0.64375 0.2203125 0.021875 0.05703125
0 0.62265625 0.18828125 0.01640625 0.053125
0 0.6390625 0.0875 0.01484375 0.0375
0 0.5953125 0.09375 0.01484375 0.0390625
0 0.56484375 0.096875 0.0203125 0.04296875
0 0.58359375 0.17265625 0.0203125 0.05
0 0.4984375 0.04609375 0.01640625 0.04765625
0 0.51796875 0.078125 0.0171875 0.04375
0 0.471875 0.084375 0.01328125 0.0375
0 0.540625 0.15234375 0.015625 0.0515625
0 0.53046875 0.13671875 0.015625 0.04375
0 0.496875 0.1828125 0.01796875 0.05
0 0.50546875 0.23203125 0.01875 0.0546875
0 0.51953125 0.30625 0.028125 0.0625
0 0.43828125 0.32890625 0.02421875 0.06875
0 0.42578125 0.20546875 0.01796875 0.04921875
0 0.45 0.178125 0.01875 0.046875
0 0.40859375 0.09609375 0.01640625 0.03515625
0 0.39921875 0.14296875 0.01484375 0.03359375
0 0.41875 0.14765625 0.01640625 0.03359375
0 0.37578125 0.1140625 0.01640625 0.04296875
0 0.36796875 0.25703125 0.02421875 0.04609375
0 0.35 0.1515625 0.015625 0.04453125
0 0.471875 0.4875 0.0421875 0.071875
0 0.31015625 0.35625 0.0234375 0.065625
0 0.2875 0.28515625 0.0265625 0.05234375
0 0.2953125 0.23125 0.01328125 0.04375
0 0.26875 0.2171875 0.01875 0.0515625
0 0.221875 0.21796875 0.01796875 0.04765625
0 0.1828125 0.24453125 0.02109375 0.0484375
0 0.221875 0.37109375 0.025 0.0671875
0 0.14140625 0.2859375 0.02578125 0.03984375
0 0.06875 0.3859375 0.02421875 0.06015625