0 0.44453125 0.27578125 0.0359375 0.06953125
0 0.42109375 0.2671875 0.015625 0.05703125
0 0.3609375 0.24375 0.01640625 0.0453125
0 0.36640625 0.20078125 0.0171875 0.0375
0 0.33125 0.21640625 0.01953125 0.02890625
0 0.3140625 0.2625 0.0265625 0.059375
0 0.296875 0.225 0.01484375 0.04140625
0 0.2625 0.26796875 0.01796875 0.06328125
0 0.2359375 0.2484375 0.01953125 0.0375
0 0.20859375 0.2828125 0.02578125 0.04765625
0 0.16171875 0.3046875 0.0296875 0.06328125
0 0.0984375 0.34609375 0.02890625 0.05546875
0 0.08203125 0.30390625 0.025 0.04140625
0 0.1296875 0.26953125 0.02109375 0.0578125
0 0.0765625 0.2484375 0.02109375 0.05
0 0.12265625 0.2375 0.015625 0.0375
0 0.15546875 0.2328125 0.015625 0.03984375
0 0.159375 0.19609375 0.0140625 0.03984375
0 0.0953125 0.2015625 0.02109375 0.034375
0 0.05625 0.20625 0.02265625 0.0296875
0 0.06015625 0.1734375 0.015625 0.03671875
0 0.09296875 0.15859375 0.02109375 0.034375
0 0.1203125 0.15859375 0.0125 0.03203125
0 0.1390625 0.18046875 0.01953125 0.04453125
0 0.16796875 0.159375 0.015625 0.0234375
0 0.15234375 0.14453125 0.01796875 0.0375
0 0.1890625 0.1359375 0.01640625 0.02578125
0 0.20234375 0.15625 0.0140625 0.03125
0 0.21484375 0.21328125 0.0265625 0.05234375
0 0.24140625 0.20546875 0.0171875 0.03671875
0 0.24140625 0.15703125 0.02109375 0.04453125
0 0.21171875 0.13515625 0.0125 0.03046875
0 0.2484375 0.12578125 0.0171875 0.028125
0 0.27734375 0.1421875 0.01875 0.03984375
0 0.2625 0.18203125 0.0171875 0.04453125
0 0.2984375 0.17109375 0.02109375 0.03203125
0 0.30703125 0.159375 0.009375 0.025
0 0.29375 0.1046875 0.01015625 0.021875
0 0.3171875 0.13125 0.015625 0.03046875
0 0.3234375 0.1046875 0.01484375 0.0234375
0 0.34609375 0.115625 0.01875 0.0328125
0 0.37734375 0.09609375 0.0125 0.01328125
0 0.37265625 0.1109375 0.01484375 0.01640625
0 0.3765625 0.13046875 0.01484375 0.02109375
0 0.3453125 0.14453125 0.0140625 0.03203125
0 0.39375 0.11796875 0.01484375 0.02890625
0 0.4015625 0.10078125 0.0109375 0.01875
0 0.409375 0.13203125 0.01328125 0.03203125
0 0.4234375 0.1171875 0.01328125 0.02734375
0 0.3859375 0.16171875 0.01640625 0.04140625
0 0.41484375 0.16328125 0.015625 0.03671875
0 0.434375 0.13828125 0.01171875 0.02421875
0 0.446875 0.11953125 0.015625 0.02890625
0 0.46875 0.1296875 0.01015625 0.028125
0 0.4796875 0.12890625 0.015625 0.03203125
0 0.5 0.13828125 0.009375 0.03046875
0 0.46796875 0.159375 0.01328125 0.02734375
0 0.4640625 0.20390625 0.021875 0.04140625
0 0.5046875 0.21328125 0.0140625 0.03984375
0 0.50078125 0.18203125 0.01171875 0.040625
0 0.51796875 0.18125 0.01953125 0.0359375
0 0.5359375 0.15859375 0.01640625 0.03359375
0 0.528125 0.13203125 0.01484375 0.02890625
0 0.546875 0.19609375 0.01796875 0.04375
0 0.57734375 0.14375 0.0140625 0.028125
0 0.5734375 0.18125 0.01796875 0.0359375
0 0.58515625 0.21015625 0.0171875 0.0359375
0 0.596875 0.1640625 0.0171875 0.0328125
0 0.6109375 0.1921875 0.0125 0.040625
0 0.62265625 0.17578125 0.0171875 0.028125
0 0.6375 0.1890625 0.015625 0.034375
0 0.59140625 0.26484375 0.01875 0.05
0 0.62578125 0.24765625 0.0171875 0.04765625
0 0.66640625 0.234375 0.01640625 0.0296875
0 0.67578125 0.19453125 0.0203125 0.03984375
0 0.7296875 0.2234375 0.02578125 0.05546875
0 0.43046875 0.23046875 0.01953125 0.02734375