0 0.95078125 0.375 0.03359375 0.05546875
0 0.33828125 0.33984375 0.0296875 0.05546875
0 0.40703125 0.33046875 0.0265625 0.0546875
0 0.45078125 0.2875 0.028125 0.04609375
0 0.53203125 0.30703125 0.03203125 0.059375
0 0.44375 0.23671875 0.0265625 0.04609375
0 0.4 0.2546875 0.02734375 0.05078125
0 0.34296875 0.26015625 0.02265625 0.05625
0 0.28515625 0.2828125 0.028125 0.0546875
0 0.2265625 0.28046875 0.021875 0.059375
0 0.19453125 0.2453125 0.02734375 0.04140625
0 0.13671875 0.21953125 0.01796875 0.03515625
0 0.07578125 0.275 0.021875 0.05859375
0 0.0859375 0.18984375 0.01640625 0.040625
0 0.115625 0.2015625 0.0171875 0.04375
0 0.11171875 0.1328125 0.015625 0.028125
0 0.08203125 0.1609375 0.01875 0.03359375
0 0.11015625 0.16875 0.0140625 0.02421875
0 0.12578125 0.16953125 0.01640625 0.0265625
0 0.146875 0.125 0.01171875 0.0328125
0 0.16328125 0.18359375 0.015625 0.03359375
0 0.1921875 0.165625 0.0140625 0.02734375
0 0.17578125 0.13671875 0.0171875 0.03359375
0 0.19375 0.13359375 0.01640625 0.0296875
0 0.20859375 0.13671875 0.0140625 0.0359375
0 0.22734375 0.12109375 0.01484375 0.02421875
0 0.21015625 0.18046875 0.0140625 0.03828125
0 0.228125 0.1546875 0.01328125 0.03671875
0 0.2421875 0.140625 0.01328125 0.03203125
0 0.26015625 0.1078125 0.01171875 0.02578125
0 0.2703125 0.12421875 0.01171875 0.0234375
0 0.2578125 0.140625 0.015625 0.02421875
0 0.26796875 0.15390625 0.0125 0.02109375
0 0.2921875 0.13671875 0.01640625 0.03359375
0 0.26953125 0.184375 0.0203125 0.05078125
0 0.2421875 0.215625 0.02265625 0.046875
0 0.31015625 0.22578125 0.0203125 0.04375
0 0.315625 0.18203125 0.01328125 0.034375
0 0.328125 0.146875 0.0171875 0.0234375
0 0.3359375 0.1984375 0.0234375 0.0421875
0 0.36015625 0.178125 0.01640625 0.0390625
0 0.3359375 0.1140625 0.0109375 0.0296875
0 0.31640625 0.1015625 0.01640625 0.0359375
0 0.36015625 0.11953125 0.01171875 0.021875
0 0.37890625 0.10234375 0.0125 0.02734375
0 0.4046875 0.10234375 0.0140625 0.03125
0 0.3875 0.1234375 0.01875 0.0296875
0 0.4015625 0.13828125 0.02109375 0.02890625
0 0.421875 0.13828125 0.01796875 0.03671875
0 0.45 0.11328125 0.01484375 0.021875
0 0.434375 0.16640625 0.02265625 0.02578125
0 0.475 0.1296875 0.0125 0.03671875
0 0.47265625 0.16171875 0.01328125 0.02890625
0 0.4625 0.1953125 0.01640625 0.04296875
0 0.5140625 0.19921875 0.01796875 0.0421875
0 0.53046875 0.17265625 0.01328125 0.03046875
0 0.5234375 0.13984375 0.0125 0.02734375
0 0.55703125 0.140625 0.01328125 0.0265625
0 0.540625 0.19609375 0.01953125 0.0296875
0 0.5453125 0.234375 0.0234375 0.04453125
0 0.59296875 0.21875 0.01484375 0.03359375
0 0.6078125 0.28125 0.025 0.04375
0 0.62890625 0.2125 0.01328125 0.04140625
0 0.61484375 0.2015625 0.01484375 0.04140625
0 0.59296875 0.17265625 0.01640625 0.0421875
0 0.665625 0.2140625 0.02109375 0.03125
0 0.6515625 0.2546875 0.0140625 0.03203125
0 0.6625 0.2921875 0.01875 0.05
0 0.68046875 0.2625 0.02421875 0.0421875
0 0.68515625 0.2109375 0.0125 0.04140625
0 0.7265625 0.27421875 0.01484375 0.0421875
0 0.7484375 0.29140625 0.0234375 0.0515625