0 0.671875 0.146875 0.01953125 0.04609375
0 0.6109375 0.125 0.02265625 0.03984375
0 0.58203125 0.215625 0.0234375 0.04375
0 0.54453125 0.23203125 0.02890625 0.0421875
0 0.44921875 0.1765625 0.01875 0.0421875
0 0.43828125 0.1859375 0.015625 0.03203125
0 0.36171875 0.12421875 0.01875 0.0375
0 0.32421875 0.17109375 0.01796875 0.0296875
0 0.31640625 0.225 0.021875 0.034375
0 0.33125 0.2 0.01640625 0.0296875
0 0.36640625 0.2203125 0.02109375 0.04375
0 0.30859375 0.296875 0.025 0.0375
0 0.3671875 0.3171875 0.03984375 0.0625
0 0.0609375 0.24375 0.02578125 0.05