0 0.01484375 0.41796875 0.0296875 0.07265625
0 0.2296875 0.33203125 0.0203125 0.04765625
0 0.253125 0.36484375 0.021875 0.04296875
0 0.2859375 0.3671875 0.021875 0.04453125
0 0.2859375 0.29609375 0.0203125 0.04296875
0 0.3296875 0.3453125 0.02578125 0.05078125
0 0.3484375 0.290625 0.01875 0.034375
0 0.38203125 0.32265625 0.01640625 0.0359375
0 0.35234375 0.33125 0.01953125 0.04375
0 0.3984375 0.2953125 0.0171875 0.03125
0 0.38671875 0.25859375 0.0171875 0.0328125
0 0.4 0.2671875 0.01796875 0.03359375
0 0.41953125 0.25234375 0.01640625 0.03515625
0 0.4390625 0.25546875 0.0140625 0.0296875
0 0.4609375 0.29453125 0.01796875 0.0328125
0 0.48984375 0.31796875 0.02265625 0.040625
0 0.428125 0.3625 0.02265625 0.04375
0 0.4 0.328125 0.0234375 0.03984375
0 0.459375 0.2328125 0.0171875 0.0265625
0 0.459375 0.265625 0.01953125 0.028125
0 0.496875 0.2625 0.01640625 0.03203125
0 0.55234375 0.2875 0.01796875 0.03359375
0 0.453125 0.4015625 0.02890625 0.0609375
0 0.5234375 0.3484375 0.03203125 0.053125
0 0.53125 0.3984375 0.0328125 0.05859375
0 0.53046875 0.2421875 0.01953125 0.03359375
0 0.5109375 0.27421875 0.0140625 0.03828125
0 0.5453125 0.2265625 0.01484375 0.0328125
0 0.56328125 0.22109375 0.0171875 0.03125
0 0.56796875 0.26484375 0.01640625 0.03125
0 0.5875 0.221875 0.0171875 0.03203125
0 0.5984375 0.2046875 0.01484375 0.025
0 0.625 0.22265625 0.0140625 0.0234375
0 0.62109375 0.24296875 0.0171875 0.0265625
0 0.5859375 0.2515625 0.01640625 0.034375
0 0.509375 0.246875 0.01328125 0.0265625
0 0.6453125 0.2078125 0.01484375 0.0296875
0 0.6578125 0.22578125 0.015625 0.028125
0 0.68125 0.221875 0.01484375 0.02890625
0 0.659375 0.2625 0.0171875 0.0390625
0 0.68984375 0.25078125 0.01796875 0.034375
0 0.72421875 0.24375 0.0171875 0.03359375
0 0.709375 0.2828125 0.01640625 0.03359375
0 0.7375 0.2328125 0.015625 0.0296875
0 0.61796875 0.29765625 0.01875 0.03828125
0 0.5859375 0.31875 0.02109375 0.04296875
0 0.59765625 0.35390625 0.02734375 0.06015625
0 0.63984375 0.36171875 0.02734375 0.05703125
0 0.6328125 0.33359375 0.021875 0.03515625
0 0.66875 0.340625 0.02265625 0.0421875
0 0.6640625 0.315625 0.0203125 0.034375
0 0.5828125 0.43828125 0.0296875 0.0765625
0 0.62578125 0.44453125 0.03515625 0.07421875
0 0.6875 0.4734375 0.04296875 0.07890625
0 0.71953125 0.39921875 0.0328125 0.06015625
0 0.765625 0.41875 0.034375 0.06875
0 0.8234375 0.459375 0.0359375 0.0625
0 0.803125 0.5125 0.03203125 0.07109375
0 0.88984375 0.45625 0.03671875 0.0609375
0 0.84296875 0.3625 0.02578125 0.0546875
0 0.79140625 0.3578125 0.02734375 0.053125
0 0.7890625 0.328125 0.025 0.03203125
0 0.7984375 0.296875 0.0171875 0.0375
0 0.8546875 0.3328125 0.0203125 0.04140625
0 0.85859375 0.30390625 0.015625 0.0296875
0 0.89140625 0.31640625 0.01796875 0.0421875
0 0.91640625 0.3609375 0.02265625 0.059375
0 0.91015625 0.29296875 0.0140625 0.03046875
0 0.8734375 0.278125 0.015625 0.03671875
0 0.9078125 0.27109375 0.01875 0.02734375
0 0.85234375 0.2484375 0.01796875 0.0375
0 0.82109375 0.25 0.015625 0.03359375
0 0.83515625 0.275 0.0171875 0.0390625
0 0.79453125 0.259375 0.01875 0.03671875
0 0.771875 0.2390625 0.01484375 0.03359375
0 0.7578125 0.2375 0.01640625 0.02734375
0 0.753125 0.28359375 0.01796875 0.0390625
0 0.734375 0.2734375 0.01953125 0.03984375