0 0.06171875 0.3640625 0.03203125 0.05234375
0 0.68125 0.3390625 0.025 0.053125
0 0.59921875 0.3390625 0.03359375 0.05703125
0 0.5421875 0.31015625 0.03046875 0.053125
0 0.48203125 0.30859375 0.0234375 0.05859375
0 0.56640625 0.25625 0.02265625 0.05
0 0.61171875 0.2546875 0.02890625 0.0453125
0 0.6640625 0.275 0.01875 0.03359375
0 0.74140625 0.28671875 0.0234375 0.0609375
0 0.790625 0.290625 0.02578125 0.053125
0 0.92421875 0.2828125 0.02734375 0.0546875
0 0.871875 0.23125 0.0203125 0.04375
0 0.825 0.22109375 0.03203125 0.040625
0 0.74921875 0.234375 0.02109375 0.0375
0 0.7359375 0.19765625 0.0171875 0.0453125
0 0.70390625 0.221875 0.02265625 0.04296875
0 0.7 0.17890625 0.0203125 0.040625
0 0.6625 0.2109375 0.02734375 0.0390625
0 0.6265625 0.2109375 0.0234375 0.0359375
0 0.6515625 0.17421875 0.01640625 0.034375
0 0.6890625 0.15078125 0.02109375 0.0453125
0 0.7 0.09921875 0.01484375 0.03125
0 0.71640625 0.1421875 0.0203125 0.02734375
0 0.734375 0.12578125 0.01953125 0.04296875
0 0.75625 0.121875 0.01484375 0.02890625
0 0.7828125 0.11796875 0.01328125 0.03359375
0 0.77109375 0.13203125 0.01328125 0.03046875
0 0.76953125 0.16015625 0.0171875 0.03359375
0 0.7484375 0.1484375 0.01640625 0.03359375
0 0.79765625 0.18203125 0.02109375 0.04375
0 0.8203125 0.1625 0.01640625 0.0265625
0 0.80078125 0.146875 0.0109375 0.01953125
0 0.8140625 0.1296875 0.0109375 0.02578125
0 0.83671875 0.1375 0.01328125 0.0265625
0 0.85703125 0.15625 0.01640625 0.04140625
0 0.87265625 0.12421875 0.015625 0.028125
0 0.875 0.14921875 0.01171875 0.02421875
0 0.875 0.17109375 0.0109375 0.025
0 0.89609375 0.19609375 0.01953125 0.03515625
0 0.89140625 0.15859375 0.01015625 0.0359375
0 0.9 0.13046875 0.01015625 0.02265625
0 0.934375 0.1578125 0.01796875 0.025
0 0.93359375 0.1765625 0.015625 0.01796875
0 0.92890625 0.19921875 0.01875 0.028125
0 0.65546875 0.1125 0.01171875 0.02265625
0 0.64296875 0.1109375 0.0125 0.02890625
0 0.621875 0.11875 0.01640625 0.028125
0 0.5984375 0.10390625 0.02265625 0.0234375
0 0.59453125 0.121875 0.009375 0.02890625
0 0.615625 0.15 0.01875 0.0375
0 0.56328125 0.1125 0.01328125 0.021875
0 0.5359375 0.140625 0.0125 0.0328125
0 0.55390625 0.1484375 0.01796875 0.01640625
0 0.575 0.16171875 0.015625 0.0359375
0 0.5453125 0.19375 0.015625 0.03046875
0 0.50546875 0.14921875 0.009375 0.02421875
0 0.51953125 0.1640625 0.01015625 0.02890625
0 0.4890625 0.1390625 0.01796875 0.02109375
0 0.47578125 0.14375 0.01171875 0.02421875
0 0.4859375 0.16484375 0.01484375 0.01953125
0 0.4953125 0.19609375 0.01640625 0.02734375
0 0.4765625 0.22578125 0.028125 0.04453125
0 0.4515625 0.1921875 0.0125 0.028125
0 0.45546875 0.146875 0.0140625 0.03984375
0 0.46953125 0.19140625 0.01328125 0.02421875
0 0.4328125 0.18828125 0.01640625 0.02109375
0 0.41953125 0.1703125 0.0109375 0.0171875
0 0.4421875 0.22734375 0.01015625 0.03203125
0 0.4140625 0.22578125 0.0203125 0.03125
0 0.37265625 0.2296875 0.0234375 0.028125
0 0.38359375 0.19765625 0.01328125 0.02421875
0 0.3484375 0.22890625 0.02890625 0.02578125
0 0.31875 0.21875 0.02421875 0.02109375
0 0.41328125 0.284375 0.025 0.04140625
0 0.346875 0.27578125 0.021875 0.0375
0 0.3265625 0.271875 0.0203125 0.04296875
0 0.29921875 0.271875 0.01796875 0.0453125
0 0.25625 0.28828125 0.01484375 0.0296875
0 0.29609375 0.24765625 0.02265625 0.028125