0 0.80078125 0.39453125 0.04375 0.06484375
0 0.23046875 0.3296875 0.034375 0.06640625
0 0.15546875 0.3046875 0.021875 0.04921875
0 0.0875 0.2640625 0.02578125 0.05234375
0 0.146875 0.24921875 0.02734375 0.04375
0 0.125 0.23046875 0.02109375 0.04140625
0 0.12109375 0.19453125 0.01328125 0.0390625
0 0.134375 0.14140625 0.01328125 0.0390625
0 0.175 0.13203125 0.01640625 0.034375
0 0.184375 0.14921875 0.01796875 0.03203125
0 0.1625 0.20234375 0.0234375 0.03671875
0 0.18984375 0.22578125 0.02265625 0.0515625
0 0.20625 0.259375 0.02734375 0.04296875
0 0.203125 0.16796875 0.0140625 0.04453125
0 0.2265625 0.21015625 0.0203125 0.03828125
0 0.22421875 0.17578125 0.01171875 0.03515625
0 0.209375 0.1390625 0.015625 0.02890625
0 0.2453125 0.1265625 0.015625 0.0265625
0 0.2546875 0.140625 0.01484375 0.02578125
0 0.25546875 0.18828125 0.0140625 0.03203125
0 0.24453125 0.17265625 0.01015625 0.034375
0 0.25546875 0.2234375 0.02265625 0.04765625
0 0.290625 0.2765625 0.02265625 0.07109375
0 0.2953125 0.2109375 0.0171875 0.03671875
0 0.31640625 0.18984375 0.0171875 0.04140625
0 0.31953125 0.1578125 0.01484375 0.03671875
0 0.28984375 0.153125 0.01796875 0.03359375
0 0.321875 0.2953125 0.0234375 0.059375
0 0.34609375 0.26171875 0.01875 0.05625
0 0.37265625 0.2359375 0.0375 0.04375
0 0.3546875 0.20234375 0.01484375 0.05546875
0 0.35078125 0.1609375 0.01640625 0.0328125
0 0.384375 0.19375 0.0140625 0.0375
0 0.4359375 0.2390625 0.0296875 0.04609375
0 0.465625 0.3078125 0.02421875 0.05546875
0 0.5109375 0.3015625 0.02890625 0.05390625
0 0.3375 0.11484375 0.01640625 0.04453125
0 0.35859375 0.1 0.02109375 0.04140625
0 0.375 0.1421875 0.015625 0.0296875
0 0.378125 0.1140625 0.01640625 0.05390625
0 0.40703125 0.1015625 0.01484375 0.04765625
0 0.42578125 0.17734375 0.015625 0.028125
0 0.421875 0.1375 0.00859375 0.03203125
0 0.45390625 0.1515625 0.0328125 0.03515625
0 0.46796875 0.18984375 0.0171875 0.0296875
0 0.49140625 0.1484375 0.01484375 0.0359375
0 0.50859375 0.1203125 0.0125 0.0234375
0 0.49296875 0.12890625 0.009375 0.0234375
0 0.50078125 0.1828125 0.01640625 0.028125
0 0.53671875 0.15234375 0.0109375 0.028125
0 0.5578125 0.1515625 0.01484375 0.025
0 0.57734375 0.1453125 0.01640625 0.02578125
0 0.51796875 0.20859375 0.021875 0.04453125
0 0.52734375 0.18125 0.01171875 0.01953125
0 0.5546875 0.225 0.01328125 0.04765625
0 0.571875 0.18671875 0.01796875 0.03515625
0 0.609375 0.19453125 0.015625 0.0390625
0 0.5953125 0.165625 0.01328125 0.028125
0 0.58359375 0.25625 0.02265625 0.0546875
0 0.6078125 0.25078125 0.02265625 0.05859375
0 0.6765625 0.28203125 0.015625 0.046875
0 0.66875 0.21015625 0.0171875 0.03828125
0 0.68828125 0.2140625 0.01640625 0.03671875
0 0.70625 0.24375 0.0109375 0.05546875
0 0.73046875 0.2703125 0.01640625 0.04140625