0 0.215625 0.15625 0.01875 0.03359375
0 0.15234375 0.19296875 0.01484375 0.03828125
0 0.11953125 0.2640625 0.02109375 0.04609375
0 0.05 0.259375 0.02109375 0.046875
0 0.26484375 0.40546875 0.053125 0.11484375
0 0.29609375 0.24296875 0.03046875 0.04140625
0 0.365625 0.16015625 0.02109375 0.05078125
0 0.38203125 0.18984375 0.01953125 0.05078125
0 0.41796875 0.21640625 0.01953125 0.046875
0 0.40234375 0.20859375 0.01015625 0.0375
0 0.4765625 0.14375 0.02421875 0.046875
0 0.428125 0.07578125 0.01015625 0.02109375
0 0.646875 0.11796875 0.01328125 0.0328125
0 0.65 0.15078125 0.015625 0.02734375
0 0.6328125 0.140625 0.01484375 0.0296875
0 0.7265625 0.06640625 0.0125 0.03203125
0 0.74921875 0.13203125 0.0140625 0.0375
0 0.765625 0.14296875 0.01796875 0.0375
0 0.81796875 0.25703125 0.01953125 0.05625
0 0.86328125 0.190625 0.01796875 0.04453125
0 0.93203125 0.1859375 0.0171875 0.0421875
0 0.9125 0.25546875 0.0203125 0.04921875
0 0.88515625 0.25625 0.01875 0.04765625