0 0.8625 0.17265625 0.015625 0.03125
0 0.82265625 0.16796875 0.01640625 0.02890625
0 0.79453125 0.14609375 0.01953125 0.03359375
0 0.73515625 0.1671875 0.01484375 0.034375
0 0.7828125 0.20703125 0.021875 0.034375
0 0.84375 0.2140625 0.0171875 0.0359375
0 0.88046875 0.22890625 0.0203125 0.04296875
0 0.9234375 0.2390625 0.01796875 0.0390625
0 0.92890625 0.28984375 0.0234375 0.05078125
0 0.846875 0.3203125 0.02421875 0.0515625
0 0.91015625 0.35234375 0.02578125 0.053125
0 0.796875 0.296875 0.02578125 0.05546875
0 0.70078125 0.196875 0.01953125 0.03984375
0 0.65859375 0.21875 0.02421875 0.04453125
0 0.62578125 0.2 0.0234375 0.046875
0 0.55625 0.25078125 0.0203125 0.05078125
0 0.50625 0.27421875 0.02421875 0.05625
0 0.57265625 0.2890625 0.03046875 0.05859375
0 0.62109375 0.31015625 0.028125 0.0515625
0 0.67265625 0.3296875 0.03046875 0.06328125
0 0.71171875 0.24296875 0.01875 0.03828125
0 0.890625 0.48671875 0.034375 0.075
0 0.18828125 0.44609375 0.04921875 0.07421875
0 0.18046875 0.23046875 0.02734375 0.0515625
0 0.26796875 0.21484375 0.03203125 0.05625
0 0.33203125 0.1875 0.03046875 0.06015625
0 0.4 0.17734375 0.03203125 0.0546875
0 0.46015625 0.17265625 0.03125 0.04765625
0 0.59375 0.14375 0.0140625 0.0265625
0 0.56875 0.1265625 0.0171875 0.03046875
0 0.5375 0.13515625 0.01640625 0.02890625
0 0.51015625 0.1265625 0.01328125 0.02734375
0 0.5125 0.16484375 0.0171875 0.034375
0 0.553125 0.1859375 0.01640625 0.03515625
0 0.49375 0.140625 0.015625 0.03203125
0 0.41875 0.16875 0.0125 0.02734375
0 0.30625 0.23125 0.01640625 0.0328125
0 0.44375 0.14296875 0.01328125 0.02890625