0 0.0609375 0.18828125 0.02421875 0.04609375
0 0.08203125 0.24921875 0.021875 0.04296875
0 0.1140625 0.2453125 0.02265625 0.05
0 0.18359375 0.25546875 0.03046875 0.05234375
0 0.10703125 0.2125 0.015625 0.03046875
0 0.13203125 0.19375 0.01484375 0.04296875
0 0.234375 0.14140625 0.0125 0.028125
0 0.2484375 0.140625 0.01484375 0.02578125
0 0.34375 0.14296875 0.0203125 0.04375
0 0.35078125 0.125 0.0140625 0.03125
0 0.3796875 0.13671875 0.01953125 0.03125
0 0.39453125 0.1078125 0.01640625 0.02890625
0 0.5390625 0.2 0.021875 0.0375
0 0.571875 0.20078125 0.02734375 0.03984375