0 0.875 0.3734375 0.03671875 0.08828125
0 0.72109375 0.225 0.02265625 0.04453125
0 0.6890625 0.225 0.021875 0.03359375
0 0.6671875 0.2375 0.01484375 0.04140625
0 0.62578125 0.2359375 0.01796875 0.03359375
0 0.596875 0.2375 0.015625 0.03359375
0 0.6609375 0.17890625 0.0140625 0.03671875
0 0.63203125 0.18984375 0.015625 0.0375
0 0.62265625 0.16015625 0.01328125 0.02734375
0 0.578125 0.19921875 0.01875 0.03359375
0 0.55234375 0.20859375 0.01328125 0.04921875
0 0.584375 0.1625 0.0109375 0.025
0 0.51640625 0.18671875 0.0125 0.03125
0 0.47578125 0.184375 0.02109375 0.034375
0 0.44296875 0.1875 0.0171875 0.03515625
0 0.42578125 0.24453125 0.021875 0.05
0 0.35390625 0.25 0.02421875 0.03984375
0 0.30234375 0.26171875 0.0171875 0.04765625
0 0.30078125 0.3171875 0.0328125 0.06640625
0 0.24921875 0.3640625 0.025 0.0640625
0 0.20625 0.30546875 0.028125 0.0484375
0 0.16484375 0.25625 0.02109375 0.05234375
0 0.06796875 0.34609375 0.025 0.053125
0 0.06015625 0.265625 0.01328125 0.03984375
0 0.10078125 0.24296875 0.01953125 0.04765625
0 0.153125 0.22265625 0.02265625 0.05
0 0.20390625 0.20859375 0.01875 0.04296875
0 0.2421875 0.190625 0.01953125 0.04140625
0 0.28515625 0.184375 0.01796875 0.0359375
0 0.32421875 0.21875 0.02578125 0.04453125
0 0.2578125 0.23984375 0.01640625 0.03828125
0 0.23203125 0.2484375 0.01796875 0.04921875
0 0.51171875 0.14609375 0.0171875 0.0359375
0 0.55703125 0.16640625 0.01484375 0.0296875
0 0.4953125 0.12421875 0.0125 0.02578125
0 0.47421875 0.13125 0.0125 0.03125
0 0.44921875 0.121875 0.0125 0.025
0 0.3984375 0.1171875 0.0125 0.0296875
0 0.3515625 0.1 0.01171875 0.0203125
0 0.31328125 0.10703125 0.01484375 0.02265625
0 0.2859375 0.11328125 0.0171875 0.01875
0 0.3703125 0.1375 0.01640625 0.02109375
0 0.3921875 0.15234375 0.01328125 0.01953125
0 0.36171875 0.1578125 0.01484375 0.034375
0 0.33125 0.1796875 0.01484375 0.034375
0 0.453125 0.16171875 0.01484375 0.0265625
0 0.43359375 0.15859375 0.01171875 0.03046875
0 0.40703125 0.16640625 0.01328125 0.03828125
0 0.26875 0.1484375 0.0140625 0.034375
0 0.24609375 0.13125 0.01640625 0.02109375
0 0.21953125 0.14296875 0.0171875 0.028125
0 0.19765625 0.140625 0.01015625 0.02734375
0 0.17578125 0.1375 0.0125 0.04296875
0 0.15390625 0.1546875 0.01484375 0.03125
0 0.11875 0.11953125 0.015625 0.03125
0 0.065625 0.1109375 0.0140625 0.03984375
0 0.06015625 0.1625 0.01640625 0.01875
0 0.0890625 0.16796875 0.021875 0.02421875
0 0.06796875 0.22109375 0.02265625 0.03984375
0 0.103125 0.1875 0.0203125 0.03515625
0 0.1203125 0.1875 0.01484375 0.0375
0 0.1671875 0.17265625 0.01875 0.0328125
0 0.340625 0.14921875 0.021875 0.0265625
0 0.203125 0.17578125 0.01015625 0.03359375