0 0.15546875 0.4359375 0.0015625 0.00078125
0 0.1828125 0.4734375 0.04765625 0.103125
0 0.81953125 0.1015625 0.01328125 0.04375
0 0.884375 0.18671875 0.0265625 0.0640625
0 0.8203125 0.153125 0.0171875 0.04765625
0 0.76640625 0.09140625 0.0203125 0.0390625
0 0.7015625 0.11015625 0.01796875 0.03046875
0 0.72421875 0.128125 0.021875 0.04296875
0 0.7875 0.25625 0.03515625 0.0609375
0 0.74140625 0.25390625 0.03515625 0.06484375
0 0.678125 0.228125 0.034375 0.07421875
0 0.53984375 0.2109375 0.0359375 0.08671875
0 0.4328125 0.25234375 0.0375 0.04609375
0 0.36953125 0.2359375 0.0328125 0.05546875
0 0.425 0.1921875 0.01796875 0.040625
0 0.4546875 0.2078125 0.03046875 0.04921875
0 0.453125 0.165625 0.0203125 0.0453125
0 0.49765625 0.16484375 0.0234375 0.03984375
0 0.471875 0.12109375 0.01328125 0.0375
0 0.49296875 0.10546875 0.0171875 0.04453125
0 0.534375 0.1078125 0.0203125 0.040625
0 0.56796875 0.10703125 0.01953125 0.04453125
0 0.58984375 0.13359375 0.0265625 0.04375