0 0.3859375 0.24140625 0.0265625 0.06328125
0 0.40078125 0.25234375 0.02109375 0.046875
0 0.3609375 0.2296875 0.02578125 0.05078125
0 0.44921875 0.203125 0.0359375 0.0609375
0 0.55234375 0.2 0.0296875 0.06328125
0 0.59375 0.1703125 0.02890625 0.05234375
0 0.63125 0.20703125 0.025 0.0421875
0 0.6515625 0.20859375 0.02421875 0.04453125
0 0.67890625 0.2125 0.0296875 0.04921875
0 0.64375 0.18046875 0.02109375 0.034375
0 0.696875 0.25546875 0.028125 0.053125
0 0.721875 0.20859375 0.021875 0.0390625
0 0.76953125 0.24375 0.02734375 0.05
0 0.740625 0.21328125 0.01953125 0.03671875