0 0.2109375 0.35078125 0.0390625 0.0953125
0 0.3140625 0.2328125 0.01796875 0.03828125
0 0.325 0.19921875 0.01796875 0.03671875
0 0.3484375 0.2046875 0.0140625 0.0359375
0 0.41484375 0.19375 0.0203125 0.03359375
0 0.44609375 0.2109375 0.01640625 0.03984375
0 0.4828125 0.21875 0.01953125 0.04765625
0 0.4265625 0.17421875 0.015625 0.03125
0 0.42265625 0.146875 0.015625 0.03046875
0 0.45703125 0.175 0.01875 0.03515625
0 0.46015625 0.14140625 0.009375 0.021875
0 0.47265625 0.13515625 0.015625 0.0296875
0 0.49609375 0.12265625 0.01640625 0.025
0 0.50546875 0.146875 0.01328125 0.03125
0 0.484375 0.14453125 0.01328125 0.028125
0 0.52421875 0.11875 0.01328125 0.0296875
0 0.528125 0.15703125 0.015625 0.03203125
0 0.54140625 0.1921875 0.0203125 0.04296875
0 0.5484375 0.16171875 0.0171875 0.03125
0 0.5390625 0.13828125 0.0125 0.02421875
0 0.54609375 0.121875 0.0140625 0.02890625
0 0.565625 0.15078125 0.015625 0.03515625
0 0.5921875 0.11171875 0.01171875 0.02890625
0 0.603125 0.11796875 0.01328125 0.03125
0 0.59453125 0.15 0.01328125 0.03125
0 0.64296875 0.09453125 0.01015625 0.01953125
0 0.659375 0.103125 0.009375 0.03046875
0 0.63984375 0.115625 0.0125 0.02890625
0 0.66796875 0.11640625 0.0109375 0.03125
0 0.628125 0.13984375 0.0125 0.028125
0 0.63984375 0.14921875 0.01328125 0.03203125
0 0.6703125 0.16875 0.01953125 0.03984375
0 0.6859375 0.12265625 0.01640625 0.02890625
0 0.69921875 0.12265625 0.015625 0.0359375
0 0.72734375 0.1390625 0.015625 0.03671875
0 0.7125 0.1609375 0.015625 0.03203125
0 0.646875 0.19140625 0.0203125 0.0515625
0 0.66796875 0.21171875 0.02109375 0.040625
0 0.5953125 0.234375 0.02265625 0.04765625
0 0.63828125 0.24453125 0.025 0.04296875
0 0.51796875 0.26640625 0.02734375 0.0484375
0 0.58671875 0.2828125 0.0265625 0.053125
0 0.6296875 0.296875 0.03125 0.05859375
0 0.69375 0.30625 0.03125 0.0609375
0 0.6875 0.259375 0.02421875 0.05234375
0 0.725 0.22578125 0.0265625 0.0546875
0 0.74609375 0.165625 0.01640625 0.03046875
0 0.75625 0.125 0.0140625 0.0390625
0 0.7703125 0.12109375 0.01484375 0.02109375
0 0.7875 0.1359375 0.015625 0.0359375
0 0.76796875 0.14453125 0.01640625 0.028125
0 0.7703125 0.18203125 0.015625 0.05
0 0.80546875 0.15625 0.01484375 0.0375
0 0.846875 0.15078125 0.01875 0.04296875
0 0.871875 0.153125 0.0140625 0.040625
0 0.88203125 0.1515625 0.01328125 0.03515625
0 0.91953125 0.15703125 0.0140625 0.03515625
0 0.94375 0.165625 0.0140625 0.04296875
0 0.909375 0.16640625 0.0171875 0.03359375
0 0.83203125 0.171875 0.0140625 0.040625
0 0.81484375 0.190625 0.015625 0.03671875
0 0.79453125 0.1984375 0.01796875 0.05
0 0.84375 0.209375 0.01796875 0.0359375
0 0.85546875 0.19296875 0.0140625 0.03828125
0 0.8671875 0.1921875 0.015625 0.0296875
0 0.89765625 0.190625 0.01796875 0.034375
0 0.94296875 0.2125 0.01640625 0.0296875
0 0.93125 0.2375 0.0234375 0.0359375
0 0.890625 0.22421875 0.0234375 0.04453125
0 0.93203125 0.28046875 0.0265625 0.0578125
0 0.821875 0.24296875 0.02109375 0.053125
0 0.85546875 0.296875 0.02578125 0.05859375
0 0.80625 0.27421875 0.028125 0.06796875
0 0.76328125 0.32265625 0.0328125 0.07890625
0 0.834375 0.35390625 0.03359375 0.07734375
0 0.90703125 0.3796875 0.028125 0.06640625
0 0.87265625 0.2859375 0.028125 0.0546875
0 0.59296875 0.16796875 0.02109375 0.0375
0 0.48046875 0.1890625 0.02109375 0.04296875
0 0.62109375 0.10078125 0.0109375 0.025