0 0.27265625 0.25546875 0.01640625 0.034375
0 0.290625 0.2640625 0.01953125 0.03984375
0 0.3765625 0.28671875 0.028125 0.04375
0 0.490625 0.34765625 0.034375 0.046875
0 0.66875 0.3203125 0.028125 0.065625
0 0.73203125 0.340625 0.03046875 0.06796875
0 0.81640625 0.32734375 0.03671875 0.08359375
0 0.86328125 0.1234375 0.01328125 0.0328125
0 0.9234375 0.15625 0.01484375 0.02890625
0 0.828125 0.1234375 0.01796875 0.01953125
0 0.853125 0.1578125 0.01484375 0.03203125
0 0.83828125 0.140625 0.0125 0.025
0 0.9109375 0.1984375 0.01875 0.03984375
0 0.9203125 0.23203125 0.01875 0.025
0 0.87265625 0.2109375 0.021875 0.04375
0 0.825 0.20546875 0.02265625 0.04921875
0 0.77109375 0.13046875 0.01796875 0.034375
0 0.7453125 0.12109375 0.01640625 0.03125
0 0.57734375 0.23828125 0.0265625 0.0359375
0 0.77890625 0.1515625 0.02265625 0.028125
0 0.74296875 0.146875 0.01796875 0.034375
0 0.7796875 0.1953125 0.02265625 0.0453125
0 0.71484375 0.19609375 0.01875 0.034375
0 0.65546875 0.17265625 0.025 0.04921875
0 0.8015625 0.2390625 0.01953125 0.05078125
0 0.746875 0.23125 0.021875 0.059375
0 0.73828125 0.2640625 0.02265625 0.06328125
0 0.625 0.24375 0.025 0.05546875
0 0.684375 0.24453125 0.03125 0.053125
0 0.54609375 0.190625 0.02265625 0.03984375
0 0.48203125 0.184375 0.02109375 0.0390625
0 0.4390625 0.18515625 0.021875 0.04453125
0 0.3625 0.19921875 0.021875 0.04140625
0 0.47421875 0.2234375 0.02265625 0.03984375
0 0.690625 0.11015625 0.0140625 0.0265625
0 0.65703125 0.11015625 0.02109375 0.0265625
0 0.6109375 0.15390625 0.02109375 0.03125
0 0.56953125 0.175 0.01484375 0.03359375
0 0.58828125 0.12109375 0.0140625 0.03125
0 0.1796875 0.48828125 0.0453125 0.11015625
0 0.7796875 0.27421875 0.0296875 0.07578125
0 0.6875 0.196875 0.02265625 0.03984375
0 0.44765625 0.24921875 0.025 0.046875
0 0.3984375 0.2109375 0.02421875 0.04765625