0 0.834375 0.48203125 0.05625 0.0546875
0 0.1171875 0.40625 0.0375 0.05703125
0 0.1875 0.35390625 0.03125 0.0640625
0 0.08671875 0.32734375 0.02890625 0.05546875
0 0.14296875 0.28046875 0.03828125 0.05390625
0 0.175 0.2484375 0.01953125 0.05234375
0 0.22265625 0.28359375 0.02734375 0.05
0 0.11015625 0.25078125 0.01796875 0.04375
0 0.0859375 0.2875 0.01875 0.02734375
0 0.06875 0.22734375 0.02109375 0.03671875
0 0.059375 0.20859375 0.01875 0.04453125
0 0.0578125 0.1578125 0.01875 0.03984375
0 0.1203125 0.209375 0.021875 0.03984375
0 0.09609375 0.18125 0.01796875 0.0265625
0 0.0921875 0.1453125 0.0171875 0.03125
0 0.0828125 0.1328125 0.0140625 0.02109375
0 0.11796875 0.1359375 0.0140625 0.0296875
0 0.12578125 0.1484375 0.01171875 0.03125
0 0.13828125 0.1515625 0.01640625 0.03046875
0 0.16015625 0.2078125 0.0171875 0.0359375
0 0.38828125 0.31640625 0.03984375 0.05390625
0 0.46328125 0.28671875 0.03828125 0.05859375
0 0.4328125 0.24140625 0.02421875 0.0546875
0 0.384375 0.24609375 0.03515625 0.05
0 0.3328125 0.2609375 0.025 0.03671875
0 0.2890625 0.21875 0.02421875 0.03671875
0 0.2421875 0.2390625 0.028125 0.05625
0 0.2171875 0.18984375 0.01953125 0.03984375
0 0.1921875 0.1765625 0.01875 0.0390625
0 0.17890625 0.15078125 0.02109375 0.0359375
0 0.15546875 0.1359375 0.01328125 0.0375
0 0.15234375 0.1171875 0.01484375 0.0234375
0 0.1828125 0.11796875 0.02109375 0.03359375
0 0.20078125 0.1109375 0.015625 0.02734375
0 0.24453125 0.10703125 0.0203125 0.021875
0 0.25234375 0.13515625 0.0140625 0.025
0 0.2125 0.14609375 0.0109375 0.03671875
0 0.265625 0.17109375 0.028125 0.040625
0 0.271875 0.125 0.0140625 0.02421875
0 0.3109375 0.15390625 0.015625 0.02890625
0 0.30546875 0.18359375 0.02109375 0.03671875
0 0.32890625 0.21640625 0.02109375 0.03828125
0 0.371875 0.19453125 0.01875 0.0375
0 0.3015625 0.10078125 0.0171875 0.0296875
0 0.3265625 0.09375 0.01640625 0.021875
0 0.32265625 0.11953125 0.0140625 0.02890625
0 0.3515625 0.11796875 0.01484375 0.028125
0 0.35390625 0.09453125 0.0171875 0.03515625
0 0.371875 0.090625 0.02421875 0.02734375
0 0.3875 0.13046875 0.01875 0.02421875
0 0.40859375 0.15703125 0.02109375 0.0390625
0 0.43203125 0.1359375 0.01875 0.04609375
0 0.40546875 0.09765625 0.0234375 0.03125
0 0.42890625 0.1109375 0.0140625 0.0296875
0 0.46328125 0.14296875 0.01796875 0.02890625
0 0.46796875 0.12109375 0.01953125 0.015625
0 0.4890625 0.12578125 0.015625 0.02265625
0 0.4640625 0.1796875 0.01796875 0.03359375
0 0.478125 0.15390625 0.01640625 0.040625
0 0.4890625 0.18828125 0.0171875 0.04140625
0 0.50234375 0.1515625 0.01796875 0.02265625
0 0.52109375 0.13515625 0.01875 0.034375
0 0.53984375 0.13671875 0.02265625 0.03671875
0 0.54765625 0.17265625 0.0140625 0.034375
0 0.559375 0.15546875 0.0140625 0.04296875
0 0.525 0.23984375 0.02109375 0.05078125
0 0.55234375 0.21015625 0.02109375 0.03515625
0 0.58828125 0.1890625 0.02109375 0.0328125
0 0.59296875 0.22109375 0.01796875 0.0421875
0 0.603125 0.2765625 0.0140625 0.04609375
0 0.61484375 0.21484375 0.0125 0.02265625
0 0.63046875 0.246875 0.02421875 0.04921875
0 0.640625 0.21484375 0.01640625 0.034375
0 0.6640625 0.2265625 0.02578125 0.040625
0 0.6734375 0.2671875 0.025 0.0375
0 0.68984375 0.225 0.01796875 0.0234375
0 0.7046875 0.26484375 0.01953125 0.06015625