0 0.5984375 0.0890625 0.02421875 0.04140625
0 0.225 0.41015625 0.04765625 0.1203125
0 0.065625 0.31328125 0.02578125 0.03515625
0 0.0875 0.28359375 0.01796875 0.0359375
0 0.196875 0.228125 0.01640625 0.04765625
0 0.2375 0.2890625 0.0375 0.046875
0 0.34921875 0.27109375 0.0328125 0.04453125
0 0.5734375 0.1109375 0.0265625 0.028125
0 0.5421875 0.19140625 0.03359375 0.03984375
0 0.50703125 0.2125 0.03046875 0.0390625
0 0.5296875 0.1671875 0.0171875 0.02421875
0 0.45390625 0.1015625 0.02890625 0.02421875
0 0.4125 0.1046875 0.025 0.0171875
0 0.3734375 0.14765625 0.01953125 0.03671875
0 0.3421875 0.14296875 0.015625 0.0421875
0 0.30546875 0.16328125 0.034375 0.03515625