0 0.2 0.39765625 0.040625 0.08984375
0 0.24453125 0.278125 0.02890625 0.05546875
0 0.3390625 0.21953125 0.02265625 0.0484375
0 0.37109375 0.2390625 0.025 0.05
0 0.41484375 0.225 0.02890625 0.05546875
0 0.4859375 0.19375 0.02890625 0.05078125
0 0.6484375 0.22265625 0.03046875 0.0609375
0 0.70078125 0.2296875 0.0296875 0.065625
0 0.74921875 0.1953125 0.03671875 0.07109375
0 0.80703125 0.36015625 0.0390625 0.08125
0 0.81875 0.2125 0.02578125 0.05078125
0 0.8484375 0.17265625 0.02734375 0.0453125
0 0.88359375 0.190625 0.025 0.040625
0 0.865625 0.21875 0.02265625 0.04609375
0 0.8390625 0.309375 0.03125 0.07734375
0 0.88359375 0.31796875 0.02734375 0.05703125
0 0.8984375 0.3546875 0.03359375 0.08359375