0 0.203125 0.34375 0.05234375 0.084375
0 0.92890625 0.26484375 0.02421875 0.04296875
0 0.88203125 0.22734375 0.01484375 0.0578125
0 0.915625 0.21484375 0.0171875 0.0328125
0 0.93203125 0.20078125 0.0140625 0.0421875
0 0.94453125 0.15546875 0.015625 0.0390625
0 0.91015625 0.12890625 0.01484375 0.02265625
0 0.909375 0.16328125 0.0140625 0.03515625
0 0.88125 0.140625 0.01015625 0.02734375
0 0.871875 0.15078125 0.01171875 0.03203125
0 0.8546875 0.18125 0.01953125 0.028125
0 0.83515625 0.1625 0.0109375 0.021875
0 0.83984375 0.13828125 0.0140625 0.028125
0 0.81796875 0.13359375 0.01015625 0.02578125
0 0.82578125 0.12265625 0.0125 0.02265625
0 0.8109375 0.1734375 0.01953125 0.03515625
0 0.7796875 0.1296875 0.01328125 0.0359375
0 0.76171875 0.10625 0.01328125 0.03046875
0 0.74609375 0.11484375 0.0140625 0.0296875
0 0.759375 0.13125 0.01328125 0.03203125
0 0.72890625 0.13359375 0.009375 0.02890625
0 0.77109375 0.17890625 0.01328125 0.034375
0 0.734375 0.16796875 0.0140625 0.03515625
0 0.71171875 0.1703125 0.0171875 0.040625
0 0.6921875 0.15859375 0.0328125 0.04453125
0 0.67890625 0.19921875 0.01640625 0.05390625
0 0.72109375 0.21015625 0.02734375 0.03984375
0 0.73125 0.26328125 0.01796875 0.05234375
0 0.775 0.2796875 0.0265625 0.05
0 0.68203125 0.32734375 0.02734375 0.07265625
0 0.66796875 0.24609375 0.0234375 0.04375
0 0.6203125 0.20859375 0.0203125 0.03671875
0 0.62421875 0.2484375 0.02578125 0.05078125
0 0.5796875 0.23125 0.01875 0.04296875
0 0.62265625 0.31640625 0.0234375 0.053125
0 0.553125 0.29921875 0.02578125 0.05703125
0 0.51875 0.3 0.02578125 0.06171875
0 0.69921875 0.09921875 0.0140625 0.03671875
0 0.6765625 0.1140625 0.01171875 0.028125
0 0.6578125 0.109375 0.01875 0.01875
0 0.6265625 0.11015625 0.01875 0.02578125
0 0.625 0.146875 0.0203125 0.0390625
0 0.60390625 0.09609375 0.01484375 0.01796875
0 0.56875 0.1078125 0.01171875 0.01640625
0 0.58125 0.16796875 0.015625 0.034375
0 0.56328125 0.140625 0.0109375 0.021875
0 0.5515625 0.16015625 0.0140625 0.0375
0 0.5359375 0.1359375 0.01328125 0.0296875
0 0.52578125 0.1984375 0.0140625 0.04140625
0 0.5109375 0.190625 0.01640625 0.0296875
0 0.4953125 0.1265625 0.01328125 0.01953125
0 0.4828125 0.146875 0.0140625 0.0296875
0 0.46171875 0.14296875 0.01328125 0.0171875
0 0.46171875 0.1625 0.015625 0.021875
0 0.475 0.19375 0.01640625 0.0421875
0 0.453125 0.18203125 0.01875 0.0265625
0 0.43515625 0.16640625 0.01796875 0.0265625
0 0.43046875 0.2140625 0.0140625 0.03125
0 0.43203125 0.27734375 0.0171875 0.04921875
0 0.3875 0.21953125 0.0203125 0.03671875
0 0.39296875 0.196875 0.0296875 0.040625
0 0.359375 0.23671875 0.01484375 0.03046875
0 0.3515625 0.21484375 0.0171875 0.0265625
0 0.33203125 0.20703125 0.015625 0.03046875
0 0.3390625 0.27421875 0.02109375 0.040625
0 0.32265625 0.26171875 0.015625 0.0328125
0 0.3046875 0.2453125 0.03125 0.05078125