0 0.87578125 0.359375 0.03828125 0.07890625
0 0.9 0.29375 0.025 0.06796875
0 0.92265625 0.2453125 0.02578125 0.03671875
0 0.92265625 0.21640625 0.01484375 0.0375
0 0.93046875 0.16015625 0.01875 0.03515625
0 0.89765625 0.17890625 0.0203125 0.053125
0 0.8796875 0.2015625 0.0234375 0.0515625
0 0.86796875 0.26328125 0.01640625 0.04375
0 0.84140625 0.3015625 0.02734375 0.03828125
0 0.81484375 0.33046875 0.028125 0.05078125
0 0.7484375 0.3265625 0.02578125 0.0546875
0 0.7921875 0.2765625 0.021875 0.04921875
0 0.81328125 0.2515625 0.025 0.0328125
0 0.82734375 0.2125 0.01875 0.0453125
0 0.85390625 0.17265625 0.0234375 0.04375
0 0.8671875 0.1234375 0.01796875 0.03984375
0 0.83359375 0.13359375 0.01171875 0.02265625
0 0.815625 0.15546875 0.021875 0.05078125
0 0.77109375 0.196875 0.02265625 0.03046875
0 0.7546875 0.23046875 0.028125 0.03984375
0 0.72265625 0.2453125 0.040625 0.03984375
0 0.68984375 0.29375 0.03125 0.0515625
0 0.7875 0.1359375 0.01484375 0.04453125
0 0.77265625 0.12890625 0.0171875 0.01796875
0 0.73984375 0.11171875 0.0109375 0.0296875
0 0.728125 0.1828125 0.03359375 0.059375
0 0.69453125 0.184375 0.02109375 0.0296875
0 0.66484375 0.15859375 0.0171875 0.03515625
0 0.69375 0.15078125 0.01953125 0.03359375
0 0.67265625 0.20390625 0.025 0.0328125
0 0.63046875 0.209375 0.028125 0.03515625
0 0.625 0.246875 0.03359375 0.0484375
0 0.609375 0.30859375 0.03671875 0.05703125
0 0.559375 0.25859375 0.0265625 0.04609375
0 0.50234375 0.321875 0.0265625 0.05390625
0 0.5296875 0.3390625 0.03203125 0.06328125
0 0.71171875 0.1109375 0.01875 0.03515625
0 0.66484375 0.1140625 0.02265625 0.025
0 0.63359375 0.11171875 0.0140625 0.0328125
0 0.62265625 0.09921875 0.01484375 0.03203125
0 0.6078125 0.15390625 0.015625 0.034375
0 0.58125 0.17265625 0.01953125 0.03984375
0 0.584375 0.146875 0.0140625 0.02890625
0 0.590625 0.11953125 0.0125 0.0328125
0 0.57109375 0.121875 0.015625 0.01953125
0 0.56015625 0.125 0.0125 0.0265625
0 0.56328125 0.165625 0.01875 0.03359375
0 0.5203125 0.14609375 0.01328125 0.03671875
0 0.53359375 0.1765625 0.01484375 0.0390625
0 0.509375 0.12421875 0.01796875 0.025
0 0.515625 0.20234375 0.02109375 0.04921875
0 0.4890625 0.221875 0.025 0.046875
0 0.4546875 0.1828125 0.03359375 0.0265625
0 0.478125 0.15390625 0.01953125 0.034375
0 0.453125 0.15078125 0.0234375 0.03359375
0 0.4296875 0.178125 0.02265625 0.034375
0 0.39765625 0.17109375 0.01875 0.02890625
0 0.39453125 0.196875 0.01953125 0.0265625
0 0.36875 0.1984375 0.01640625 0.04140625
0 0.3953125 0.22421875 0.025 0.028125
0 0.4484375 0.234375 0.02109375 0.03125
0 0.359375 0.234375 0.01875 0.03125
0 0.3828125 0.2734375 0.0359375 0.04296875
0 0.334375 0.2890625 0.025 0.0578125
0 0.2890625 0.27265625 0.01953125 0.05078125
0 0.26328125 0.27421875 0.0234375 0.04453125
0 0.28515625 0.24609375 0.02265625 0.025