0 0.17265625 0.4703125 0.05078125 0.10703125
0 0.5515625 0.221875 0.028125 0.0546875
0 0.48515625 0.19765625 0.02578125 0.046875
0 0.415625 0.228125 0.02109375 0.0421875
0 0.409375 0.18359375 0.01953125 0.03828125
0 0.39609375 0.23515625 0.021875 0.03828125
0 0.378125 0.23125 0.01640625 0.046875
0 0.32734375 0.23984375 0.02421875 0.040625
0 0.653125 0.22265625 0.0234375 0.04609375
0 0.58984375 0.10703125 0.01875 0.0296875
0 0.7046875 0.22734375 0.02265625 0.0515625
0 0.7765625 0.290625 0.03046875 0.0625
0 0.80859375 0.35703125 0.0375 0.078125
0 0.84921875 0.36328125 0.034375 0.07578125
0 0.903125 0.33984375 0.028125 0.05390625
0 0.878125 0.30234375 0.028125 0.0734375
0 0.8671875 0.21484375 0.025 0.0484375
0 0.8890625 0.1765625 0.0203125 0.03984375
0 0.8546875 0.16015625 0.0203125 0.04453125
0 0.82265625 0.21015625 0.02421875 0.046875