0 0.74296875 0.353125 0.059375 0.0984375
0 0.57578125 0.26328125 0.0296875 0.06953125
0 0.5953125 0.23515625 0.01875 0.04453125
0 0.534375 0.20390625 0.02578125 0.04765625
0 0.58125 0.2140625 0.02890625 0.0515625
0 0.60859375 0.2046875 0.0109375 0.02734375
0 0.62421875 0.203125 0.015625 0.0375
0 0.63125 0.190625 0.0125 0.03515625
0 0.62421875 0.16640625 0.0109375 0.0203125
0 0.65 0.16953125 0.01015625 0.0234375
0 0.6453125 0.2671875 0.01875 0.040625
0 0.653125 0.22734375 0.0265625 0.03984375
0 0.67109375 0.2125 0.01953125 0.0328125
0 0.6953125 0.23359375 0.0234375 0.03828125
0 0.715625 0.23515625 0.01953125 0.05546875
0 0.5984375 0.16875 0.02109375 0.03984375
0 0.575 0.18671875 0.0234375 0.03359375
0 0.54765625 0.190625 0.01484375 0.0375
0 0.525 0.18046875 0.0234375 0.04296875
0 0.48515625 0.19296875 0.02734375 0.05703125
0 0.43984375 0.1921875 0.02578125 0.03828125
0 0.4171875 0.1703125 0.01875 0.05078125
0 0.43359375 0.16171875 0.02421875 0.03046875
0 0.46328125 0.16796875 0.02578125 0.0515625
0 0.5046875 0.15390625 0.025 0.040625
0 0.5359375 0.1578125 0.03046875 0.0375
0 0.56015625 0.16796875 0.01796875 0.04375
0 0.58046875 0.15546875 0.021875 0.03828125
0 0.5234375 0.13203125 0.015625 0.021875
0 0.5 0.115625 0.01875 0.03203125
0 0.48359375 0.140625 0.02265625 0.03359375
0 0.4484375 0.11953125 0.01875 0.02109375
0 0.46015625 0.13203125 0.0203125 0.03046875
0 0.4328125 0.1265625 0.021875 0.02578125
0 0.39609375 0.11484375 0.0140625 0.02265625
0 0.38671875 0.08828125 0.0140625 0.02890625
0 0.403125 0.13671875 0.0171875 0.0296875
0 0.3984375 0.1609375 0.01953125 0.0328125
0 0.37734375 0.134375 0.01796875 0.04375
0 0.36875 0.11640625 0.009375 0.03046875
0 0.346875 0.10078125 0.0171875 0.03125
0 0.34453125 0.10625 0.0203125 0.0390625
0 0.3234375 0.10859375 0.0109375 0.02109375
0 0.30703125 0.11953125 0.01484375 0.040625
0 0.28984375 0.11015625 0.0203125 0.0328125
0 0.35 0.13125 0.0265625 0.0359375
0 0.3578125 0.16484375 0.02421875 0.0375
0 0.43359375 0.253125 0.025 0.06328125
0 0.39296875 0.225 0.01953125 0.0390625
0 0.3296875 0.1828125 0.0171875 0.0421875
0 0.28125 0.19140625 0.0234375 0.053125
0 0.3015625 0.178125 0.02265625 0.03828125
0 0.26328125 0.1390625 0.02265625 0.028125
0 0.2453125 0.12734375 0.02109375 0.03671875
0 0.2140625 0.1203125 0.015625 0.03359375
0 0.22265625 0.15 0.0203125 0.03515625
0 0.26171875 0.1703125 0.01640625 0.02578125
0 0.253125 0.1953125 0.02421875 0.04453125
0 0.19296875 0.134375 0.00625 0.01328125
0 0.175 0.13984375 0.0171875 0.046875
0 0.209375 0.18203125 0.021875 0.04609375
0 0.14453125 0.14296875 0.0171875 0.03046875
0 0.15703125 0.16796875 0.01953125 0.046875
0 0.165625 0.18046875 0.02578125 0.0375
0 0.1796875 0.196875 0.01796875 0.0390625
0 0.19921875 0.2046875 0.02734375 0.04609375
0 0.153125 0.2265625 0.025 0.04140625
0 0.1328125 0.18359375 0.0109375 0.05546875
0 0.125 0.15859375 0.01953125 0.05859375
0 0.08671875 0.16328125 0.02421875 0.0484375
0 0.09453125 0.18984375 0.02578125 0.0453125
0 0.0515625 0.1953125 0.01953125 0.03515625
0 0.0609375 0.20546875 0.01796875 0.03984375
0 0.06953125 0.22421875 0.01953125 0.02890625
0 0.0640625 0.26640625 0.02578125 0.0421875
0 0.1015625 0.2171875 0.0328125 0.0421875
0 0.1078125 0.25 0.0390625 0.06328125
0 0.0828125 0.36171875 0.0328125 0.06015625
0 0.159375 0.25703125 0.02734375 0.0546875
0 0.21171875 0.30703125 0.0265625 0.07890625
0 0.2390625 0.24453125 0.02578125 0.046875
0 0.271875 0.23359375 0.028125 0.06484375
0 0.334375 0.25625 0.03046875 0.05
0 0.3609375 0.26953125 0.03203125 0.065625
0 0.390625 0.27109375 0.03203125 0.0578125
0 0.33515625 0.33828125 0.0421875 0.0640625
0 0.25703125 0.37578125 0.05390625 0.0875