0 0.71484375 0.43125 0.1078125 0.12265625
0 0.7109375 0.6078125 0.1140625 0.15703125
0 0.79375 0.23671875 0.03984375 0.05859375
0 0.82890625 0.2578125 0.028125 0.0640625
0 0.9296875 0.28046875 0.03125 0.034375
0 0.9515625 0.20859375 0.02109375 0.03984375
0 0.63515625 0.25234375 0.034375 0.0671875
0 0.5859375 0.2234375 0.03125 0.04453125
0 0.55859375 0.20234375 0.0203125 0.04296875
0 0.58046875 0.1328125 0.01484375 0.02578125
0 0.48515625 0.1359375 0.0203125 0.02265625
0 0.51953125 0.196875 0.0328125 0.03203125
0 0.4671875 0.1609375 0.01953125 0.02421875
0 0.44609375 0.23203125 0.0234375 0.0578125
0 0.33203125 0.2 0.02890625 0.04140625
0 0.38125 0.16875 0.021875 0.046875
0 0.40234375 0.1921875 0.01640625 0.04296875
0 0.39453125 0.225 0.015625 0.0375
0 0.41875 0.225 0.02265625 0.04765625