0 0.83515625 0.478125 0.04765625 0.1109375
0 0.771875 0.34453125 0.0171875 0.0390625
0 0.74609375 0.3546875 0.01875 0.04765625
0 0.71875 0.30859375 0.01796875 0.0375
0 0.71875 0.3734375 0.0234375 0.04609375
0 0.675 0.37734375 0.021875 0.04765625
0 0.65234375 0.296875 0.01640625 0.03359375
0 0.621875 0.28515625 0.01796875 0.034375
0 0.6515625 0.33203125 0.01796875 0.04375
0 0.6234375 0.3421875 0.01953125 0.05078125
0 0.59609375 0.34453125 0.021875 0.0484375
0 0.56015625 0.3453125 0.02265625 0.04765625
0 0.56953125 0.3125 0.01875 0.04765625
0 0.59921875 0.2984375 0.01796875 0.0359375
0 0.57578125 0.28125 0.01328125 0.034375
0 0.60078125 0.26171875 0.01171875 0.02890625
0 0.5578125 0.25625 0.01484375 0.02890625
0 0.54453125 0.23359375 0.01484375 0.03203125
0 0.509375 0.284375 0.015625 0.0328125
0 0.48984375 0.30859375 0.015625 0.0421875
0 0.48125 0.296875 0.01171875 0.03125
0 0.50625 0.26171875 0.01640625 0.0265625
0 0.4953125 0.24296875 0.0171875 0.03203125
0 0.46875 0.2515625 0.0140625 0.0359375
0 0.5421875 0.3171875 0.02265625 0.04140625
0 0.50546875 0.33203125 0.01875 0.04453125
0 0.51640625 0.39296875 0.0296875 0.06484375
0 0.4828125 0.3703125 0.0234375 0.05625
0 0.4734375 0.40703125 0.02578125 0.06015625
0 0.4515625 0.228125 0.0125 0.02421875
0 0.44375 0.2203125 0.01484375 0.0265625
0 0.4046875 0.2171875 0.01640625 0.02734375
0 0.4125 0.253125 0.0140625 0.03515625
0 0.4390625 0.2875 0.01796875 0.03203125
0 0.44765625 0.26484375 0.0140625 0.028125
0 0.4171875 0.328125 0.02421875 0.04140625
0 0.38515625 0.2984375 0.02109375 0.0453125
0 0.3765625 0.25390625 0.01796875 0.03359375
0 0.3796875 0.23359375 0.0171875 0.0328125
0 0.346875 0.2375 0.0140625 0.034375
0 0.36171875 0.2265625 0.0140625 0.0265625
0 0.3375 0.23203125 0.01484375 0.03203125
0 0.31875 0.25390625 0.01875 0.03359375
0 0.34609375 0.27421875 0.01796875 0.034375
0 0.37109375 0.340625 0.02109375 0.04765625
0 0.39609375 0.378125 0.02421875 0.0484375
0 0.328125 0.353125 0.021875 0.04609375
0 0.35546875 0.371875 0.0296875 0.05546875
0 0.28046875 0.25078125 0.0140625 0.0296875
0 0.2984375 0.29296875 0.0203125 0.03828125
0 0.27578125 0.26796875 0.01640625 0.03671875
0 0.2703125 0.2359375 0.015625 0.034375
0 0.24375 0.24375 0.01875 0.03359375
0 0.25546875 0.28984375 0.01875 0.0421875
0 0.21484375 0.24921875 0.01796875 0.034375
0 0.20625 0.27890625 0.01640625 0.03125
0 0.209375 0.31015625 0.0234375 0.04140625
0 0.1890625 0.2640625 0.0140625 0.03125
0 0.175 0.2765625 0.0171875 0.0453125
0 0.1546875 0.2625 0.01484375 0.0375
0 0.18671875 0.32421875 0.01875 0.0359375
0 0.1546875 0.3140625 0.01875 0.03671875
0 0.134375 0.28828125 0.01875 0.04140625
0 0.21484375 0.36484375 0.02109375 0.05
0 0.1953125 0.34296875 0.0203125 0.0421875
0 0.16875 0.3765625 0.02421875 0.053125
0 0.15234375 0.34765625 0.0203125 0.0484375
0 0.11953125 0.40390625 0.021875 0.05625
0 0.10234375 0.37421875 0.01953125 0.04609375
0 0.084375 0.284375 0.0125 0.0375
0 0.090625 0.321875 0.015625 0.03203125
0 0.23046875 0.42578125 0.02734375 0.0578125
0 0.28671875 0.4046875 0.03203125 0.06484375
0 0.178125 0.459375 0.03046875 0.05703125
0 0.11953125 0.475 0.02421875 0.06484375
0 0.21953125 0.55390625 0.0328125 0.07578125
0 0.30625 0.4828125 0.034375 0.078125
0 0.34921875 0.45 0.03515625 0.071875
0 0.409375 0.43515625 0.03359375 0.06875