0 0.89453125 0.425 0.04765625 0.08984375
0 0.88515625 0.27578125 0.021875 0.0453125
0 0.93125 0.2703125 0.0203125 0.03515625
0 0.9421875 0.228125 0.01875 0.03828125
0 0.9484375 0.17578125 0.015625 0.03046875
0 0.91796875 0.18125 0.015625 0.03671875
0 0.884375 0.2359375 0.01875 0.04140625
0 0.8625 0.2140625 0.01796875 0.03984375
0 0.88359375 0.15234375 0.0140625 0.03203125
0 0.8609375 0.14921875 0.01328125 0.03359375
0 0.83203125 0.13125 0.01640625 0.03125
0 0.83046875 0.1875 0.0140625 0.034375
0 0.7375 0.23984375 0.01796875 0.04296875
0 0.80234375 0.20859375 0.0171875 0.0375
0 0.8125 0.15859375 0.0140625 0.03125
0 0.80390625 0.13125 0.01328125 0.028125
0 0.7828125 0.1375 0.01484375 0.03203125
0 0.76796875 0.13125 0.0109375 0.02890625
0 0.79296875 0.171875 0.015625 0.03359375
0 0.77890625 0.18359375 0.0140625 0.03203125
0 0.73828125 0.1796875 0.01796875 0.034375
0 0.7203125 0.18828125 0.015625 0.03359375
0 0.70078125 0.178125 0.015625 0.025
0 0.634375 0.21484375 0.0171875 0.0453125
0 0.65859375 0.19609375 0.01953125 0.0375
0 0.596875 0.2296875 0.0203125 0.04296875
0 0.72578125 0.14375 0.0140625 0.03203125
0 0.74375 0.15078125 0.0125 0.02578125
0 0.9046875 0.215625 0.01171875 0.02734375
0 0.33671875 0.18125 0.01328125 0.028125
0 0.3546875 0.1984375 0.01796875 0.03203125
0 0.38515625 0.171875 0.015625 0.02734375
0 0.47265625 0.21171875 0.01640625 0.0359375
0 0.528125 0.22109375 0.01953125 0.03203125
0 0.503125 0.19296875 0.02109375 0.0359375
0 0.428125 0.17421875 0.0140625 0.03046875
0 0.4140625 0.17421875 0.01484375 0.03203125
0 0.43203125 0.14609375 0.01171875 0.025
0 0.44140625 0.15859375 0.01640625 0.0265625
0 0.46953125 0.1328125 0.01328125 0.0234375
0 0.70859375 0.12109375 0.0140625 0.02734375
0 0.665625 0.134375 0.01328125 0.02265625
0 0.68046875 0.1328125 0.01171875 0.02265625
0 0.60078125 0.1453125 0.015625 0.0265625
0 0.62421875 0.175 0.015625 0.0328125
0 0.6296875 0.12578125 0.01640625 0.028125
0 0.5609375 0.15546875 0.01328125 0.028125
0 0.5359375 0.165625 0.01171875 0.02578125
0 0.49375 0.14375 0.0140625 0.02109375
0 0.52578125 0.12734375 0.01171875 0.02109375
0 0.58125 0.121875 0.009375 0.025