0 0.2875 0.18046875 0.01796875 0.04140625
0 0.24765625 0.2515625 0.01953125 0.05546875
0 0.39140625 0.2609375 0.01953125 0.04609375
0 0.42109375 0.13515625 0.01640625 0.03359375
0 0.64609375 0.14453125 0.01171875 0.0359375
0 0.71640625 0.2046875 0.01328125 0.0421875
0 0.63125 0.275 0.0203125 0.04140625
0 0.62734375 0.2015625 0.0140625 0.0421875
0 0.58828125 0.190625 0.01484375 0.02734375
0 0.55 0.1921875 0.01796875 0.03671875
0 0.5078125 0.190625 0.02578125 0.034375
0 0.52578125 0.1828125 0.015625 0.0375
0 0.515625 0.23515625 0.01640625 0.03828125
0 0.540625 0.22734375 0.02421875 0.046875
0 0.5078125 0.30390625 0.02734375 0.0375
0 0.5859375 0.275 0.03046875 0.0546875