0 0.025 0.42421875 0.0234375 0.05703125
0 0.83515625 0.51015625 0.03046875 0.0640625
0 0.90859375 0.45234375 0.03515625 0.05859375
0 0.846875 0.44765625 0.0359375 0.0609375
0 0.92109375 0.390625 0.02265625 0.0484375
0 0.9328125 0.34921875 0.02421875 0.0421875
0 0.86796875 0.34453125 0.0203125 0.05
0 0.86796875 0.40078125 0.02734375 0.04765625
0 0.81015625 0.35625 0.021875 0.05390625
0 0.790625 0.39765625 0.02578125 0.04765625
0 0.89921875 0.28671875 0.0171875 0.0421875
0 0.74140625 0.39609375 0.0296875 0.06640625
0 0.878125 0.2484375 0.01796875 0.03359375
0 0.85859375 0.28359375 0.01640625 0.0421875
0 0.81796875 0.2984375 0.01796875 0.0453125
0 0.8421875 0.309375 0.01796875 0.040625
0 0.7140625 0.49453125 0.04453125 0.09296875
0 0.66796875 0.36640625 0.03046875 0.07421875
0 0.6171875 0.428125 0.03515625 0.0765625
0 0.5484375 0.4015625 0.03359375 0.071875
0 0.696875 0.340625 0.03046875 0.05625
0 0.81484375 0.2453125 0.0234375 0.04140625
0 0.78671875 0.22734375 0.0203125 0.03203125
0 0.746875 0.22421875 0.0171875 0.03359375
0 0.77265625 0.2796875 0.0234375 0.0421875
0 0.75 0.26875 0.01953125 0.0359375
0 0.72109375 0.28125 0.02109375 0.040625
0 0.65546875 0.32890625 0.028125 0.04609375
0 0.70703125 0.2625 0.02109375 0.03125
0 0.67734375 0.26875 0.0203125 0.03671875
0 0.60546875 0.32265625 0.02890625 0.05234375
0 0.93984375 0.28203125 0.0328125 0.03515625
0 0.87890625 0.3171875 0.01953125 0.03203125
0 0.94296875 0.3125 0.0359375 0.02421875
0 0.50703125 0.3875 0.02890625 0.0703125
0 0.69140625 0.2265625 0.015625 0.034375
0 0.67734375 0.2296875 0.015625 0.03203125
0 0.66171875 0.21640625 0.015625 0.0296875
0 0.65 0.24453125 0.01953125 0.034375
0 0.63203125 0.2203125 0.015625 0.02890625
0 0.6171875 0.2015625 0.0140625 0.028125
0 0.60859375 0.21796875 0.01640625 0.028125
0 0.55859375 0.22109375 0.0171875 0.025
0 0.55625 0.27890625 0.01796875 0.03359375
0 0.5796875 0.2453125 0.01796875 0.03046875
0 0.61015625 0.25078125 0.02265625 0.02421875
0 0.525 0.27265625 0.02265625 0.034375
0 0.4984375 0.26484375 0.01875 0.03515625
0 0.4765625 0.26171875 0.01640625 0.04140625
0 0.52734375 0.3140625 0.02734375 0.0375
0 0.47734375 0.30390625 0.0203125 0.03828125
0 0.4515625 0.33828125 0.02421875 0.046875
0 0.4359375 0.278125 0.01796875 0.0375
0 0.46328125 0.24453125 0.01875 0.03125
0 0.41796875 0.29453125 0.02109375 0.034375
0 0.41953125 0.3375 0.02890625 0.03984375
0 0.40234375 0.2515625 0.0171875 0.02890625
0 0.40859375 0.27578125 0.02265625 0.03046875
0 0.3625 0.28984375 0.02265625 0.0375
0 0.38515625 0.3484375 0.0234375 0.03828125
0 0.34375 0.36328125 0.03046875 0.05
0 0.29296875 0.29921875 0.02265625 0.0359375
0 0.29609375 0.3625 0.0265625 0.04609375
0 0.26875 0.34453125 0.02421875 0.05078125
0 0.2375 0.33359375 0.021875 0.046875