0 0.09453125 0.44921875 0.059375 0.12265625
0 0.2578125 0.290625 0.0203125 0.0484375
0 0.28359375 0.27265625 0.01953125 0.040625
0 0.30390625 0.2625 0.01953125 0.04921875
0 0.34296875 0.2921875 0.02265625 0.05
0 0.3203125 0.28671875 0.021875 0.05390625
0 0.321875 0.225 0.015625 0.034375
0 0.33046875 0.24453125 0.01953125 0.03203125
0 0.3484375 0.21484375 0.01953125 0.03984375
0 0.36875 0.221875 0.0203125 0.0328125
0 0.3828125 0.234375 0.0203125 0.03671875
0 0.39453125 0.20078125 0.01484375 0.03359375
0 0.4078125 0.17890625 0.0171875 0.0328125
0 0.43046875 0.1828125 0.0171875 0.03046875
0 0.41640625 0.22421875 0.01875 0.0296875
0 0.4328125 0.23828125 0.01953125 0.03984375
0 0.4796875 0.23984375 0.0234375 0.03828125
0 0.428125 0.28125 0.02578125 0.0546875
0 0.45 0.18828125 0.01875 0.034375
0 0.478125 0.18203125 0.0203125 0.0359375
0 0.4734375 0.1515625 0.0140625 0.0296875
0 0.45390625 0.1453125 0.0171875 0.034375
0 0.490625 0.13515625 0.015625 0.02890625
0 0.50234375 0.1734375 0.0234375 0.03359375
0 0.53359375 0.1453125 0.02109375 0.03671875
0 0.5765625 0.17109375 0.0203125 0.03671875
0 0.53828125 0.2125 0.01953125 0.0421875
0 0.57109375 0.1171875 0.01328125 0.0296875
0 0.58359375 0.13671875 0.01484375 0.028125
0 0.59296875 0.153125 0.0140625 0.0265625
0 0.62421875 0.146875 0.0171875 0.0359375
0 0.6390625 0.1078125 0.015625 0.03203125
0 0.61171875 0.21640625 0.02265625 0.04921875
0 0.5640625 0.2390625 0.0265625 0.046875
0 0.484375 0.30703125 0.02890625 0.0671875
0 0.5625 0.29453125 0.03515625 0.07109375
0 0.6078125 0.3375 0.034375 0.06796875
0 0.6046875 0.28046875 0.028125 0.06015625
0 0.671875 0.128125 0.01953125 0.03984375
0 0.7125 0.1078125 0.0203125 0.0359375
0 0.746875 0.11015625 0.0140625 0.028125
0 0.7140625 0.1515625 0.0140625 0.0359375
0 0.65234375 0.1796875 0.02109375 0.040625
0 0.69140625 0.1859375 0.01640625 0.034375
0 0.66328125 0.21328125 0.02265625 0.04765625
0 0.746875 0.18984375 0.02265625 0.040625
0 0.70234375 0.2296875 0.01953125 0.0453125
0 0.68046875 0.25078125 0.02890625 0.05390625
0 0.75390625 0.26015625 0.02734375 0.05625
0 0.7875 0.29765625 0.028125 0.0640625
0 0.7125 0.29140625 0.028125 0.06796875
0 0.675 0.35234375 0.03359375 0.0859375
0 0.79609375 0.19375 0.01953125 0.053125
0 0.7609375 0.16796875 0.01953125 0.03671875
0 0.73984375 0.14140625 0.01953125 0.046875
0 0.76640625 0.1296875 0.01640625 0.03671875
0 0.78125 0.12890625 0.01640625 0.03515625
0 0.8 0.146875 0.0140625 0.0328125
0 0.81640625 0.1328125 0.01640625 0.03125
0 0.82109375 0.16953125 0.01875 0.0421875
0 0.85390625 0.1875 0.01875 0.0375
0 0.871875 0.23359375 0.025 0.046875
0 0.88515625 0.203125 0.021875 0.0515625
0 0.93359375 0.1953125 0.021875 0.040625
0 0.93203125 0.2859375 0.02578125 0.059375
0 0.93125 0.1578125 0.0140625 0.03828125
0 0.90234375 0.13515625 0.01796875 0.03984375
0 0.8578125 0.16015625 0.01875 0.02734375
0 0.8765625 0.1546875 0.0171875 0.0359375
0 0.8421875 0.159375 0.01640625 0.0390625
0 0.86328125 0.1421875 0.01640625 0.028125