0 0.97265625 0.26875 0.03203125 0.08203125
0 0.89765625 0.153125 0.01640625 0.0359375
0 0.92421875 0.15546875 0.0203125 0.03515625
0 0.8359375 0.30859375 0.028125 0.06328125
0 0.784375 0.2734375 0.02421875 0.0671875
0 0.68046875 0.303125 0.046875 0.08984375
0 0.65859375 0.21171875 0.0265625 0.0515625
0 0.6203125 0.2453125 0.02578125 0.05703125
0 0.59921875 0.31015625 0.0265625 0.06640625
0 0.534375 0.334375 0.025 0.0515625
0 0.48046875 0.31171875 0.03359375 0.06796875
0 0.59296875 0.10859375 0.01796875 0.03671875
0 0.5640625 0.134375 0.01875 0.03515625
0 0.4140625 0.1625 0.015625 0.03671875
0 0.45703125 0.22109375 0.02421875 0.04296875
0 0.37890625 0.271875 0.02109375 0.053125
0 0.34765625 0.24375 0.02109375 0.0390625
0 0.53046875 0.1421875 0.0171875 0.03125