0 0.9546875 0.1828125 0.01171875 0.03125
0 0.9203125 0.18046875 0.0140625 0.0328125
0 0.940625 0.19296875 0.01484375 0.03046875
0 0.8734375 0.1625 0.015625 0.03203125
0 0.85703125 0.1484375 0.01328125 0.028125
0 0.83046875 0.140625 0.01484375 0.03046875
0 0.8 0.14375 0.01171875 0.02421875
0 0.7640625 0.14453125 0.01328125 0.0265625
0 0.78125 0.153125 0.0140625 0.0375
0 0.81171875 0.16875 0.01484375 0.03515625
0 0.79296875 0.17109375 0.01484375 0.0328125
0 0.771875 0.19140625 0.01953125 0.03671875
0 0.725 0.15703125 0.015625 0.03671875
0 0.6984375 0.1828125 0.01328125 0.03671875
0 0.7140625 0.196875 0.0203125 0.0375
0 0.73671875 0.18203125 0.015625 0.02890625
0 0.74453125 0.1546875 0.01328125 0.0265625
0 0.803125 0.21484375 0.01796875 0.04453125
0 0.86015625 0.21328125 0.01484375 0.0375
0 0.8390625 0.18984375 0.01796875 0.0375
0 0.93984375 0.234375 0.015625 0.040625
0 0.9140625 0.26015625 0.01953125 0.04609375
0 0.8875 0.23671875 0.01796875 0.040625
0 0.88203125 0.2796875 0.021875 0.0421875
0 0.76640625 0.325 0.03671875 0.06875
0 0.69921875 0.2484375 0.0234375 0.04765625
0 0.665625 0.23671875 0.02421875 0.04296875
0 0.659375 0.19921875 0.01796875 0.0328125
0 0.62265625 0.21796875 0.02421875 0.04375
0 0.5734375 0.2421875 0.025 0.0515625
0 0.70625 0.125 0.0109375 0.0265625
0 0.67890625 0.1171875 0.0125 0.02734375
0 0.66796875 0.14296875 0.015625 0.03125
0 0.615625 0.1125 0.01015625 0.01953125
0 0.6609375 0.121875 0.01015625 0.021875
0 0.62265625 0.17578125 0.0140625 0.02890625
0 0.6 0.14609375 0.01640625 0.0265625
0 0.58046875 0.14921875 0.01328125 0.0296875
0 0.55625 0.1234375 0.01484375 0.028125
0 0.5328125 0.13359375 0.0140625 0.02109375
0 0.55859375 0.19453125 0.0140625 0.028125
0 0.5421875 0.1546875 0.0109375 0.02734375
0 0.49765625 0.1453125 0.01328125 0.02265625
0 0.503125 0.12421875 0.01015625 0.02265625
0 0.475 0.1390625 0.0125 0.02578125
0 0.47109375 0.1703125 0.015625 0.028125
0 0.4671875 0.21875 0.01796875 0.0390625
0 0.50625 0.2 0.01640625 0.0328125
0 0.52734375 0.17578125 0.015625 0.02734375
0 0.44453125 0.16171875 0.015625 0.0296875
0 0.415625 0.17890625 0.01640625 0.0328125
0 0.375 0.20390625 0.0140625 0.03203125
0 0.32578125 0.22109375 0.01484375 0.02421875
0 0.378125 0.18203125 0.015625 0.02421875
0 0.5828125 0.125 0.0125 0.01875
0 0.5703125 0.1390625 0.01171875 0.0234375