0 0.046875 0.4078125 0.04609375 0.0890625
0 0.91875 0.265625 0.025 0.05859375
0 0.86328125 0.2296875 0.0203125 0.04296875
0 0.87109375 0.2015625 0.02265625 0.053125
0 0.9234375 0.153125 0.02109375 0.04765625
0 0.8875 0.171875 0.01953125 0.034375
0 0.890625 0.12421875 0.01953125 0.03984375
0 0.86796875 0.128125 0.0109375 0.03203125
0 0.83828125 0.18671875 0.01953125 0.02578125
0 0.82578125 0.14921875 0.015625 0.03671875
0 0.815625 0.15859375 0.01171875 0.0234375
0 0.85390625 0.15 0.01484375 0.03125
0 0.8046875 0.11796875 0.01953125 0.03671875
0 0.7953125 0.13984375 0.01171875 0.04609375
0 0.78515625 0.1796875 0.025 0.025
0 0.78046875 0.11953125 0.015625 0.04375
0 0.76015625 0.13203125 0.01171875 0.04375
0 0.75390625 0.165625 0.0171875 0.03203125
0 0.734375 0.1359375 0.02109375 0.04140625
0 0.7359375 0.1203125 0.0171875 0.0265625
0 0.74453125 0.09765625 0.01484375 0.03046875
0 0.740625 0.1828125 0.021875 0.03828125
0 0.721875 0.1546875 0.01796875 0.04140625
0 0.7078125 0.1375 0.01484375 0.03515625
0 0.75859375 0.22109375 0.0234375 0.04765625
0 0.76953125 0.28046875 0.02578125 0.06953125
0 0.6953125 0.2265625 0.0203125 0.04921875
0 0.6828125 0.18046875 0.02109375 0.0328125
0 0.65859375 0.19765625 0.01953125 0.0609375
0 0.634375 0.17578125 0.01953125 0.0296875
0 0.66796875 0.2375 0.02109375 0.03984375
0 0.70625 0.26953125 0.028125 0.059375
0 0.6609375 0.35 0.034375 0.05390625
0 0.5828125 0.36953125 0.03671875 0.0515625
0 0.54921875 0.29296875 0.02734375 0.06796875
0 0.596875 0.253125 0.01875 0.05859375
0 0.6046875 0.21640625 0.02421875 0.0515625
0 0.55703125 0.240625 0.01796875 0.04609375
0 0.4765625 0.2984375 0.03359375 0.08515625
0 0.47265625 0.23125 0.0234375 0.046875
0 0.5234375 0.2015625 0.02109375 0.040625
0 0.56796875 0.1703125 0.01875 0.03359375
0 0.59765625 0.1671875 0.01875 0.05234375
0 0.58203125 0.146875 0.01171875 0.025
0 0.665625 0.12265625 0.0203125 0.03984375
0 0.6890625 0.09140625 0.01484375 0.04453125
0 0.63046875 0.1203125 0.01640625 0.02265625
0 0.6328125 0.09921875 0.01484375 0.02734375
0 0.6046875 0.1171875 0.02265625 0.0328125
0 0.6125 0.10390625 0.015625 0.03046875
0 0.58984375 0.0984375 0.01875 0.0359375
0 0.559375 0.109375 0.025 0.03203125
0 0.5265625 0.1359375 0.01640625 0.02890625
0 0.5125 0.15625 0.0171875 0.034375
0 0.48125 0.13203125 0.01640625 0.03125
0 0.4671875 0.1578125 0.01796875 0.04375
0 0.44375 0.16953125 0.02109375 0.03984375
0 0.43984375 0.13359375 0.01484375 0.01796875
0 0.47890625 0.19765625 0.01484375 0.02890625
0 0.4578125 0.1984375 0.01796875 0.04296875
0 0.440625 0.19453125 0.0265625 0.0421875
0 0.41875 0.171875 0.01796875 0.03046875
0 0.4 0.1703125 0.0125 0.03125
0 0.425 0.2421875 0.0203125 0.04296875
0 0.41015625 0.21484375 0.0171875 0.03515625
0 0.38359375 0.19453125 0.0203125 0.03515625
0 0.39296875 0.303125 0.0265625 0.0515625
0 0.378125 0.2296875 0.01640625 0.03046875
0 0.35859375 0.22109375 0.0203125 0.05078125
0 0.34140625 0.22421875 0.015625 0.0484375
0 0.3140625 0.21953125 0.01640625 0.04140625
0 0.33671875 0.29453125 0.01953125 0.05234375
0 0.296875 0.25625 0.01640625 0.0484375
0 0.25 0.28125 0.00859375 0.0359375
0 0.2875 0.2609375 0.0171875 0.03046875