0 0.6390625 0.2390625 0.03046875 0.0625
0 0.59453125 0.24921875 0.02265625 0.05
0 0.5109375 0.22734375 0.02890625 0.0515625
0 0.44609375 0.22109375 0.025 0.04453125
0 0.41875 0.2625 0.0265625 0.05
0 0.409375 0.22890625 0.025 0.03984375
0 0.3515625 0.21796875 0.028125 0.0625
0 0.31953125 0.203125 0.02578125 0.05546875
0 0.65546875 0.10546875 0.01796875 0.0296875
0 0.590625 0.10703125 0.0171875 0.02734375
0 0.61171875 0.10234375 0.01328125 0.0265625
0 0.625 0.11796875 0.0171875 0.02578125
0 0.521875 0.1375 0.0203125 0.03203125