0 0.18984375 0.41953125 0.0609375 0.12109375
0 0.91328125 0.428125 0.05234375 0.08359375
0 0.82265625 0.353125 0.0390625 0.07734375
0 0.74765625 0.32421875 0.03984375 0.08046875
0 0.6984375 0.32421875 0.03984375 0.06953125
0 0.6390625 0.30078125 0.03359375 0.0640625
0 0.5359375 0.328125 0.03359375 0.06015625
0 0.628125 0.24765625 0.02734375 0.0453125
0 0.9109375 0.296875 0.03125 0.0640625
0 0.8640625 0.2484375 0.03046875 0.0625
0 0.584375 0.24453125 0.02578125 0.05625
0 0.36953125 0.27734375 0.03125 0.05703125
0 0.7765625 0.26796875 0.03125 0.0640625
0 0.73203125 0.2515625 0.03046875 0.0640625
0 0.4984375 0.35390625 0.03125 0.0546875
0 0.46640625 0.2390625 0.02578125 0.05078125
0 0.3984375 0.21953125 0.01953125 0.04765625
0 0.69921875 0.23203125 0.0203125 0.0453125
0 0.66484375 0.21484375 0.02578125 0.05703125
0 0.6171875 0.20625 0.02109375 0.04609375
0 0.29140625 0.275 0.01875 0.03828125
0 0.29921875 0.2453125 0.0203125 0.0328125
0 0.28203125 0.25078125 0.015625 0.03125
0 0.43515625 0.23359375 0.0265625 0.0484375
0 0.8109375 0.24140625 0.02890625 0.0515625
0 0.8796875 0.21015625 0.02578125 0.05
0 0.9296875 0.2421875 0.02421875 0.04453125
0 0.82890625 0.20859375 0.0234375 0.046875
0 0.7703125 0.2125 0.02734375 0.04765625
0 0.5953125 0.17109375 0.0203125 0.0375
0 0.49296875 0.19296875 0.0203125 0.0421875
0 0.72890625 0.19921875 0.025 0.04609375
0 0.68984375 0.18671875 0.0203125 0.04453125
0 0.54921875 0.17734375 0.01796875 0.040625
0 0.4625 0.19609375 0.0234375 0.04296875
0 0.421875 0.178125 0.01953125 0.04375
0 0.52890625 0.1734375 0.015625 0.04453125
0 0.6140625 0.146875 0.01953125 0.040625
0 0.80234375 0.14765625 0.01875 0.040625
0 0.78125 0.140625 0.0203125 0.04765625
0 0.76484375 0.13203125 0.01640625 0.03828125
0 0.7484375 0.14765625 0.01796875 0.03515625
0 0.7453125 0.11640625 0.01640625 0.03125
0 0.703125 0.103125 0.01875 0.03203125
0 0.675 0.10859375 0.01953125 0.03203125
0 0.6546875 0.13203125 0.0171875 0.03203125
0 0.5140625 0.12734375 0.01640625 0.028125
0 0.84765625 0.1734375 0.02265625 0.040625
0 0.6546875 0.1828125 0.021875 0.040625
0 0.8640625 0.1390625 0.0203125 0.03359375
0 0.45625 0.15234375 0.0140625 0.03515625
0 0.471875 0.1546875 0.01796875 0.0359375
0 0.565625 0.13125 0.01640625 0.03515625
0 0.890625 0.17109375 0.02734375 0.05234375