0 0.3203125 0.32734375 0.03046875 0.0609375
0 0.21640625 0.2875 0.02890625 0.05546875
0 0.06328125 0.28125 0.0265625 0.05
0 0.12265625 0.22265625 0.01875 0.04296875
0 0.14375 0.18515625 0.0171875 0.0390625
0 0.0625 0.18671875 0.01796875 0.03671875
0 0.0578125 0.15078125 0.01484375 0.03125
0 0.08828125 0.1234375 0.01328125 0.03203125
0 0.0953125 0.19609375 0.01328125 0.0296875
0 0.14453125 0.18359375 0.01484375 0.03203125
0 0.11484375 0.11875 0.0125 0.021875
0 0.11484375 0.15 0.0140625 0.02578125
0 0.13515625 0.14296875 0.015625 0.0328125
0 0.15703125 0.12890625 0.0171875 0.03203125
0 0.18671875 0.17265625 0.0203125 0.03828125
0 0.17421875 0.1625 0.01484375 0.02578125
0 0.17578125 0.12265625 0.015625 0.0296875
0 0.18984375 0.134375 0.0171875 0.02890625
0 0.20546875 0.109375 0.0140625 0.03203125
0 0.228125 0.1609375 0.01640625 0.0328125
0 0.27109375 0.2828125 0.02734375 0.0515625
0 0.32890625 0.24765625 0.01796875 0.04765625
0 0.3859375 0.2609375 0.0234375 0.0421875
0 0.43359375 0.2875 0.02265625 0.046875
0 0.38984375 0.3328125 0.025 0.0625
0 0.51484375 0.2890625 0.0234375 0.05
0 0.42890625 0.2390625 0.01953125 0.0421875
0 0.38046875 0.20390625 0.01484375 0.0359375
0 0.32109375 0.1984375 0.01796875 0.0359375
0 0.334375 0.171875 0.01484375 0.0296875
0 0.29453125 0.175 0.0203125 0.0328125
0 0.3078125 0.14296875 0.01953125 0.03515625
0 0.55859375 0.2671875 0.025 0.040625
0 0.446875 0.1859375 0.02265625 0.0390625
0 0.41171875 0.15390625 0.021875 0.03828125
0 0.6984375 0.25078125 0.02265625 0.0390625
0 0.68125 0.2125 0.01875 0.03828125
0 0.64296875 0.20703125 0.01796875 0.03515625
0 0.625 0.2078125 0.0203125 0.0375
0 0.28203125 0.20625 0.02109375 0.0359375
0 0.3 0.08984375 0.0171875 0.0296875
0 0.365625 0.13125 0.01875 0.03515625
0 0.48046875 0.184375 0.0203125 0.034375
0 0.2546875 0.190625 0.01796875 0.034375
0 0.26796875 0.15078125 0.0203125 0.034375
0 0.23671875 0.096875 0.01484375 0.03125
0 0.58046875 0.21796875 0.0203125 0.034375
0 0.58515625 0.1625 0.015625 0.0265625
0 0.5640625 0.16484375 0.01796875 0.028125
0 0.5109375 0.15390625 0.0203125 0.03203125
0 0.42265625 0.1046875 0.01328125 0.03046875
0 0.3265625 0.1125 0.015625 0.02890625