0 0.77265625 0.50390625 0.05546875 0.090625
0 0.0265625 0.37578125 0.053125 0.1078125
0 0.68671875 0.25546875 0.0203125 0.03984375
0 0.6640625 0.27890625 0.02265625 0.0515625
0 0.6140625 0.203125 0.021875 0.04453125
0 0.57734375 0.22265625 0.021875 0.0421875
0 0.55625 0.23671875 0.0265625 0.0375
0 0.5671875 0.1703125 0.0171875 0.0390625
0 0.55546875 0.1921875 0.02109375 0.0375
0 0.528125 0.21328125 0.0203125 0.03984375
0 0.5171875 0.3296875 0.03046875 0.05234375
0 0.57265625 0.28203125 0.02265625 0.05234375
0 0.4515625 0.29609375 0.0296875 0.0625
0 0.478125 0.21328125 0.0140625 0.040625
0 0.503125 0.17421875 0.01484375 0.03046875
0 0.528125 0.15390625 0.01328125 0.03203125
0 0.5125 0.1359375 0.0109375 0.02421875
0 0.4765625 0.15703125 0.015625 0.0328125
0 0.4421875 0.1546875 0.01796875 0.03671875
0 0.42109375 0.15859375 0.01875 0.034375
0 0.5234375 0.18984375 0.01953125 0.03515625
0 0.43359375 0.10703125 0.015625 0.0234375
0 0.39140625 0.18515625 0.0234375 0.04140625
0 0.5484375 0.159375 0.01640625 0.03125
0 0.31640625 0.0625 0.01484375 0.0296875
0 0.21484375 0.05625 0.01953125 0.03359375
0 0.31015625 0.1015625 0.015625 0.034375
0 0.24609375 0.10859375 0.01875 0.03515625
0 0.1890625 0.128125 0.01328125 0.03671875
0 0.315625 0.1625 0.01875 0.05
0 0.30078125 0.190625 0.01640625 0.04140625
0 0.25078125 0.15 0.01953125 0.0375
0 0.278125 0.178125 0.0171875 0.046875
0 0.2453125 0.18203125 0.02109375 0.0390625
0 0.20078125 0.19296875 0.021875 0.046875
0 0.14921875 0.1859375 0.02265625 0.04453125
0 0.3375 0.20703125 0.0234375 0.04765625
0 0.3921875 0.25703125 0.03046875 0.0640625
0 0.3390625 0.2609375 0.02734375 0.06171875
0 0.28125 0.2859375 0.0359375 0.07109375
0 0.2265625 0.315625 0.034375 0.07265625
0 0.38671875 0.14609375 0.01796875 0.034375
0 0.384375 0.1203125 0.01484375 0.0296875
0 0.128125 0.2328125 0.0234375 0.05234375