0 0.80859375 0.475 0.04140625 0.08671875
0 0.06484375 0.29609375 0.04609375 0.08671875
0 0.21328125 0.2359375 0.04140625 0.0859375
0 0.73671875 0.31328125 0.0375 0.06796875
0 0.79375 0.28828125 0.02421875 0.046875
0 0.7984375 0.39140625 0.0375 0.06484375
0 0.840625 0.30390625 0.02578125 0.040625
0 0.8828125 0.34140625 0.02109375 0.04921875
0 0.2625 0.0890625 0.021875 0.0375
0 0.28515625 0.1171875 0.02109375 0.0375
0 0.33125 0.1078125 0.0171875 0.0359375
0 0.43046875 0.128125 0.02109375 0.0421875
0 0.5703125 0.16953125 0.0296875 0.04609375
0 0.64296875 0.16953125 0.0171875 0.03359375