0 0.053125 0.39296875 0.025 0.05234375
0 0.82890625 0.35234375 0.03671875 0.07265625
0 0.91171875 0.33515625 0.0359375 0.0578125
0 0.76640625 0.29453125 0.0328125 0.0546875
0 0.8265625 0.24765625 0.0296875 0.04921875
0 0.58359375 0.31640625 0.0296875 0.0484375
0 0.5359375 0.2890625 0.0265625 0.04921875
0 0.67109375 0.26875 0.0296875 0.0453125
0 0.61484375 0.24921875 0.02578125 0.04375
0 0.56015625 0.259375 0.0265625 0.0421875
0 0.42421875 0.26015625 0.02421875 0.0453125
0 0.48203125 0.21875 0.01953125 0.03828125
0 0.39921875 0.2640625 0.02421875 0.04453125
0 0.37265625 0.25546875 0.021875 0.04140625
0 0.340625 0.25234375 0.01953125 0.040625
0 0.3109375 0.22890625 0.0203125 0.03203125
0 0.86953125 0.240625 0.02890625 0.04609375
0 0.91328125 0.2234375 0.0234375 0.04140625
0 0.89375 0.18203125 0.02109375 0.0375
0 0.92890625 0.159375 0.01875 0.0359375
0 0.9140625 0.140625 0.0171875 0.03203125
0 0.73125 0.21015625 0.02421875 0.04296875
0 0.75390625 0.2359375 0.02890625 0.0390625
0 0.80234375 0.1796875 0.01953125 0.03671875
0 0.86640625 0.14609375 0.0171875 0.02890625
0 0.6875 0.215625 0.025 0.040625
0 0.61484375 0.20546875 0.0234375 0.040625
0 0.83671875 0.19921875 0.0234375 0.03515625
0 0.80859375 0.12265625 0.01484375 0.0296875
0 0.7875 0.11796875 0.0140625 0.0296875
0 0.83828125 0.121875 0.0140625 0.02421875
0 0.57890625 0.171875 0.0203125 0.0359375
0 0.6265625 0.1390625 0.01796875 0.03359375
0 0.6546875 0.13046875 0.01640625 0.03046875
0 0.515625 0.1859375 0.0203125 0.0328125
0 0.55234375 0.16640625 0.01796875 0.03125
0 0.42421875 0.1921875 0.0171875 0.02890625
0 0.45234375 0.1953125 0.0171875 0.034375
0 0.46875 0.14609375 0.0171875 0.02890625
0 0.52265625 0.13046875 0.01484375 0.02890625
0 0.53671875 0.14765625 0.01484375 0.02578125
0 0.5890625 0.140625 0.01640625 0.0265625
0 0.6984375 0.1125 0.0140625 0.02578125
0 0.66328125 0.10390625 0.0140625 0.02265625
0 0.34375 0.2140625 0.021875 0.034375
0 0.36953125 0.21796875 0.01875 0.03046875