0 0.871875 0.34765625 0.05078125 0.06484375
0 0.09140625 0.4515625 0.04296875 0.06640625
0 0.17421875 0.4125 0.0265625 0.06875
0 0.1609375 0.3390625 0.025 0.0703125
0 0.07734375 0.33046875 0.03203125 0.053125
0 0.06953125 0.278125 0.02109375 0.053125
0 0.12421875 0.2796875 0.02890625 0.05703125
0 0.103125 0.23125 0.01953125 0.05546875
0 0.06328125 0.2203125 0.02109375 0.053125
0 0.178125 0.24921875 0.021875 0.06328125
0 0.20234375 0.20390625 0.0265625 0.04140625
0 0.2265625 0.23125 0.0265625 0.0421875
0 0.21484375 0.3078125 0.028125 0.0484375
0 0.240625 0.3515625 0.03671875 0.065625
0 0.253125 0.2828125 0.02890625 0.06875
0 0.284375 0.2125 0.02734375 0.05859375
0 0.31484375 0.25 0.02890625 0.05546875
0 0.29921875 0.3125 0.0328125 0.08671875
0 0.3640625 0.31796875 0.04140625 0.06484375
0 0.36796875 0.24375 0.021875 0.065625
0 0.3796875 0.21484375 0.02265625 0.03984375
0 0.41328125 0.23203125 0.02734375 0.04921875
0 0.45078125 0.2859375 0.02890625 0.08203125
0 0.5078125 0.29296875 0.0265625 0.078125
0 0.18828125 0.15546875 0.01953125 0.0484375
0 0.203125 0.1296875 0.01640625 0.0328125
0 0.2484375 0.13203125 0.01015625 0.01796875
0 0.240625 0.14765625 0.01640625 0.0265625
0 0.23515625 0.184375 0.0203125 0.04140625
0 0.24765625 0.17578125 0.02265625 0.05
0 0.2625 0.1375 0.0109375 0.03359375
0 0.2953125 0.1484375 0.01953125 0.028125
0 0.27578125 0.18203125 0.021875 0.0328125
0 0.28359375 0.11953125 0.01484375 0.02734375
0 0.3078125 0.1265625 0.0203125 0.04140625
0 0.3203125 0.10546875 0.01953125 0.04453125
0 0.3359375 0.1140625 0.01484375 0.03984375
0 0.3515625 0.134375 0.0234375 0.03203125
0 0.35625 0.1046875 0.01171875 0.02109375
0 0.37421875 0.1265625 0.015625 0.02734375
0 0.375 0.15859375 0.015625 0.0359375
0 0.39296875 0.1171875 0.015625 0.03046875
0 0.4203125 0.11640625 0.01328125 0.028125
0 0.4078125 0.11328125 0.0140625 0.0328125
0 0.41796875 0.13828125 0.0140625 0.034375
0 0.41015625 0.16875 0.0125 0.04140625
0 0.43515625 0.17890625 0.01640625 0.0515625
0 0.4421875 0.159375 0.01328125 0.0265625
0 0.45 0.14296875 0.0125 0.03671875
0 0.44296875 0.12109375 0.0140625 0.040625
0 0.4703125 0.12109375 0.01328125 0.025
0 0.46875 0.1609375 0.021875 0.040625
0 0.48515625 0.1828125 0.01875 0.040625
0 0.4875 0.14296875 0.01640625 0.03125
0 0.49140625 0.11875 0.01484375 0.02890625
0 0.50625 0.1515625 0.02578125 0.03359375
0 0.52734375 0.13359375 0.0140625 0.03125
0 0.51484375 0.184375 0.01953125 0.0421875
0 0.51015625 0.21640625 0.02265625 0.0484375
0 0.54609375 0.1640625 0.01796875 0.04453125
0 0.58828125 0.1859375 0.01953125 0.0453125
0 0.58515625 0.1671875 0.015625 0.0375
0 0.5859375 0.14921875 0.01171875 0.02109375
0 0.55546875 0.22265625 0.0171875 0.04609375
0 0.5703125 0.2296875 0.02109375 0.059375
0 0.59609375 0.22890625 0.02421875 0.034375
0 0.621875 0.23828125 0.01796875 0.05625
0 0.6375 0.2359375 0.01171875 0.04765625
0 0.6265625 0.196875 0.0140625 0.04765625
0 0.6484375 0.2 0.0171875 0.0375
0 0.646875 0.1796875 0.015625 0.0375
0 0.69140625 0.20859375 0.01796875 0.040625
0 0.69453125 0.23671875 0.01796875 0.04140625
0 0.33046875 0.1765625 0.01953125 0.0484375