0 0.82734375 0.4703125 0.05078125 0.10703125
0 0.4484375 0.221875 0.028125 0.0546875
0 0.51484375 0.19765625 0.02578125 0.046875
0 0.584375 0.228125 0.02109375 0.0421875
0 0.590625 0.18359375 0.01953125 0.03828125
0 0.60390625 0.23515625 0.021875 0.03828125
0 0.621875 0.23125 0.01640625 0.046875
0 0.67265625 0.23984375 0.02421875 0.040625
0 0.346875 0.22265625 0.0234375 0.04609375
0 0.41015625 0.10703125 0.01875 0.0296875
0 0.2953125 0.22734375 0.02265625 0.0515625
0 0.2234375 0.290625 0.03046875 0.0625
0 0.19140625 0.35703125 0.0375 0.078125
0 0.15078125 0.36328125 0.034375 0.07578125
0 0.096875 0.33984375 0.028125 0.05390625
0 0.121875 0.30234375 0.028125 0.0734375
0 0.1328125 0.21484375 0.025 0.0484375
0 0.1109375 0.1765625 0.0203125 0.03984375
0 0.1453125 0.16015625 0.0203125 0.04453125
0 0.17734375 0.21015625 0.02421875 0.046875