0 0.0640625 0.43515625 0.04453125 0.0671875
0 0.659375 0.38671875 0.03046875 0.05234375
0 0.61328125 0.33203125 0.0265625 0.05234375
0 0.5640625 0.28671875 0.0265625 0.0421875
0 0.4890625 0.29921875 0.025 0.0484375
0 0.771875 0.2890625 0.03046875 0.0578125
0 0.71484375 0.2875 0.0265625 0.0484375
0 0.67578125 0.24375 0.0234375 0.04375
0 0.60390625 0.25703125 0.021875 0.0390625
0 0.925 0.2703125 0.02421875 0.04609375
0 0.8703125 0.2359375 0.0234375 0.03984375
0 0.7609375 0.2265625 0.02265625 0.04296875
0 0.93046875 0.15625 0.0125 0.02578125
0 0.90078125 0.13515625 0.0125 0.02890625
0 0.74375 0.18828125 0.01796875 0.02890625
0 0.6984375 0.225 0.02421875 0.03671875
0 0.6671875 0.2046875 0.01640625 0.034375
0 0.61171875 0.21796875 0.01875 0.0328125
0 0.64453125 0.1859375 0.01796875 0.03125
0 0.68828125 0.1859375 0.01484375 0.02578125
0 0.7296875 0.16328125 0.015625 0.03046875
0 0.7109375 0.146875 0.015625 0.02734375
0 0.7375 0.125 0.01328125 0.02578125
0 0.75859375 0.1671875 0.0171875 0.0296875
0 0.7953125 0.190625 0.01640625 0.03125
0 0.84609375 0.19765625 0.0171875 0.028125
0 0.88046875 0.203125 0.01640625 0.0296875
0 0.86015625 0.15703125 0.01328125 0.02734375
0 0.86953125 0.15078125 0.0140625 0.0265625
0 0.871875 0.13359375 0.01015625 0.02578125
0 0.8328125 0.1421875 0.015625 0.0265625
0 0.821875 0.16171875 0.0140625 0.02890625
0 0.8 0.1390625 0.0140625 0.0265625
0 0.81484375 0.12734375 0.01328125 0.02578125
0 0.7828125 0.1203125 0.01328125 0.02421875
0 0.75390625 0.14296875 0.01015625 0.02109375
0 0.76640625 0.14140625 0.0140625 0.02734375
0 0.40078125 0.3046875 0.02578125 0.0359375
0 0.3390625 0.29140625 0.0140625 0.025
0 0.3046875 0.2609375 0.015625 0.03203125
0 0.2578125 0.2890625 0.01796875 0.03125
0 0.32109375 0.2234375 0.01640625 0.02890625
0 0.34296875 0.2203125 0.01953125 0.028125
0 0.36484375 0.2234375 0.015625 0.02734375
0 0.48046875 0.23515625 0.01640625 0.03203125
0 0.4296875 0.24609375 0.0203125 0.0359375
0 0.38125 0.234375 0.015625 0.028125
0 0.3921875 0.19765625 0.0140625 0.025
0 0.40625 0.1765625 0.01484375 0.025
0 0.42265625 0.18671875 0.01796875 0.02890625
0 0.446875 0.19453125 0.01640625 0.02890625
0 0.46328125 0.20703125 0.01640625 0.02734375
0 0.48359375 0.2109375 0.01640625 0.0265625
0 0.453125 0.165625 0.015625 0.0265625
0 0.4734375 0.1671875 0.01640625 0.02890625
0 0.5390625 0.21171875 0.0171875 0.028125
0 0.50078125 0.18203125 0.01796875 0.03203125
0 0.57578125 0.16796875 0.0171875 0.0328125
0 0.60703125 0.1671875 0.0171875 0.02734375
0 0.69140625 0.1046875 0.01484375 0.02890625
0 0.66953125 0.1265625 0.015625 0.03046875
0 0.63359375 0.128125 0.01484375 0.025
0 0.61328125 0.121875 0.01484375 0.02734375
0 0.57109375 0.11640625 0.01640625 0.02578125
0 0.53359375 0.14375 0.01484375 0.0234375
0 0.51875 0.1625 0.01484375 0.02890625
0 0.484375 0.14375 0.01328125 0.02421875
0 0.553125 0.1640625 0.01953125 0.03203125