0 0.065625 0.25234375 0.02109375 0.0453125
0 0.13046875 0.2765625 0.028125 0.05078125
0 0.1875 0.2578125 0.025 0.05
0 0.26796875 0.23515625 0.028125 0.04609375
0 0.3328125 0.17890625 0.01953125 0.0359375
0 0.37109375 0.2234375 0.02890625 0.04609375
0 0.3296875 0.2265625 0.02578125 0.04375
0 0.37265625 0.3265625 0.0265625 0.05859375
0 0.36171875 0.27265625 0.025 0.05703125
0 0.32734375 0.3453125 0.034375 0.0828125
0 0.365625 0.13046875 0.021875 0.03671875
0 0.45546875 0.19609375 0.015625 0.028125
0 0.51796875 0.17890625 0.01875 0.0390625
0 0.5390625 0.1515625 0.0171875 0.02421875
0 0.55703125 0.190625 0.01640625 0.03203125
0 0.5828125 0.20859375 0.01953125 0.04140625
0 0.56875 0.2703125 0.02109375 0.04296875
0 0.55078125 0.2359375 0.0203125 0.03671875
0 0.63984375 0.19453125 0.0171875 0.034375
0 0.6890625 0.23671875 0.02109375 0.0421875
0 0.821875 0.2359375 0.02578125 0.03984375
0 0.84609375 0.2453125 0.02109375 0.0359375
0 0.91015625 0.26640625 0.021875 0.03828125