0 0.84453125 0.4359375 0.0015625 0.00078125
0 0.8171875 0.4734375 0.04765625 0.103125
0 0.18046875 0.1015625 0.01328125 0.04375
0 0.115625 0.18671875 0.0265625 0.0640625
0 0.1796875 0.153125 0.0171875 0.04765625
0 0.23359375 0.09140625 0.0203125 0.0390625
0 0.2984375 0.11015625 0.01796875 0.03046875
0 0.27578125 0.128125 0.021875 0.04296875
0 0.2125 0.25625 0.03515625 0.0609375
0 0.25859375 0.25390625 0.03515625 0.06484375
0 0.321875 0.228125 0.034375 0.07421875
0 0.46015625 0.2109375 0.0359375 0.08671875
0 0.5671875 0.25234375 0.0375 0.04609375
0 0.63046875 0.2359375 0.0328125 0.05546875
0 0.575 0.1921875 0.01796875 0.040625
0 0.5453125 0.2078125 0.03046875 0.04921875
0 0.546875 0.165625 0.0203125 0.0453125
0 0.50234375 0.16484375 0.0234375 0.03984375
0 0.528125 0.12109375 0.01328125 0.0375
0 0.50703125 0.10546875 0.0171875 0.04453125
0 0.465625 0.1078125 0.0203125 0.040625
0 0.43203125 0.10703125 0.01953125 0.04453125
0 0.41015625 0.13359375 0.0265625 0.04375