0 0.9390625 0.32890625 0.04765625 0.07890625
0 0.89140625 0.24375 0.0328125 0.06328125
0 0.83046875 0.25234375 0.0234375 0.05078125
0 0.815625 0.17578125 0.0296875 0.05078125
0 0.7765625 0.2796875 0.0375 0.0578125
0 0.7453125 0.2734375 0.025 0.059375
0 0.6828125 0.21015625 0.02265625 0.04609375
0 0.6390625 0.153125 0.025 0.06796875
0 0.54765625 0.14921875 0.02578125 0.04375
0 0.5375 0.1890625 0.021875 0.028125
0 0.4921875 0.196875 0.02890625 0.04609375
0 0.47890625 0.153125 0.0203125 0.04453125
0 0.3328125 0.19140625 0.025 0.0359375