0 0.740625 0.27578125 0.01875 0.0359375
0 0.71796875 0.26171875 0.01796875 0.04453125
0 0.69453125 0.26328125 0.02421875 0.0453125
0 0.65234375 0.2703125 0.01875 0.03671875
0 0.678125 0.21484375 0.01796875 0.03671875
0 0.65234375 0.2125 0.015625 0.03515625
0 0.621875 0.22890625 0.02265625 0.03515625
0 0.58125 0.25859375 0.02578125 0.04921875
0 0.51171875 0.2890625 0.0265625 0.04453125
0 0.62421875 0.2015625 0.0171875 0.0265625
0 0.6203125 0.1921875 0.0109375 0.02265625
0 0.5859375 0.22109375 0.0203125 0.03125
0 0.5078125 0.2140625 0.021875 0.03671875
0 0.5484375 0.21796875 0.02109375 0.0484375
0 0.58515625 0.16875 0.015625 0.02890625
0 0.57734375 0.19453125 0.01484375 0.02890625
0 0.56484375 0.16640625 0.0171875 0.0265625
0 0.55234375 0.17265625 0.0125 0.021875
0 0.54453125 0.1875 0.01796875 0.02421875
0 0.52421875 0.1921875 0.01875 0.03359375
0 0.509375 0.12421875 0.01171875 0.03046875
0 0.5234375 0.13828125 0.0125 0.02421875
0 0.51796875 0.159375 0.0140625 0.02265625
0 0.46640625 0.1328125 0.0171875 0.0375
0 0.44765625 0.14921875 0.015625 0.0296875
0 0.4515625 0.19296875 0.01484375 0.0328125
0 0.5421875 0.14140625 0.01171875 0.02890625
0 0.4375 0.11171875 0.01484375 0.02578125
0 0.4171875 0.15859375 0.01328125 0.02734375
0 0.3796875 0.20703125 0.02109375 0.040625
0 0.371875 0.1375 0.015625 0.03515625
0 0.40390625 0.11796875 0.01171875 0.01640625
0 0.40390625 0.15078125 0.0125 0.03046875
0 0.38359375 0.10546875 0.01015625 0.021875
0 0.3515625 0.1046875 0.0125 0.034375
0 0.33125 0.1171875 0.01484375 0.03984375
0 0.33828125 0.19296875 0.01953125 0.03046875
0 0.34375 0.1671875 0.0171875 0.02890625
0 0.3890625 0.24609375 0.01875 0.04453125
0 0.43515625 0.24609375 0.021875 0.04765625
0 0.440625 0.29296875 0.03203125 0.040625
0 0.30078125 0.09375 0.015625 0.028125
0 0.24375 0.103125 0.01484375 0.02265625
0 0.26484375 0.115625 0.0125 0.0296875
0 0.25078125 0.12890625 0.01484375 0.02265625
0 0.29375 0.13203125 0.0140625 0.03828125
0 0.31171875 0.14375 0.0140625 0.0328125
0 0.29765625 0.20625 0.0234375 0.04921875
0 0.246875 0.18125 0.01484375 0.0359375
0 0.26796875 0.15625 0.015625 0.02890625
0 0.23984375 0.24296875 0.02265625 0.0421875
0 0.32421875 0.26015625 0.02421875 0.0515625
0 0.27734375 0.2890625 0.028125 0.0578125
0 0.31953125 0.3265625 0.03515625 0.06328125
0 0.38984375 0.34140625 0.0296875 0.0765625
0 0.2171875 0.29296875 0.025 0.05625
0 0.1265625 0.22734375 0.02109375 0.04765625
0 0.0671875 0.26875 0.02109375 0.04375
0 0.07265625 0.18671875 0.015625 0.034375
0 0.10625 0.1953125 0.01796875 0.03671875
0 0.06796875 0.153125 0.01953125 0.040625
0 0.09296875 0.12734375 0.0171875 0.02890625
0 0.125 0.12421875 0.01640625 0.03046875
0 0.13828125 0.15625 0.015625 0.0328125
0 0.1625 0.13671875 0.01640625 0.04140625
0 0.1953125 0.1765625 0.0203125 0.03359375
0 0.1859375 0.12578125 0.0125 0.0265625
0 0.20234375 0.1234375 0.01171875 0.0328125
0 0.2203125 0.1171875 0.01015625 0.03046875
0 0.2296875 0.13046875 0.0140625 0.02578125
0 0.1484375 0.18359375 0.01796875 0.04375
0 0.8859375 0.46015625 0.04765625 0.1203125