0 0.10078125 0.36015625 0.03515625 0.07578125
0 0.14140625 0.29296875 0.01875 0.04765625
0 0.0859375 0.26328125 0.02109375 0.04140625
0 0.1234375 0.2046875 0.025 0.0484375
0 0.16875 0.2109375 0.021875 0.046875
0 0.19453125 0.23828125 0.02109375 0.04921875
0 0.21484375 0.275 0.0203125 0.0515625
0 0.22421875 0.3796875 0.02109375 0.06875
0 0.253125 0.33828125 0.03046875 0.0578125
0 0.31953125 0.31796875 0.028125 0.0515625
0 0.27265625 0.2453125 0.034375 0.04375
0 0.24453125 0.21953125 0.01640625 0.05
0 0.21953125 0.1984375 0.01796875 0.04609375
0 0.203125 0.16015625 0.01328125 0.03671875
0 0.16875 0.13828125 0.0125 0.040625
0 0.16015625 0.11328125 0.01015625 0.02421875
0 0.140625 0.1484375 0.015625 0.03203125
0 0.146875 0.1765625 0.0140625 0.0375
0 0.13828125 0.128125 0.009375 0.0296875
0 0.1109375 0.13515625 0.01484375 0.015625
0 0.109375 0.1578125 0.01015625 0.03359375
0 0.09921875 0.18515625 0.0109375 0.02421875
0 0.071875 0.21484375 0.01875 0.02578125
0 0.07421875 0.15625 0.009375 0.02890625
0 0.21875 0.15859375 0.01875 0.03359375
0 0.23046875 0.13203125 0.0109375 0.02890625
0 0.25859375 0.1125 0.0265625 0.03203125
0 0.25234375 0.15390625 0.0125 0.0359375
0 0.26953125 0.19453125 0.01484375 0.03828125
0 0.30625 0.18671875 0.0171875 0.04140625
0 0.334375 0.17109375 0.0203125 0.03984375
0 0.33125 0.2046875 0.02109375 0.04375
0 0.371875 0.2015625 0.021875 0.0390625
0 0.384375 0.2703125 0.01953125 0.040625
0 0.44375 0.24921875 0.01875 0.04140625
0 0.38828125 0.3171875 0.025 0.0703125
0 0.45859375 0.321875 0.025 0.053125
0 0.50234375 0.30390625 0.03046875 0.05078125
0 0.54453125 0.18984375 0.01953125 0.04609375
0 0.62890625 0.2890625 0.015625 0.0328125
0 0.63984375 0.2578125 0.0140625 0.04921875
0 0.70390625 0.2765625 0.01796875 0.03828125
0 0.7109375 0.240625 0.0109375 0.034375
0 0.7265625 0.25390625 0.01953125 0.03828125
0 0.6328125 0.19296875 0.0125 0.034375
0 0.6140625 0.20859375 0.0140625 0.03671875
0 0.59375 0.2 0.01640625 0.03828125
0 0.62109375 0.23203125 0.0125 0.040625
0 0.5609375 0.15546875 0.0078125 0.02265625
0 0.54921875 0.15390625 0.01171875 0.01640625
0 0.5375 0.15625 0.0078125 0.02109375
0 0.5203125 0.17890625 0.0140625 0.028125
0 0.50625 0.2046875 0.01171875 0.040625
0 0.515625 0.16015625 0.00859375 0.02578125
0 0.475 0.2125 0.01875 0.0375
0 0.46015625 0.18125 0.01328125 0.03984375
0 0.48046875 0.1765625 0.01328125 0.02578125
0 0.434375 0.171875 0.01796875 0.02109375
0 0.3953125 0.1671875 0.015625 0.03828125
0 0.38359375 0.13203125 0.01328125 0.02890625
0 0.35703125 0.13515625 0.01796875 0.021875
0 0.35078125 0.115625 0.0140625 0.02421875
0 0.32734375 0.10703125 0.01328125 0.02578125
0 0.29765625 0.10234375 0.0171875 0.02890625
0 0.35859375 0.09765625 0.01640625 0.01640625
0 0.3859375 0.1046875 0.01484375 0.02421875
0 0.4046875 0.109375 0.01640625 0.02578125
0 0.4171875 0.14375 0.01796875 0.021875
0 0.434375 0.13046875 0.01328125 0.03046875
0 0.45703125 0.121875 0.01171875 0.03203125
0 0.48984375 0.1234375 0.0140625 0.0234375
0 0.48515625 0.15390625 0.01953125 0.0296875