0 0.07578125 0.43046875 0.059375 0.09609375
0 0.66640625 0.3140625 0.03125 0.05234375
0 0.7828125 0.2875 0.03046875 0.0703125
0 0.71640625 0.27734375 0.0265625 0.0578125
0 0.65078125 0.24609375 0.03203125 0.046875
0 0.60546875 0.25234375 0.02734375 0.04609375
0 0.60078125 0.325 0.03671875 0.0875
0 0.5609375 0.24140625 0.03125 0.04375
0 0.5390625 0.29609375 0.0328125 0.06484375
0 0.48671875 0.296875 0.025 0.0609375
0 0.60078125 0.20546875 0.0203125 0.040625
0 0.6453125 0.19296875 0.0265625 0.0578125
0 0.653125 0.15859375 0.02109375 0.04921875
0 0.68203125 0.17265625 0.02421875 0.04296875
0 0.6921875 0.2140625 0.021875 0.06171875
0 0.7296875 0.18046875 0.01640625 0.04609375
0 0.7578125 0.20703125 0.02890625 0.046875
0 0.80859375 0.23515625 0.02890625 0.0609375
0 0.859375 0.2171875 0.01953125 0.05390625
0 0.88046875 0.1953125 0.01484375 0.05234375
0 0.9234375 0.1890625 0.02890625 0.03828125
0 0.88984375 0.1578125 0.01484375 0.02734375
0 0.9265625 0.15078125 0.015625 0.03359375
0 0.8890625 0.1296875 0.02109375 0.03359375
0 0.8609375 0.12109375 0.0171875 0.0328125
0 0.84296875 0.14453125 0.01796875 0.0390625
0 0.84296875 0.18671875 0.02578125 0.04609375
0 0.8125 0.16171875 0.01875 0.0484375
0 0.821875 0.1359375 0.0140625 0.03828125
0 0.80859375 0.11328125 0.01484375 0.0359375
0 0.79296875 0.12421875 0.0140625 0.02890625
0 0.790625 0.1671875 0.0234375 0.0328125
0 0.753125 0.1515625 0.02421875 0.0375
0 0.77890625 0.1125 0.01484375 0.02734375
0 0.7640625 0.128125 0.01875 0.0328125
0 0.7296875 0.10546875 0.01328125 0.02421875
0 0.7375 0.1296875 0.0171875 0.0328125
0 0.721875 0.14375 0.01953125 0.028125
0 0.69921875 0.13203125 0.0171875 0.03203125
0 0.6859375 0.1390625 0.0140625 0.03203125
0 0.68984375 0.09296875 0.01953125 0.05078125
0 0.66875 0.10625 0.01328125 0.04921875
0 0.63984375 0.05546875 0.01875 0.04140625
0 0.6390625 0.09375 0.01484375 0.02578125
0 0.6375 0.12109375 0.01640625 0.0328125
0 0.615625 0.09453125 0.0140625 0.03125
0 0.6171875 0.13828125 0.0171875 0.034375
0 0.58203125 0.09453125 0.0140625 0.02578125
0 0.584375 0.11484375 0.01171875 0.02578125
0 0.5703125 0.13828125 0.0203125 0.03359375
0 0.546875 0.14921875 0.01875 0.03671875
0 0.553125 0.10390625 0.015625 0.028125
0 0.5296875 0.12734375 0.0203125 0.03125
0 0.56640625 0.1734375 0.02265625 0.04296875
0 0.51640625 0.14375 0.01640625 0.028125
0 0.4828125 0.1265625 0.01484375 0.02265625
0 0.48125 0.15859375 0.02265625 0.0359375
0 0.465625 0.15234375 0.01328125 0.02890625
0 0.45078125 0.15859375 0.01484375 0.034375
0 0.45234375 0.1390625 0.01328125 0.02578125
0 0.45625 0.17734375 0.01953125 0.03671875
0 0.51484375 0.1984375 0.025 0.040625
0 0.48828125 0.209375 0.021875 0.0390625
0 0.43046875 0.190625 0.01953125 0.03359375
0 0.41640625 0.1734375 0.02109375 0.0328125
0 0.40234375 0.175 0.01328125 0.03515625
0 0.43359375 0.22421875 0.02578125 0.0359375
0 0.41953125 0.26328125 0.02421875 0.0546875
0 0.3953125 0.20625 0.02265625 0.04609375
0 0.36953125 0.19140625 0.01640625 0.0359375
0 0.3625 0.20859375 0.0203125 0.03671875
0 0.34609375 0.2109375 0.021875 0.0421875
0 0.31015625 0.20859375 0.01953125 0.025
0 0.32421875 0.246875 0.02265625 0.04296875
0 0.30078125 0.2453125 0.0265625 0.0328125
0 0.28203125 0.25625 0.02421875 0.040625
0 0.2484375 0.27578125 0.0203125 0.04453125