0 0.128125 0.51484375 0.05390625 0.134375
0 0.2375 0.25625 0.01875 0.04921875
0 0.2484375 0.26875 0.02265625 0.05078125
0 0.29375 0.228125 0.01875 0.0484375
0 0.3109375 0.2359375 0.021875 0.0515625
0 0.3234375 0.20625 0.01796875 0.04609375
0 0.3453125 0.2109375 0.0203125 0.05625
0 0.365625 0.2046875 0.01875 0.046875
0 0.38125 0.253125 0.0234375 0.05234375
0 0.45078125 0.29453125 0.02578125 0.0609375
0 0.4140625 0.22265625 0.01875 0.04453125
0 0.37890625 0.1953125 0.01953125 0.03515625
0 0.403125 0.184375 0.01953125 0.046875
0 0.44609375 0.19140625 0.01796875 0.04140625
0 0.4453125 0.15859375 0.0171875 0.0296875
0 0.48359375 0.23828125 0.0234375 0.06015625
0 0.47265625 0.16484375 0.01796875 0.046875
0 0.49140625 0.1703125 0.0203125 0.04921875
0 0.50859375 0.20390625 0.021875 0.0484375
0 0.5625 0.21015625 0.02109375 0.05
0 0.53046875 0.16796875 0.01875 0.0484375
0 0.51015625 0.1484375 0.01640625 0.0359375
0 0.53828125 0.15703125 0.0171875 0.0359375
0 0.56640625 0.1390625 0.01875 0.0453125
0 0.5890625 0.134375 0.01796875 0.0484375
0 0.6125 0.11796875 0.01953125 0.0421875
0 0.6421875 0.1296875 0.01953125 0.0390625
0 0.5890625 0.196875 0.01953125 0.0421875
0 0.59453125 0.16953125 0.01796875 0.0359375
0 0.62265625 0.17734375 0.01796875 0.0484375
0 0.6171875 0.15234375 0.015625 0.0296875
0 0.665625 0.1484375 0.01796875 0.03671875
0 0.671875 0.13828125 0.0140625 0.03203125
0 0.6703125 0.1796875 0.01640625 0.03828125
0 0.6328125 0.19140625 0.015625 0.03984375
0 0.62421875 0.2796875 0.0265625 0.06015625
0 0.6703125 0.23828125 0.02734375 0.059375
0 0.5859375 0.31796875 0.03046875 0.0671875
0 0.615625 0.35390625 0.03203125 0.0671875
0 0.7 0.13671875 0.015625 0.03671875
0 0.72109375 0.14921875 0.01875 0.03515625
0 0.70703125 0.2078125 0.021875 0.04765625
0 0.7796875 0.1765625 0.0171875 0.0359375
0 0.7578125 0.18515625 0.01640625 0.03671875
0 0.74296875 0.19375 0.01328125 0.03359375
0 0.7515625 0.22109375 0.021875 0.04140625
0 0.73359375 0.2515625 0.0234375 0.0609375
0 0.76171875 0.27734375 0.02734375 0.053125
0 0.78671875 0.2015625 0.01953125 0.0484375
0 0.8140625 0.1890625 0.01875 0.040625
0 0.85 0.209375 0.01953125 0.05
0 0.803125 0.23671875 0.01875 0.05859375
0 0.825 0.2171875 0.0203125 0.05078125
0 0.81015625 0.2921875 0.02265625 0.06328125
0 0.865625 0.31953125 0.021875 0.06171875
0 0.66796875 0.38125 0.03125 0.06875
0 0.73125 0.371875 0.0296875 0.0734375
0 0.8 0.4234375 0.03515625 0.08984375
0 0.86875 0.22421875 0.0203125 0.03984375
0 0.884375 0.21640625 0.01796875 0.040625
0 0.91328125 0.2203125 0.01796875 0.0328125
0 0.90546875 0.24609375 0.01640625 0.0453125
0 0.95234375 0.23359375 0.0171875 0.040625
0 0.93515625 0.25546875 0.015625 0.04296875
0 0.98984375 0.2625 0.01875 0.04609375
0 0.92890625 0.3109375 0.01953125 0.05234375
0 0.88828125 0.3734375 0.02734375 0.071875
0 0.96328125 0.41796875 0.02890625 0.071875
0 0.875 0.4640625 0.0375 0.09375
0 0.9515625 0.35625 0.0234375 0.0625
0 0.978125 0.34609375 0.02265625 0.053125
0 0.97890625 0.3046875 0.01875 0.04140625
0 0.97890625 0.2859375 0.01484375 0.03359375
0 0.88125 0.2984375 0.0234375 0.04140625
0 0.89296875 0.27109375 0.025 0.046875