0 0.03125 0.41953125 0.0265625 0.06015625
0 0.23046875 0.33671875 0.0140625 0.04140625
0 0.33203125 0.35234375 0.02421875 0.0453125
0 0.2578125 0.3671875 0.025 0.0546875
0 0.28671875 0.37734375 0.01484375 0.04296875
0 0.284375 0.3 0.02109375 0.03203125
0 0.5375 0.39765625 0.03671875 0.04765625
0 0.6 0.41484375 0.03046875 0.05078125
0 0.6640625 0.43828125 0.0265625 0.065625
0 0.6953125 0.46640625 0.0359375 0.0625
0 0.80390625 0.5 0.03359375 0.065625
0 0.8234375 0.43203125 0.03828125 0.0609375
0 0.89296875 0.465625 0.0375 0.06796875
0 0.77421875 0.41484375 0.034375 0.046875
0 0.71328125 0.3984375 0.021875 0.07421875
0 0.67265625 0.3515625 0.0234375 0.046875
0 0.640625 0.37578125 0.03046875 0.05625
0 0.60078125 0.353125 0.0265625 0.05546875
0 0.45703125 0.4109375 0.03125 0.0625
0 0.446875 0.3328125 0.028125 0.05
0 0.4015625 0.3328125 0.02109375 0.0390625
0 0.3765625 0.32578125 0.0140625 0.040625
0 0.88125 0.39453125 0.01796875 0.05
0 0.91015625 0.3453125 0.021875 0.04296875
0 0.54609375 0.284375 0.02265625 0.03359375
0 0.4953125 0.3125 0.021875 0.04140625
0 0.40546875 0.29375 0.02265625 0.02421875
0 0.38359375 0.2546875 0.0203125 0.03359375
0 0.353125 0.2890625 0.02421875 0.02734375
0 0.68359375 0.2140625 0.0171875 0.02421875
0 0.73046875 0.2296875 0.0125 0.03515625
0 0.74453125 0.2296875 0.01171875 0.02265625
0 0.7609375 0.2375 0.01328125 0.02265625
0 0.82265625 0.24921875 0.01484375 0.01875
0 0.85078125 0.246875 0.01640625 0.02578125
0 0.87578125 0.271875 0.01640625 0.0203125
0 0.909375 0.278125 0.0140625 0.03359375
0 0.66171875 0.225 0.0125 0.03046875
0 0.640625 0.21171875 0.01484375 0.03203125
0 0.59921875 0.2015625 0.009375 0.0234375
0 0.5609375 0.22421875 0.015625 0.0328125
0 0.6890625 0.25390625 0.02265625 0.040625
0 0.725 0.25859375 0.01953125 0.0375
0 0.45625 0.23984375 0.0140625 0.03984375
0 0.42265625 0.24921875 0.01484375 0.03046875
0 0.43984375 0.2609375 0.01640625 0.0421875
0 0.50078125 0.26015625 0.021875 0.03203125
0 0.5296875 0.2640625 0.01484375 0.0484375
0 0.51953125 0.23515625 0.0140625 0.03046875
0 0.56875 0.24921875 0.021875 0.02734375
0 0.6265625 0.25 0.0203125 0.0234375
0 0.58828125 0.2453125 0.01796875 0.03515625
0 0.6625 0.26328125 0.0171875 0.03828125
0 0.61796875 0.28984375 0.01953125 0.0359375
0 0.58515625 0.3296875 0.02421875 0.03984375
0 0.75546875 0.28671875 0.02109375 0.04921875
0 0.79921875 0.3 0.0265625 0.04453125
0 0.821875 0.30546875 0.02265625 0.04296875
0 0.8375 0.26328125 0.01328125 0.02265625
0 0.865625 0.31640625 0.01796875 0.03359375
0 0.89140625 0.3234375 0.021875 0.04296875
0 0.84375 0.36875 0.02578125 0.04140625
0 0.8796875 0.39140625 0.02265625 0.059375
0 0.79296875 0.36171875 0.025 0.04453125