0 0.08515625 0.5609375 0.05390625 0.1171875
0 0.875 0.52734375 0.03125 0.10390625
0 0.88125 0.43671875 0.02890625 0.09609375
0 0.9578125 0.4609375 0.03125 0.0953125
0 0.94921875 0.403125 0.01875 0.07578125
0 0.98359375 0.38046875 0.0234375 0.0640625
0 0.97421875 0.34921875 0.0203125 0.034375
0 0.98125 0.30625 0.015625 0.06171875
0 0.9828125 0.26484375 0.0140625 0.053125
0 0.95546875 0.253125 0.01796875 0.05546875
0 0.9375 0.2765625 0.01953125 0.04296875
0 0.9234375 0.33828125 0.02578125 0.06875
0 0.88828125 0.27421875 0.02265625 0.0640625
0 0.871875 0.2484375 0.01640625 0.053125
0 0.909375 0.22421875 0.021875 0.05703125
0 0.8171875 0.3046875 0.02109375 0.078125
0 0.8625 0.37734375 0.02421875 0.06484375
0 0.81171875 0.24296875 0.021875 0.0515625
0 0.8234375 0.22265625 0.01640625 0.0609375
0 0.8109375 0.1921875 0.02265625 0.03671875
0 0.78046875 0.17265625 0.02109375 0.05078125
0 0.77890625 0.20546875 0.02890625 0.04375
0 0.753125 0.19140625 0.0203125 0.0390625
0 0.7328125 0.20703125 0.01796875 0.059375
0 0.74765625 0.246875 0.01953125 0.0625
0 0.76953125 0.29609375 0.02421875 0.07578125
0 0.70859375 0.27578125 0.02265625 0.04765625
0 0.7140625 0.221875 0.01875 0.053125
0 0.66328125 0.24609375 0.02890625 0.06171875
0 0.61953125 0.29921875 0.02890625 0.078125
0 0.609375 0.37265625 0.0359375 0.071875
0 0.65546875 0.41640625 0.034375 0.06796875
0 0.725 0.4078125 0.0390625 0.07109375
0 0.78359375 0.4453125 0.03359375 0.0734375
0 0.55078125 0.35078125 0.03671875 0.0546875
0 0.7078125 0.16484375 0.01328125 0.05
0 0.68046875 0.15390625 0.01953125 0.040625
0 0.69140625 0.14453125 0.01171875 0.0453125
0 0.64453125 0.14296875 0.0109375 0.04609375
0 0.6296875 0.128125 0.01953125 0.05234375
0 0.6109375 0.1578125 0.0109375 0.03515625
0 0.64921875 0.1828125 0.01328125 0.028125
0 0.6140625 0.20859375 0.0234375 0.03984375
0 0.590625 0.1390625 0.01953125 0.040625
0 0.57265625 0.13671875 0.0171875 0.0296875
0 0.6015625 0.184375 0.01328125 0.03046875
0 0.5703125 0.20703125 0.01953125 0.05078125
0 0.54765625 0.21171875 0.0171875 0.05
0 0.546875 0.165625 0.01328125 0.03046875
0 0.54765625 0.1328125 0.02421875 0.0375
0 0.5234375 0.15703125 0.0171875 0.05703125
0 0.4953125 0.1546875 0.01328125 0.04140625
0 0.49140625 0.21796875 0.02109375 0.0484375
0 0.4703125 0.25234375 0.02109375 0.05078125
0 0.428125 0.3171875 0.028125 0.0765625
0 0.39375 0.23984375 0.0171875 0.0390625
0 0.4703125 0.1828125 0.0171875 0.03515625
0 0.45078125 0.1640625 0.01328125 0.04140625
0 0.43515625 0.165625 0.0171875 0.04375
0 0.42734375 0.19921875 0.028125 0.06171875
0 0.384375 0.19921875 0.02265625 0.040625
0 0.35859375 0.19921875 0.01953125 0.040625
0 0.3453125 0.21953125 0.0140625 0.034375
0 0.36015625 0.28125 0.025 0.0625
0 0.32890625 0.2390625 0.01796875 0.0640625
0 0.3046875 0.2125 0.025 0.06171875
0 0.29921875 0.24921875 0.025 0.0546875
0 0.24453125 0.25703125 0.01796875 0.06953125