0 0.8546875 0.29140625 0.0203125 0.04921875
0 0.81015625 0.2765625 0.03671875 0.06328125
0 0.75078125 0.23203125 0.0234375 0.04765625
0 0.72890625 0.215625 0.028125 0.05234375
0 0.70625 0.22734375 0.02421875 0.05703125
0 0.6828125 0.22734375 0.02578125 0.05703125
0 0.66953125 0.209375 0.01875 0.04921875
0 0.6 0.1875 0.02734375 0.06015625
0 0.57734375 0.23046875 0.0359375 0.07890625
0 0.6765625 0.3109375 0.0421875 0.0984375
0 0.5125 0.24921875 0.03359375 0.0890625
0 0.48046875 0.2703125 0.03671875 0.07890625
0 0.4140625 0.29375 0.04140625 0.0859375