0 0.403125 0.23515625 0.0390625 0.05234375
0 0.5625 0.2953125 0.025 0.06015625
0 0.56875 0.26171875 0.0234375 0.04453125
0 0.62578125 0.25859375 0.02578125 0.04765625
0 0.68203125 0.2578125 0.01796875 0.053125
0 0.728125 0.284375 0.021875 0.0671875
0 0.76953125 0.25859375 0.02265625 0.03828125
0 0.790625 0.2984375 0.02734375 0.03984375
0 0.84609375 0.32421875 0.02109375 0.05859375
0 0.86171875 0.2796875 0.02109375 0.05546875
0 0.9265625 0.346875 0.01953125 0.053125
0 0.92265625 0.3078125 0.02109375 0.04375
0 0.92265625 0.24921875 0.01640625 0.0484375
0 0.93515625 0.2328125 0.01640625 0.034375
0 0.94375 0.2125 0.01953125 0.0359375
0 0.95234375 0.18359375 0.0171875 0.03984375
0 0.9171875 0.171875 0.02109375 0.0375
0 0.8953125 0.21796875 0.01640625 0.03828125
0 0.890625 0.23515625 0.02109375 0.03984375
0 0.88828125 0.15859375 0.0171875 0.0328125
0 0.8703125 0.17890625 0.0109375 0.03046875
0 0.86015625 0.19140625 0.01796875 0.025
0 0.84296875 0.240625 0.02578125 0.05
0 0.83828125 0.21171875 0.02265625 0.0390625
0 0.7984375 0.21953125 0.0203125 0.0390625
0 0.8046875 0.1609375 0.01328125 0.0203125
0 0.83671875 0.15 0.01328125 0.040625
0 0.85546875 0.1578125 0.0109375 0.03359375
0 0.815625 0.1671875 0.01171875 0.03046875
0 0.825 0.14296875 0.01484375 0.04296875
0 0.8046875 0.13828125 0.015625 0.02734375
0 0.79140625 0.15625 0.0140625 0.03046875
0 0.753125 0.21484375 0.02265625 0.0515625
0 0.73984375 0.19296875 0.02109375 0.03046875
0 0.73671875 0.14609375 0.0140625 0.0234375
0 0.7453125 0.13671875 0.0109375 0.0359375
0 0.76640625 0.1359375 0.015625 0.0390625
0 0.753125 0.1796875 0.0171875 0.02421875
0 0.703125 0.18203125 0.0140625 0.03515625
0 0.70078125 0.21796875 0.02109375 0.0359375
0 0.675 0.2234375 0.02890625 0.04140625
0 0.640625 0.2 0.01875 0.03359375
0 0.70703125 0.12265625 0.015625 0.01953125
0 0.6796875 0.12890625 0.0140625 0.0328125
0 0.6890625 0.10546875 0.0140625 0.03046875
0 0.6546875 0.11796875 0.015625 0.0296875
0 0.65703125 0.1484375 0.01484375 0.0359375
0 0.6359375 0.13125 0.01171875 0.0328125
0 0.628125 0.1171875 0.0140625 0.025
0 0.615625 0.1125 0.00859375 0.02265625
0 0.60703125 0.11796875 0.0125 0.034375
0 0.578125 0.121875 0.0171875 0.02421875
0 0.5953125 0.14453125 0.015625 0.0203125
0 0.6015625 0.17265625 0.01328125 0.028125
0 0.56875 0.14765625 0.02109375 0.03125
0 0.54375 0.13515625 0.01796875 0.0234375
0 0.5359375 0.14375 0.0140625 0.034375
0 0.5140625 0.13359375 0.0109375 0.015625
0 0.515625 0.1546875 0.01953125 0.034375
0 0.53515625 0.1671875 0.0109375 0.03046875
0 0.559375 0.19140625 0.021875 0.0359375
0 0.521875 0.18671875 0.01953125 0.04140625
0 0.5015625 0.2171875 0.0171875 0.034375
0 0.4890625 0.16171875 0.0171875 0.0390625
0 0.465625 0.14765625 0.01640625 0.028125
0 0.44140625 0.17109375 0.01484375 0.03671875
0 0.425 0.15625 0.0140625 0.03046875
0 0.40703125 0.1703125 0.01640625 0.03671875
0 0.45078125 0.21796875 0.02890625 0.04609375
0 0.37734375 0.18125 0.0140625 0.025
0 0.38359375 0.2046875 0.0140625 0.03046875
0 0.359375 0.19921875 0.02109375 0.02890625
0 0.33125 0.2390625 0.02421875 0.0390625
0 0.2671875 0.23359375 0.0234375 0.04609375
0 0.44140625 0.265625 0.0234375 0.0484375