0 0.1 0.54765625 0.053125 0.13671875
0 0.20859375 0.27109375 0.021875 0.0546875
0 0.22109375 0.28125 0.0265625 0.0640625
0 0.26484375 0.23984375 0.01953125 0.0625
0 0.28515625 0.24453125 0.01953125 0.05
0 0.29921875 0.21640625 0.021875 0.05546875
0 0.325 0.24140625 0.021875 0.071875
0 0.36171875 0.259375 0.021875 0.0453125
0 0.43125 0.29609375 0.02421875 0.06015625
0 0.340625 0.21015625 0.01875 0.046875
0 0.35390625 0.19609375 0.01875 0.04453125
0 0.38359375 0.1875 0.01953125 0.04765625
0 0.38671875 0.24609375 0.021875 0.05234375
0 0.4640625 0.24453125 0.02734375 0.0640625
0 0.41953125 0.196875 0.021875 0.04296875
0 0.428125 0.165625 0.01953125 0.04453125
0 0.44609375 0.1671875 0.01796875 0.0390625
0 0.46015625 0.16953125 0.01875 0.03671875
0 0.47265625 0.1796875 0.01953125 0.0546875
0 0.4890625 0.20625 0.021875 0.0515625
0 0.4859375 0.15390625 0.021875 0.040625
0 0.5125 0.16953125 0.0203125 0.05
0 0.55078125 0.22265625 0.0234375 0.053125
0 0.54921875 0.13125 0.01796875 0.03046875
0 0.55234375 0.16953125 0.02109375 0.0546875
0 0.575 0.1390625 0.01796875 0.04921875
0 0.59453125 0.1203125 0.0171875 0.0375
0 0.6265625 0.13046875 0.01640625 0.040625
0 0.60703125 0.184375 0.0140625 0.0453125
0 0.60078125 0.15546875 0.0203125 0.040625
0 0.61796875 0.2046875 0.0234375 0.0546875
0 0.66328125 0.12890625 0.015625 0.0421875
0 0.653125 0.14765625 0.0203125 0.04921875
0 0.65625 0.18515625 0.02421875 0.0421875
0 0.6875 0.1421875 0.01796875 0.05234375
0 0.71171875 0.1546875 0.01796875 0.0453125
0 0.69453125 0.2203125 0.0203125 0.0578125
0 0.6578125 0.24765625 0.0265625 0.059375
0 0.6109375 0.2953125 0.03359375 0.0671875
0 0.56953125 0.3359375 0.0296875 0.0671875
0 0.60390625 0.3671875 0.034375 0.07421875
0 0.65703125 0.3984375 0.03359375 0.0703125
0 0.7140625 0.428125 0.03515625 0.090625
0 0.72109375 0.265625 0.025 0.06015625
0 0.73828125 0.2328125 0.01875 0.053125
0 0.74609375 0.1953125 0.01484375 0.040625
0 0.76796875 0.18203125 0.01796875 0.04296875
0 0.8078125 0.19375 0.0203125 0.0546875
0 0.7765625 0.21640625 0.0203125 0.05546875
0 0.79609375 0.253125 0.025 0.06484375
0 0.81875 0.22734375 0.0203125 0.05
0 0.84140625 0.21875 0.021875 0.06171875
0 0.87421875 0.234375 0.0203125 0.05703125
0 0.8921875 0.2328125 0.01953125 0.0515625
0 0.90078125 0.26015625 0.02109375 0.046875
0 0.95 0.24765625 0.021875 0.053125
0 0.9828125 0.26015625 0.01796875 0.04921875
0 0.93203125 0.275 0.02265625 0.059375
0 0.97421875 0.3125 0.0203125 0.05
0 0.9765625 0.3671875 0.025 0.06171875
0 0.9453125 0.384375 0.03203125 0.07734375
0 0.9265625 0.32890625 0.02265625 0.0640625
0 0.8859375 0.2921875 0.0234375 0.06171875
0 0.81484375 0.30234375 0.025 0.065625
0 0.8609375 0.34453125 0.02578125 0.06796875
0 0.75 0.296875 0.03203125 0.07265625
0 0.79375 0.45078125 0.04296875 0.09765625
0 0.88125 0.4171875 0.02734375 0.06953125
0 0.96015625 0.4484375 0.0328125 0.0828125
0 0.86796875 0.50078125 0.03984375 0.1015625
0 0.57734375 0.18203125 0.0203125 0.0640625