0 0.0140625 0.14140625 0.0140625 0.0453125
0 0.04296875 0.24375 0.02578125 0.0359375
0 0.11015625 0.290625 0.034375 0.05234375
0 0.14765625 0.18515625 0.0265625 0.03359375
0 0.18515625 0.17265625 0.01640625 0.0265625
0 0.19453125 0.1875 0.01953125 0.03125
0 0.23671875 0.17421875 0.028125 0.03046875
0 0.28203125 0.17109375 0.015625 0.05
0 0.42890625 0.13125 0.0203125 0.03828125
0 0.4765625 0.18359375 0.02578125 0.0265625
0 0.5078125 0.1921875 0.02578125 0.03984375
0 0.8 0.4453125 0.0515625 0.06953125