0 0.73828125 0.06796875 0.01953125 0.0421875
0 0.696875 0.06875 0.021875 0.0359375
0 0.60625 0.121875 0.0296875 0.028125
0 0.571875 0.125 0.025 0.03125
0 0.50234375 0.125 0.02109375 0.04453125
0 0.7359375 0.18125 0.0296875 0.0390625
0 0.8515625 0.1859375 0.0265625 0.04375
0 0.90078125 0.21953125 0.02421875 0.053125
0 0.934375 0.228125 0.021875 0.0328125
0 0.9234375 0.28515625 0.03203125 0.03671875
0 0.86796875 0.28046875 0.03359375 0.03203125
0 0.81484375 0.29296875 0.03046875 0.05703125
0 0.853125 0.31875 0.02265625 0.05703125
0 0.9171875 0.34375 0.040625 0.05703125
0 0.6796875 0.26796875 0.040625 0.04765625
0 0.7328125 0.2859375 0.03359375 0.05859375
0 0.76328125 0.26484375 0.034375 0.03359375
0 0.6765625 0.1875 0.025 0.046875
0 0.5796875 0.25234375 0.02890625 0.05859375
0 0.58671875 0.175 0.02421875 0.0515625
0 0.546875 0.20234375 0.0296875 0.04375
0 0.51484375 0.17265625 0.03203125 0.03359375
0 0.496875 0.21796875 0.0296875 0.053125
0 0.44375 0.2234375 0.02734375 0.059375
0 0.4203125 0.21953125 0.0140625 0.04765625
0 0.40625 0.246875 0.025 0.0484375
0 0.3484375 0.20546875 0.02578125 0.03203125
0 0.46953125 0.13125 0.02109375 0.04296875