0 0.78984375 0.45390625 0.0453125 0.11015625
0 0.75390625 0.37734375 0.0375 0.09609375
0 0.50234375 0.31640625 0.0296875 0.053125
0 0.559375 0.2765625 0.0328125 0.05078125
0 0.65703125 0.2875 0.0265625 0.0484375
0 0.73203125 0.2109375 0.02265625 0.03828125
0 0.20546875 0.309375 0.025 0.05625
0 0.2625 0.2828125 0.02734375 0.05703125
0 0.32265625 0.25546875 0.0234375 0.0484375
0 0.36015625 0.24921875 0.025 0.04140625
0 0.46484375 0.21328125 0.02265625 0.0359375
0 0.54375 0.221875 0.01953125 0.034375
0 0.565625 0.21796875 0.01875 0.03359375
0 0.5875 0.1921875 0.01640625 0.034375
0 0.10390625 0.23046875 0.01796875 0.0375
0 0.12890625 0.184375 0.01953125 0.04375
0 0.178125 0.18515625 0.01875 0.034375
0 0.221875 0.1671875 0.0171875 0.0296875
0 0.2828125 0.17421875 0.01796875 0.034375
0 0.2515625 0.1625 0.015625 0.03125
0 0.1671875 0.12578125 0.01328125 0.02734375
0 0.23125 0.10546875 0.015625 0.02890625
0 0.284375 0.09140625 0.015625 0.03125
0 0.2703125 0.14609375 0.015625 0.028125
0 0.31953125 0.10234375 0.0171875 0.03203125
0 0.296875 0.1578125 0.01171875 0.02890625
0 0.4046875 0.16015625 0.01640625 0.0328125
0 0.42890625 0.15390625 0.01796875 0.0296875
0 0.41875 0.1140625 0.0140625 0.02890625
0 0.45625 0.13984375 0.0171875 0.0328125
0 0.4796875 0.175 0.0171875 0.03671875
0 0.5015625 0.19140625 0.01640625 0.0328125
0 0.515625 0.190625 0.01328125 0.03359375
0 0.53359375 0.1875 0.01640625 0.03984375
0 0.5328125 0.15625 0.0125 0.02578125
0 0.5171875 0.15078125 0.0125 0.028125