0 0.07421875 0.45078125 0.04921875 0.0828125
0 0.88984375 0.34609375 0.0328125 0.06015625
0 0.80703125 0.39765625 0.0328125 0.06953125
0 0.90859375 0.31328125 0.0203125 0.0609375
0 0.834375 0.30859375 0.02421875 0.0640625
0 0.7671875 0.30234375 0.025 0.04921875
0 0.84296875 0.25078125 0.021875 0.053125
0 0.86953125 0.215625 0.01953125 0.040625
0 0.91875 0.23515625 0.01796875 0.0515625
0 0.9375 0.28984375 0.028125 0.04609375
0 0.81484375 0.2453125 0.0203125 0.034375
0 0.77578125 0.20859375 0.0171875 0.03515625
0 0.88828125 0.1875 0.0140625 0.03671875
0 0.9015625 0.153125 0.01640625 0.03671875
0 0.9125 0.1421875 0.01484375 0.03359375
0 0.92578125 0.16484375 0.015625 0.04765625
0 0.93671875 0.1546875 0.015625 0.0421875
0 0.8625 0.146875 0.01328125 0.03203125
0 0.84765625 0.16484375 0.015625 0.02734375
0 0.83984375 0.12578125 0.01484375 0.034375
0 0.82109375 0.13046875 0.01484375 0.0359375
0 0.80390625 0.12265625 0.01328125 0.03203125
0 0.7796875 0.11328125 0.01875 0.02890625
0 0.80546875 0.17578125 0.015625 0.034375
0 0.81171875 0.15234375 0.01796875 0.03203125
0 0.7796875 0.1625 0.01640625 0.03125
0 0.7515625 0.1734375 0.0203125 0.02890625
0 0.73125 0.18046875 0.021875 0.03203125
0 0.7421875 0.25390625 0.02421875 0.06171875
0 0.71328125 0.21796875 0.0234375 0.04375
0 0.71875 0.16171875 0.0140625 0.0375
0 0.7171875 0.140625 0.01328125 0.028125
0 0.734375 0.12734375 0.01484375 0.03046875
0 0.66953125 0.20703125 0.0203125 0.040625
0 0.6515625 0.2234375 0.02578125 0.0390625
0 0.6640625 0.2703125 0.02421875 0.04375
0 0.6265625 0.24140625 0.02421875 0.053125
0 0.60078125 0.32421875 0.03046875 0.075
0 0.56171875 0.2484375 0.02734375 0.05703125
0 0.525 0.28671875 0.03046875 0.053125
0 0.6875 0.10859375 0.0125 0.028125
0 0.6609375 0.11328125 0.0171875 0.0375
0 0.64375 0.10703125 0.0140625 0.02421875
0 0.65625 0.13828125 0.01328125 0.0328125
0 0.62890625 0.12265625 0.0125 0.028125
0 0.62421875 0.15 0.01484375 0.028125
0 0.6078125 0.10859375 0.01328125 0.0328125
0 0.58984375 0.13515625 0.009375 0.03515625
0 0.5828125 0.1078125 0.0140625 0.0390625
0 0.5640625 0.1234375 0.01796875 0.03515625
0 0.55859375 0.14453125 0.01796875 0.03203125
0 0.56171875 0.184375 0.01796875 0.03984375
0 0.53828125 0.12734375 0.01953125 0.03046875
0 0.53203125 0.1765625 0.02109375 0.04609375
0 0.51171875 0.14921875 0.0171875 0.034375
0 0.5078125 0.18125 0.01796875 0.0296875
0 0.49921875 0.13828125 0.015625 0.028125
0 0.47109375 0.14765625 0.015625 0.0359375
0 0.44765625 0.14296875 0.0125 0.0296875
0 0.48203125 0.1921875 0.01328125 0.03203125
0 0.50078125 0.225 0.01796875 0.03046875
0 0.4546875 0.21015625 0.02421875 0.03046875
0 0.45390625 0.18828125 0.01796875 0.0265625
0 0.42265625 0.190625 0.01640625 0.04375
0 0.4015625 0.221875 0.0203125 0.0296875
0 0.4171875 0.25234375 0.02109375 0.04296875
0 0.39296875 0.25859375 0.021875 0.046875
0 0.37890625 0.228125 0.021875 0.04140625
0 0.36640625 0.25546875 0.01796875 0.04375
0 0.34765625 0.2390625 0.021875 0.034375
0 0.33828125 0.2140625 0.02890625 0.02734375
0 0.31015625 0.21953125 0.015625 0.03046875
0 0.32578125 0.27421875 0.02109375 0.04453125
0 0.29375 0.26484375 0.028125 0.04375