0 0.953125 0.3953125 0.03515625 0.0765625
0 0.33515625 0.3453125 0.03203125 0.05703125
0 0.29140625 0.28203125 0.02734375 0.05859375
0 0.2234375 0.28828125 0.02578125 0.0484375
0 0.20234375 0.23125 0.02578125 0.05078125
0 0.1359375 0.22265625 0.01953125 0.03828125
0 0.08984375 0.28046875 0.0203125 0.05078125
0 0.0828125 0.19375 0.01875 0.0453125
0 0.1 0.2015625 0.015625 0.0484375
0 0.128125 0.17265625 0.01484375 0.03046875
0 0.146875 0.18515625 0.01953125 0.0296875
0 0.15390625 0.15546875 0.01640625 0.03203125
0 0.134375 0.13515625 0.0125 0.0359375
0 0.1078125 0.12578125 0.0109375 0.02265625
0 0.109375 0.1609375 0.01328125 0.02265625
0 0.08515625 0.1609375 0.0125 0.02734375
0 0.071875 0.1546875 0.0125 0.028125
0 0.17109375 0.1328125 0.01953125 0.03203125
0 0.18828125 0.159375 0.0203125 0.02890625
0 0.209375 0.17109375 0.0140625 0.040625
0 0.21171875 0.128125 0.01171875 0.0359375
0 0.23359375 0.13515625 0.0171875 0.03359375
0 0.24765625 0.153125 0.015625 0.02421875
0 0.2671875 0.18984375 0.01875 0.03984375
0 0.2546875 0.2328125 0.025 0.04140625
0 0.30234375 0.20703125 0.02109375 0.0375
0 0.30703125 0.17578125 0.01328125 0.03515625
0 0.3234375 0.15390625 0.0140625 0.0375
0 0.29296875 0.1375 0.015625 0.03125
0 0.2765625 0.128125 0.0140625 0.03203125
0 0.25859375 0.1125 0.0125 0.02890625
0 0.26015625 0.14453125 0.01171875 0.02734375
0 0.3421875 0.2125 0.02265625 0.0421875
0 0.3484375 0.16875 0.0140625 0.03671875
0 0.3453125 0.2640625 0.025 0.05390625
0 0.396875 0.32578125 0.04140625 0.0640625
0 0.390625 0.259375 0.025 0.0515625
0 0.3921875 0.2171875 0.01953125 0.04609375
0 0.4359375 0.2390625 0.028125 0.05234375
0 0.475 0.30625 0.021875 0.06328125
0 0.51328125 0.29296875 0.021875 0.0625
0 0.3125 0.103125 0.01171875 0.0328125
0 0.33046875 0.1140625 0.01328125 0.0234375
0 0.34765625 0.11328125 0.0125 0.03203125
0 0.359375 0.09453125 0.01640625 0.02734375
0 0.378125 0.14140625 0.01640625 0.0296875
0 0.3890625 0.11171875 0.01328125 0.02578125
0 0.41171875 0.0921875 0.0140625 0.02578125
0 0.41484375 0.11640625 0.01171875 0.0234375
0 0.42109375 0.15390625 0.01171875 0.0328125
0 0.4390625 0.175 0.0125 0.04140625
0 0.4375 0.13984375 0.00859375 0.028125
0 0.446875 0.11171875 0.01484375 0.0375
0 0.4671875 0.13359375 0.015625 0.04140625
0 0.465625 0.18671875 0.01875 0.04140625
0 0.49921875 0.1703125 0.0109375 0.03671875
0 0.51484375 0.21484375 0.02578125 0.04140625
0 0.52734375 0.18984375 0.0125 0.02265625
0 0.52734375 0.1640625 0.0125 0.03203125
0 0.51953125 0.13125 0.0109375 0.0234375
0 0.5328125 0.14375 0.009375 0.02421875
0 0.553125 0.1375 0.0109375 0.02421875
0 0.5484375 0.1640625 0.0140625 0.02734375
0 0.55234375 0.21953125 0.01640625 0.05078125
0 0.56484375 0.19296875 0.01484375 0.03359375
0 0.58671875 0.16953125 0.01484375 0.0375
0 0.590625 0.225 0.01484375 0.0328125
0 0.62421875 0.21953125 0.0140625 0.03203125
0 0.62109375 0.1953125 0.0171875 0.034375
0 0.66015625 0.21640625 0.015625 0.0375
0 0.6203125 0.31015625 0.0234375 0.05
0 0.6671875 0.284375 0.0203125 0.05390625
0 0.6875 0.22265625 0.01796875 0.03828125
0 0.7015625 0.259375 0.0234375 0.0390625
0 0.75 0.28203125 0.0171875 0.04375