0 0.10859375 0.2578125 0.028125 0.0578125
0 0.7578125 0.384375 0.0359375 0.06328125
0 0.70390625 0.30859375 0.03515625 0.06015625
0 0.80703125 0.28359375 0.0296875 0.04921875
0 0.91015625 0.35234375 0.03046875 0.05625
0 0.646875 0.25078125 0.025 0.04609375
0 0.70078125 0.25625 0.028125 0.0453125
0 0.7734375 0.24375 0.02421875 0.040625
0 0.74140625 0.23359375 0.02578125 0.0390625
0 0.6890625 0.22265625 0.025 0.0359375
0 0.60390625 0.22734375 0.02421875 0.0421875
0 0.41015625 0.25859375 0.0234375 0.04609375
0 0.384375 0.2296875 0.01875 0.04609375
0 0.36015625 0.2203125 0.01953125 0.0421875
0 0.3375 0.215625 0.01953125 0.0359375
0 0.296875 0.23359375 0.01640625 0.03359375
0 0.3515625 0.17421875 0.015625 0.03671875
0 0.4671875 0.20625 0.0203125 0.0390625
0 0.56484375 0.18125 0.02109375 0.03984375
0 0.9375 0.24765625 0.02109375 0.03984375
0 0.84453125 0.25 0.02421875 0.0453125
0 0.8890625 0.23125 0.021875 0.03984375
0 0.80859375 0.203125 0.021875 0.03515625
0 0.94375 0.20703125 0.0171875 0.03359375
0 0.95859375 0.18984375 0.01484375 0.03359375
0 0.91796875 0.18125 0.01640625 0.03203125
0 0.90546875 0.21875 0.01796875 0.0390625
0 0.878125 0.18125 0.01875 0.0359375
0 0.76796875 0.19453125 0.0203125 0.040625
0 0.840625 0.1734375 0.01796875 0.03359375
0 0.80859375 0.16796875 0.0171875 0.03046875
0 0.86328125 0.15234375 0.0140625 0.03359375
0 0.8421875 0.13671875 0.01640625 0.0296875
0 0.81171875 0.13671875 0.0140625 0.02421875
0 0.7953125 0.1484375 0.01328125 0.0296875
0 0.7671875 0.1328125 0.01484375 0.03125
0 0.7234375 0.1796875 0.01953125 0.03671875
0 0.7453125 0.17109375 0.0203125 0.03515625
0 0.7421875 0.140625 0.01796875 0.02578125
0 0.67734375 0.17890625 0.01953125 0.03359375
0 0.715625 0.11171875 0.01484375 0.028125
0 0.69296875 0.10703125 0.0140625 0.0203125
0 0.6328125 0.20859375 0.0234375 0.0375
0 0.6421875 0.1515625 0.01796875 0.03046875
0 0.67109375 0.11953125 0.01328125 0.02578125
0 0.6140625 0.1578125 0.01640625 0.0375
0 0.58359375 0.1359375 0.01640625 0.0296875
0 0.64765625 0.11640625 0.01328125 0.02578125
0 0.53046875 0.17421875 0.0171875 0.0328125
0 0.5046875 0.18125 0.01640625 0.0328125
0 0.5578125 0.13671875 0.0140625 0.028125
0 0.53671875 0.1296875 0.0171875 0.03046875
0 0.4515625 0.1546875 0.01640625 0.028125
0 0.43046875 0.15859375 0.015625 0.02890625
0 0.44921875 0.1953125 0.01640625 0.03125
0 0.4109375 0.16171875 0.01484375 0.03125
0 0.39921875 0.20625 0.01640625 0.0359375