0 0.38828125 0.415625 0.0671875 0.12265625
0 0.765625 0.3484375 0.03828125 0.0765625
0 0.9140625 0.3515625 0.0546875 0.078125
0 0.6953125 0.3140625 0.0375 0.07734375
0 0.8 0.2875 0.028125 0.07421875
0 0.83203125 0.24921875 0.025 0.05546875
0 0.93046875 0.2515625 0.0234375 0.053125
0 0.8984375 0.23125 0.02421875 0.05078125
0 0.68984375 0.2515625 0.02890625 0.05390625
0 0.63671875 0.2484375 0.02890625 0.065625
0 0.590625 0.2203125 0.03125 0.059375
0 0.7359375 0.2328125 0.0265625 0.05546875
0 0.80078125 0.20390625 0.02421875 0.04609375
0 0.440625 0.23984375 0.0234375 0.05859375
0 0.4640625 0.20390625 0.02265625 0.06328125
0 0.3859375 0.25546875 0.02421875 0.0515625
0 0.6609375 0.175 0.025 0.04375
0 0.7171875 0.17890625 0.02265625 0.04609375
0 0.75625 0.1921875 0.02578125 0.04375
0 0.7953125 0.16328125 0.0203125 0.03515625
0 0.83359375 0.1703125 0.01796875 0.04140625
0 0.7453125 0.15859375 0.021875 0.04375
0 0.55625 0.18125 0.021875 0.05
0 0.52421875 0.1734375 0.0203125 0.04453125
0 0.49140625 0.178125 0.0234375 0.04375
0 0.37265625 0.22421875 0.02109375 0.04609375
0 0.346875 0.21328125 0.025 0.040625
0 0.34296875 0.16875 0.01875 0.04375
0 0.37890625 0.1625 0.0171875 0.034375
0 0.325 0.2109375 0.01953125 0.04453125
0 0.2953125 0.21953125 0.01796875 0.046875
0 0.271875 0.2234375 0.02265625 0.04453125
0 0.640625 0.15234375 0.0171875 0.03984375
0 0.871875 0.1796875 0.01875 0.04453125
0 0.90234375 0.1765625 0.0203125 0.0359375
0 0.78046875 0.11875 0.02421875 0.03984375
0 0.809375 0.128125 0.01640625 0.03515625
0 0.91171875 0.14375 0.01953125 0.03125
0 0.58515625 0.16171875 0.02109375 0.0390625
0 0.7125 0.1078125 0.01796875 0.034375
0 0.54765625 0.12734375 0.021875 0.0359375
0 0.571875 0.13046875 0.01796875 0.03984375
0 0.41015625 0.16015625 0.01875 0.0328125
0 0.44296875 0.14453125 0.021875 0.03671875
0 0.48515625 0.14375 0.01875 0.03359375
0 0.61875 0.13359375 0.01640625 0.03671875