0 0.20625 0.4875 0.0546875 0.11953125
0 0.296875 0.465625 0.05390625 0.11796875
0 0.3046875 0.17734375 0.0234375 0.04609375
0 0.38359375 0.175 0.02421875 0.0390625
0 0.42109375 0.16328125 0.02109375 0.04296875
0 0.44921875 0.17421875 0.0234375 0.04296875
0 0.39921875 0.10703125 0.0140625 0.0375
0 0.478125 0.18671875 0.0234375 0.040625
0 0.49609375 0.15703125 0.0203125 0.040625
0 0.51796875 0.15546875 0.01796875 0.0359375
0 0.53828125 0.1640625 0.01875 0.0390625
0 0.57109375 0.16328125 0.01953125 0.04453125
0 0.76328125 0.11953125 0.025 0.0390625