0 0.065625 0.1671875 0.01171875 0.025
0 0.05859375 0.2046875 0.0140625 0.03125
0 0.096875 0.215625 0.015625 0.04375
0 0.103125 0.1984375 0.0140625 0.04296875
0 0.12421875 0.17265625 0.015625 0.034375
0 0.1578125 0.159375 0.01484375 0.04296875
0 0.17265625 0.18984375 0.01328125 0.03359375
0 0.19765625 0.1765625 0.015625 0.034375
0 0.2078125 0.15703125 0.0125 0.034375
0 0.21875 0.128125 0.01640625 0.03125
0 0.2421875 0.13671875 0.01484375 0.02734375
0 0.2421875 0.16640625 0.0171875 0.02890625
0 0.20546875 0.21015625 0.0171875 0.04375
0 0.13984375 0.19453125 0.01640625 0.0375
0 0.27890625 0.15625 0.01640625 0.0265625
0 0.28359375 0.18359375 0.0203125 0.03828125
0 0.3359375 0.18671875 0.01796875 0.03984375
0 0.24375 0.196875 0.0171875 0.03671875
0 0.265625 0.184375 0.01640625 0.03203125
0 0.16015625 0.2234375 0.015625 0.040625
0 0.11484375 0.2359375 0.015625 0.03984375
0 0.06953125 0.25 0.01640625 0.0359375
0 0.075 0.3203125 0.0265625 0.0546875
0 0.121875 0.271875 0.02265625 0.04921875
0 0.153125 0.30703125 0.02578125 0.0578125
0 0.17734375 0.265625 0.0234375 0.04921875
0 0.2546875 0.265625 0.02421875 0.0515625
0 0.371875 0.21875 0.0203125 0.0421875
0 0.38984375 0.2484375 0.025 0.05625
0 0.44140625 0.275 0.02421875 0.05390625
0 0.37109375 0.28984375 0.028125 0.05859375
0 0.34140625 0.38046875 0.03203125 0.06953125
0 0.2515625 0.453125 0.0609375 0.1234375
0 0.296875 0.1171875 0.01640625 0.0359375
0 0.31875 0.1265625 0.0125 0.03046875
0 0.34453125 0.11015625 0.01328125 0.03203125
0 0.40078125 0.1078125 0.0125 0.02109375
0 0.378125 0.1015625 0.01015625 0.01875
0 0.3953125 0.1296875 0.0140625 0.0265625
0 0.37578125 0.12421875 0.01171875 0.02109375
0 0.3796875 0.1484375 0.0140625 0.02734375
0 0.39765625 0.16328125 0.01796875 0.03203125
0 0.4234375 0.1421875 0.0140625 0.034375
0 0.43828125 0.13203125 0.0109375 0.02578125
0 0.50234375 0.12265625 0.01171875 0.028125
0 0.4640625 0.1625 0.015625 0.025
0 0.465625 0.196875 0.01953125 0.03671875
0 0.4453125 0.16875 0.015625 0.0390625
0 0.5015625 0.225 0.01953125 0.0453125
0 0.525 0.18046875 0.01796875 0.0421875
0 0.53515625 0.1640625 0.015625 0.0359375
0 0.5734375 0.165625 0.01484375 0.03203125
0 0.584375 0.16640625 0.01640625 0.0328125
0 0.62109375 0.19765625 0.02265625 0.0390625
0 0.53984375 0.21875 0.01875 0.040625
0 0.5671875 0.21015625 0.01640625 0.03671875
0 0.58125 0.20546875 0.015625 0.0390625
0 0.58515625 0.2640625 0.01953125 0.0421875
0 0.609375 0.240625 0.0140625 0.034375