0 0.165625 0.4734375 0.059375 0.0578125
0 0.88359375 0.41953125 0.0296875 0.08125
0 0.8265625 0.35859375 0.03359375 0.06875
0 0.8828125 0.29609375 0.02734375 0.05625
0 0.83359375 0.28671875 0.02890625 0.0546875
0 0.8515625 0.2609375 0.02265625 0.04921875
0 0.871875 0.23046875 0.01875 0.04609375
0 0.9171875 0.2734375 0.0171875 0.0546875
0 0.915625 0.2265625 0.0171875 0.04296875
0 0.88671875 0.1875 0.0171875 0.0390625
0 0.8921875 0.15078125 0.0140625 0.03984375
0 0.9015625 0.1359375 0.0140625 0.02734375
0 0.928125 0.1578125 0.0140625 0.025
0 0.91875 0.20234375 0.01484375 0.03359375
0 0.86796875 0.12578125 0.015625 0.0234375
0 0.86015625 0.14765625 0.0140625 0.02734375
0 0.84921875 0.15625 0.01640625 0.034375
0 0.8421875 0.18203125 0.01484375 0.02578125
0 0.821875 0.20390625 0.01875 0.0359375
0 0.80859375 0.24921875 0.02109375 0.0484375
0 0.76484375 0.29453125 0.034375 0.0578125
0 0.746875 0.2390625 0.025 0.05859375
0 0.728125 0.18046875 0.0171875 0.03515625
0 0.74453125 0.13671875 0.0109375 0.025
0 0.77109375 0.21015625 0.021875 0.040625
0 0.79453125 0.184375 0.015625 0.0359375
0 0.77734375 0.17421875 0.01640625 0.034375
0 0.75390625 0.17265625 0.01640625 0.03515625
0 0.81171875 0.159375 0.01328125 0.028125
0 0.82578125 0.12109375 0.01484375 0.025
0 0.8046875 0.121875 0.0171875 0.025
0 0.78203125 0.109375 0.01328125 0.0265625
0 0.740625 0.10625 0.0171875 0.0234375
0 0.7171875 0.1578125 0.015625 0.03046875
0 0.690625 0.1609375 0.0140625 0.02109375
0 0.678125 0.1921875 0.021875 0.04609375
0 0.65390625 0.225 0.0140625 0.0453125
0 0.66796875 0.25234375 0.02109375 0.05
0 0.62578125 0.3078125 0.03125 0.05859375
0 0.59375 0.24765625 0.0296875 0.03828125
0 0.6015625 0.209375 0.021875 0.0375
0 0.55703125 0.23515625 0.025 0.040625
0 0.540625 0.29765625 0.021875 0.05859375
0 0.69140625 0.1078125 0.015625 0.02421875
0 0.66328125 0.10078125 0.01328125 0.0296875
0 0.66796875 0.12421875 0.0140625 0.0265625
0 0.63671875 0.11171875 0.009375 0.021875
0 0.64375 0.090625 0.01171875 0.02890625
0 0.640625 0.1359375 0.0140625 0.02578125
0 0.62578125 0.15 0.0140625 0.02890625
0 0.60859375 0.134375 0.01171875 0.0359375
0 0.60703125 0.1015625 0.00859375 0.0296875
0 0.58515625 0.1234375 0.015625 0.03515625
0 0.578125 0.16484375 0.01640625 0.034375
0 0.54375 0.16171875 0.0140625 0.02734375
0 0.5546875 0.14375 0.01171875 0.02578125
0 0.54140625 0.1296875 0.0109375 0.02578125
0 0.553125 0.10703125 0.01484375 0.0328125
0 0.5171875 0.15 0.01328125 0.034375
0 0.51015625 0.18359375 0.01953125 0.03203125
0 0.49609375 0.15703125 0.01328125 0.0328125
0 0.50546875 0.13125 0.01328125 0.03046875
0 0.4828125 0.1359375 0.0109375 0.0296875
0 0.46484375 0.1609375 0.01484375 0.02578125
0 0.4421875 0.14765625 0.01171875 0.025
0 0.45 0.203125 0.01328125 0.02578125
0 0.4625 0.23046875 0.015625 0.0328125
0 0.4078125 0.190625 0.0140625 0.03125
0 0.3984375 0.2359375 0.02109375 0.0375
0 0.39453125 0.2796875 0.02578125 0.04453125
0 0.36484375 0.25390625 0.01875 0.03984375
0 0.3484375 0.2078125 0.0203125 0.03359375
0 0.3296875 0.2046875 0.01328125 0.02421875
0 0.34453125 0.2453125 0.01640625 0.05078125
0 0.3203125 0.2671875 0.02109375 0.0421875
0 0.29140625 0.2625 0.02265625 0.03828125