0 0.97265625 0.39921875 0.02890625 0.06953125
0 0.76484375 0.33671875 0.01953125 0.0453125
0 0.71015625 0.2984375 0.01796875 0.0375
0 0.734375 0.33984375 0.02109375 0.0484375
0 0.71015625 0.3640625 0.02421875 0.053125
0 0.65703125 0.3609375 0.025 0.05859375
0 0.63671875 0.2875 0.01796875 0.04296875
0 0.621875 0.321875 0.0203125 0.04140625
0 0.60703125 0.33984375 0.02109375 0.04609375
0 0.58125 0.340625 0.02265625 0.0484375
0 0.5390625 0.3421875 0.03203125 0.04921875
0 0.58671875 0.29765625 0.0203125 0.0375
0 0.59140625 0.27421875 0.01484375 0.03203125
0 0.60625 0.26015625 0.01796875 0.03984375
0 0.5640625 0.27890625 0.01953125 0.0375
0 0.56953125 0.259375 0.0171875 0.028125
0 0.5328125 0.24375 0.015625 0.034375
0 0.52109375 0.23046875 0.0140625 0.02734375
0 0.51953125 0.30234375 0.0203125 0.0390625
0 0.471875 0.31640625 0.0234375 0.05546875
0 0.4984375 0.26796875 0.02421875 0.04140625
0 0.47578125 0.27265625 0.01953125 0.0421875
0 0.4734375 0.2421875 0.01640625 0.034375
0 0.45625 0.25859375 0.01953125 0.0390625
0 0.43984375 0.225 0.01796875 0.03046875
0 0.43515625 0.28125 0.02265625 0.0375
0 0.4296875 0.25390625 0.01953125 0.03515625
0 0.415625 0.22109375 0.01953125 0.04296875
0 0.3859375 0.21875 0.01640625 0.03515625
0 0.378125 0.1984375 0.01328125 0.02734375
0 0.3609375 0.2125 0.01484375 0.02578125
0 0.34453125 0.24453125 0.01796875 0.034375
0 0.37890625 0.24609375 0.01640625 0.03125
0 0.334375 0.21484375 0.01796875 0.034375
0 0.31953125 0.22421875 0.0171875 0.03203125
0 0.3 0.2265625 0.01640625 0.0359375
0 0.31484375 0.26484375 0.02109375 0.0453125
0 0.35859375 0.2984375 0.021875 0.0484375
0 0.39375 0.328125 0.02578125 0.053125
0 0.33984375 0.3265625 0.02578125 0.0453125
0 0.45078125 0.365625 0.02890625 0.0546875
0 0.4921875 0.3875 0.03125 0.07109375
0 0.44609375 0.4046875 0.03359375 0.06484375
0 0.38046875 0.37578125 0.03515625 0.0546875
0 0.38046875 0.428125 0.03671875 0.05859375
0 0.32109375 0.45390625 0.03515625 0.0796875
0 0.27421875 0.50625 0.04140625 0.08203125
0 0.3296875 0.3671875 0.03359375 0.06015625
0 0.30078125 0.34609375 0.0265625 0.05
0 0.253125 0.39375 0.03046875 0.05703125
0 0.28671875 0.2578125 0.02265625 0.0359375
0 0.26875 0.2890625 0.02109375 0.04296875
0 0.2546875 0.24921875 0.01796875 0.04140625
0 0.2453125 0.21875 0.0140625 0.03359375
0 0.20546875 0.2265625 0.01875 0.0359375
0 0.2265625 0.2484375 0.0171875 0.03359375
0 0.22421875 0.2796875 0.02109375 0.0421875
0 0.17890625 0.2453125 0.01953125 0.03671875
0 0.14453125 0.25390625 0.01953125 0.03515625
0 0.1125 0.24375 0.01796875 0.034375
0 0.08828125 0.275 0.02109375 0.040625
0 0.1265625 0.259375 0.01796875 0.0359375
0 0.1328125 0.28515625 0.01875 0.03984375
0 0.05078125 0.27421875 0.01875 0.02734375
0 0.0515625 0.3109375 0.02109375 0.0359375
0 0.06015625 0.3484375 0.02265625 0.040625
0 0.10546875 0.309375 0.021875 0.03984375
0 0.11484375 0.34140625 0.02421875 0.053125
0 0.14140625 0.3125 0.01796875 0.04921875
0 0.171875 0.3015625 0.02265625 0.0421875
0 0.1734375 0.3609375 0.03203125 0.05859375
0 0.128125 0.415625 0.03203125 0.059375
0 0.06953125 0.3875 0.025 0.06171875
0 0.08203125 0.46796875 0.02890625 0.0671875
0 0.20390625 0.409375 0.02734375 0.06875
0 0.1578125 0.4984375 0.03671875 0.0890625
0 0.14296875 0.44921875 0.0328125 0.075