0 0.7890625 0.35078125 0.0390625 0.0953125
0 0.6859375 0.2328125 0.01796875 0.03828125
0 0.675 0.19921875 0.01796875 0.03671875
0 0.6515625 0.2046875 0.0140625 0.0359375
0 0.58515625 0.19375 0.0203125 0.03359375
0 0.55390625 0.2109375 0.01640625 0.03984375
0 0.5171875 0.21875 0.01953125 0.04765625
0 0.5734375 0.17421875 0.015625 0.03125
0 0.57734375 0.146875 0.015625 0.03046875
0 0.54296875 0.175 0.01875 0.03515625
0 0.53984375 0.14140625 0.009375 0.021875
0 0.52734375 0.13515625 0.015625 0.0296875
0 0.50390625 0.12265625 0.01640625 0.025
0 0.49453125 0.146875 0.01328125 0.03125
0 0.515625 0.14453125 0.01328125 0.028125
0 0.47578125 0.11875 0.01328125 0.0296875
0 0.471875 0.15703125 0.015625 0.03203125
0 0.45859375 0.1921875 0.0203125 0.04296875
0 0.4515625 0.16171875 0.0171875 0.03125
0 0.4609375 0.13828125 0.0125 0.02421875
0 0.45390625 0.121875 0.0140625 0.02890625
0 0.434375 0.15078125 0.015625 0.03515625
0 0.4078125 0.11171875 0.01171875 0.02890625
0 0.396875 0.11796875 0.01328125 0.03125
0 0.40546875 0.15 0.01328125 0.03125
0 0.35703125 0.09453125 0.01015625 0.01953125
0 0.340625 0.103125 0.009375 0.03046875
0 0.36015625 0.115625 0.0125 0.02890625
0 0.33203125 0.11640625 0.0109375 0.03125
0 0.371875 0.13984375 0.0125 0.028125
0 0.36015625 0.14921875 0.01328125 0.03203125
0 0.3296875 0.16875 0.01953125 0.03984375
0 0.3140625 0.12265625 0.01640625 0.02890625
0 0.30078125 0.12265625 0.015625 0.0359375
0 0.27265625 0.1390625 0.015625 0.03671875
0 0.2875 0.1609375 0.015625 0.03203125
0 0.353125 0.19140625 0.0203125 0.0515625
0 0.33203125 0.21171875 0.02109375 0.040625
0 0.4046875 0.234375 0.02265625 0.04765625
0 0.36171875 0.24453125 0.025 0.04296875
0 0.48203125 0.26640625 0.02734375 0.0484375
0 0.41328125 0.2828125 0.0265625 0.053125
0 0.3703125 0.296875 0.03125 0.05859375
0 0.30625 0.30625 0.03125 0.0609375
0 0.3125 0.259375 0.02421875 0.05234375
0 0.275 0.22578125 0.0265625 0.0546875
0 0.25390625 0.165625 0.01640625 0.03046875
0 0.24375 0.125 0.0140625 0.0390625
0 0.2296875 0.12109375 0.01484375 0.02109375
0 0.2125 0.1359375 0.015625 0.0359375
0 0.23203125 0.14453125 0.01640625 0.028125
0 0.2296875 0.18203125 0.015625 0.05
0 0.19453125 0.15625 0.01484375 0.0375
0 0.153125 0.15078125 0.01875 0.04296875
0 0.128125 0.153125 0.0140625 0.040625
0 0.11796875 0.1515625 0.01328125 0.03515625
0 0.08046875 0.15703125 0.0140625 0.03515625
0 0.05625 0.165625 0.0140625 0.04296875
0 0.090625 0.16640625 0.0171875 0.03359375
0 0.16796875 0.171875 0.0140625 0.040625
0 0.18515625 0.190625 0.015625 0.03671875
0 0.20546875 0.1984375 0.01796875 0.05
0 0.15625 0.209375 0.01796875 0.0359375
0 0.14453125 0.19296875 0.0140625 0.03828125
0 0.1328125 0.1921875 0.015625 0.0296875
0 0.10234375 0.190625 0.01796875 0.034375
0 0.05703125 0.2125 0.01640625 0.0296875
0 0.06875 0.2375 0.0234375 0.0359375
0 0.109375 0.22421875 0.0234375 0.04453125
0 0.06796875 0.28046875 0.0265625 0.0578125
0 0.178125 0.24296875 0.02109375 0.053125
0 0.14453125 0.296875 0.02578125 0.05859375
0 0.19375 0.27421875 0.028125 0.06796875
0 0.23671875 0.32265625 0.0328125 0.07890625
0 0.165625 0.35390625 0.03359375 0.07734375
0 0.09296875 0.3796875 0.028125 0.06640625
0 0.12734375 0.2859375 0.028125 0.0546875
0 0.40703125 0.16796875 0.02109375 0.0375
0 0.51953125 0.1890625 0.02109375 0.04296875
0 0.37890625 0.10078125 0.0109375 0.025