0 0.203125 0.3578125 0.04453125 0.08046875
0 0.82734375 0.35234375 0.03203125 0.06328125
0 0.91484375 0.32265625 0.02265625 0.04921875
0 0.9296875 0.29375 0.01953125 0.04765625
0 0.925 0.24375 0.0140625 0.0390625
0 0.871875 0.265625 0.0265625 0.04375
0 0.8484375 0.29765625 0.02265625 0.046875
0 0.784375 0.26640625 0.0203125 0.04765625
0 0.7484375 0.328125 0.02890625 0.05703125
0 0.8140625 0.2734375 0.0140625 0.06015625
0 0.88515625 0.2234375 0.02734375 0.0453125
0 0.84140625 0.2140625 0.01484375 0.03828125
0 0.85703125 0.20703125 0.01484375 0.0375
0 0.8640625 0.1671875 0.01171875 0.03359375
0 0.87734375 0.14765625 0.015625 0.0265625
0 0.91484375 0.15078125 0.01171875 0.02109375
0 0.909375 0.16484375 0.01328125 0.01171875
0 0.90546875 0.18203125 0.01015625 0.03359375
0 0.88984375 0.18359375 0.01484375 0.034375
0 0.94140625 0.19765625 0.02265625 0.028125
0 0.93359375 0.22421875 0.01953125 0.03046875
0 0.93984375 0.165625 0.01015625 0.028125
0 0.8453125 0.153125 0.0171875 0.02578125
0 0.83046875 0.1703125 0.02421875 0.03046875
0 0.81171875 0.18671875 0.01328125 0.02578125
0 0.79296875 0.1953125 0.01484375 0.0359375
0 0.77890625 0.17890625 0.0203125 0.0453125
0 0.7953125 0.1453125 0.01328125 0.02421875
0 0.78515625 0.13125 0.01171875 0.021875
0 0.7625 0.11875 0.009375 0.0203125
0 0.76640625 0.1421875 0.01796875 0.02265625
0 0.7453125 0.16953125 0.0171875 0.0328125
0 0.72265625 0.1375 0.01875 0.02890625
0 0.7109375 0.15703125 0.01328125 0.02890625
0 0.72734375 0.21875 0.0203125 0.05625
0 0.70234375 0.21171875 0.01484375 0.05078125
0 0.66015625 0.17890625 0.0203125 0.0375
0 0.67109375 0.21015625 0.01875 0.04375
0 0.63671875 0.1953125 0.01875 0.0390625
0 0.6734375 0.26796875 0.02421875 0.04609375
0 0.675 0.3328125 0.025 0.0578125
0 0.63203125 0.284375 0.02734375 0.0671875
0 0.62578125 0.24921875 0.025 0.04453125
0 0.59765625 0.23203125 0.02265625 0.0453125
0 0.584375 0.2765625 0.0234375 0.05390625
0 0.51484375 0.2734375 0.03203125 0.06015625
0 0.71328125 0.11875 0.01015625 0.0203125
0 0.6875 0.12421875 0.015625 0.034375
0 0.678125 0.11796875 0.009375 0.01953125
0 0.66640625 0.1109375 0.00859375 0.0328125
0 0.6578125 0.10546875 0.00859375 0.0328125
0 0.63046875 0.09609375 0.01171875 0.0296875
0 0.640625 0.1109375 0.0046875 0.025
0 0.61171875 0.09296875 0.0125 0.0234375
0 0.58671875 0.10390625 0.01953125 0.02578125
0 0.60234375 0.11875 0.0125 0.01875
0 0.653125 0.13671875 0.01484375 0.021875
0 0.625 0.14609375 0.0109375 0.03046875
0 0.60078125 0.13515625 0.0125 0.02890625
0 0.5765625 0.13046875 0.02265625 0.0296875
0 0.54921875 0.11640625 0.0109375 0.02109375
0 0.54375 0.1375 0.01875 0.02890625
0 0.51953125 0.13203125 0.01484375 0.02265625
0 0.5109375 0.11328125 0.0171875 0.02109375
0 0.50078125 0.12734375 0.01328125 0.03359375
0 0.50546875 0.14765625 0.0109375 0.0296875
0 0.5203125 0.15234375 0.01171875 0.03671875
0 0.546875 0.17890625 0.01171875 0.03515625
0 0.5859375 0.1625 0.0171875 0.0265625
0 0.50546875 0.209375 0.01796875 0.03515625
0 0.475 0.15234375 0.0125 0.034375
0 0.45859375 0.14296875 0.01015625 0.03203125
0 0.41640625 0.15390625 0.009375 0.02890625
0 0.44140625 0.16484375 0.0109375 0.0296875
0 0.4609375 0.17734375 0.01796875 0.03984375
0 0.45078125 0.20625 0.0140625 0.0390625
0 0.47578125 0.184375 0.02109375 0.03828125
0 0.41015625 0.2015625 0.01484375 0.034375
0 0.35390625 0.2 0.02109375 0.040625
0 0.31953125 0.1859375 0.0234375 0.03671875
0 0.31328125 0.23125 0.015625 0.04453125