0 0.78984375 0.346875 0.05546875 0.103125
0 0.32890625 0.33046875 0.0359375 0.0578125
0 0.23359375 0.28203125 0.0265625 0.06171875
0 0.28046875 0.290625 0.03046875 0.0765625
0 0.07890625 0.27109375 0.02421875 0.04453125
0 0.1296875 0.2234375 0.02890625 0.046875
0 0.0984375 0.221875 0.01875 0.05546875
0 0.08203125 0.20546875 0.0203125 0.05078125
0 0.06796875 0.1546875 0.021875 0.040625
0 0.1 0.13125 0.01328125 0.025
0 0.1015625 0.16171875 0.01875 0.03515625
0 0.12890625 0.14765625 0.0171875 0.03671875
0 0.14375 0.15390625 0.02734375 0.0453125
0 0.15390625 0.1921875 0.021875 0.05234375
0 0.19921875 0.178125 0.01640625 0.04453125
0 0.17734375 0.17109375 0.01875 0.0359375
0 0.16875 0.13984375 0.01875 0.03046875
0 0.190625 0.1234375 0.01640625 0.03515625
0 0.19765625 0.1390625 0.0265625 0.02890625
0 0.23046875 0.12578125 0.0125 0.028125
0 0.2375 0.1796875 0.02109375 0.034375
0 0.259375 0.20078125 0.01796875 0.05078125
0 0.271875 0.17109375 0.0296875 0.04296875
0 0.28046875 0.13359375 0.01484375 0.03046875
0 0.2484375 0.12890625 0.0140625 0.04296875
0 0.26328125 0.1203125 0.0171875 0.05390625
0 0.246875 0.1 0.0140625 0.0515625
0 0.296875 0.2109375 0.02265625 0.04375
0 0.2953125 0.17421875 0.01640625 0.03515625
0 0.31640625 0.15859375 0.0171875 0.04296875
0 0.33515625 0.20546875 0.02578125 0.04765625
0 0.33671875 0.25703125 0.02421875 0.05078125
0 0.39765625 0.3328125 0.02734375 0.065625
0 0.39296875 0.2484375 0.01953125 0.04921875
0 0.39375 0.203125 0.01953125 0.04609375
0 0.4328125 0.23515625 0.01796875 0.04140625
0 0.4546875 0.296875 0.02421875 0.0609375
0 0.5078125 0.29921875 0.0203125 0.05546875
0 0.31171875 0.09453125 0.0171875 0.040625
0 0.3296875 0.11875 0.0140625 0.04453125
0 0.35859375 0.109375 0.025 0.03125
0 0.38203125 0.10859375 0.025 0.03984375
0 0.41328125 0.09765625 0.0140625 0.02421875
0 0.37578125 0.15 0.01796875 0.05078125
0 0.39296875 0.13125 0.01875 0.025
0 0.4203125 0.13125 0.0140625 0.028125
0 0.4359375 0.10859375 0.01796875 0.03046875
0 0.4296875 0.1609375 0.01796875 0.02421875
0 0.440625 0.1453125 0.02578125 0.0375
0 0.4609375 0.16875 0.01796875 0.0375
0 0.46953125 0.13359375 0.0234375 0.0359375
0 0.4765625 0.20078125 0.01796875 0.05078125
0 0.4984375 0.190625 0.01796875 0.0375
0 0.52734375 0.16328125 0.01953125 0.0265625
0 0.52265625 0.15390625 0.01171875 0.0453125
0 0.5125 0.13203125 0.0125 0.03359375
0 0.54453125 0.14609375 0.021875 0.03046875
0 0.53359375 0.2046875 0.01953125 0.03984375
0 0.54296875 0.171875 0.01875 0.0375
0 0.55703125 0.190625 0.0171875 0.04296875
0 0.5765625 0.175 0.01796875 0.03359375
0 0.5765625 0.21328125 0.0125 0.03203125
0 0.5484375 0.2140625 0.01953125 0.025
0 0.571875 0.27421875 0.01640625 0.028125
0 0.61875 0.19765625 0.025 0.02890625
0 0.6171875 0.225 0.0171875 0.04375
0 0.64296875 0.24375 0.01171875 0.04609375
0 0.65 0.21015625 0.01796875 0.0234375
0 0.6734375 0.21328125 0.0203125 0.0296875
0 0.66015625 0.2796875 0.0171875 0.0578125
0 0.68515625 0.27109375 0.015625 0.05
0 0.70078125 0.240625 0.0171875 0.0390625