0 0.19609375 0.4421875 0.0453125 0.08984375
0 0.0484375 0.26015625 0.01640625 0.0421875
0 0.08828125 0.2296875 0.01484375 0.02890625
0 0.1015625 0.2359375 0.00859375 0.028125
0 0.89296875 0.403125 0.03203125 0.0796875
0 0.90703125 0.346875 0.021875 0.06328125
0 0.92890625 0.30234375 0.021875 0.0515625
0 0.93359375 0.22265625 0.0140625 0.06015625
0 0.9109375 0.10390625 0.009375 0.05
0 0.88359375 0.240625 0.01484375 0.04453125
0 0.86484375 0.275 0.015625 0.04609375
0 0.84296875 0.3015625 0.02109375 0.0625
0 0.8234375 0.38984375 0.0296875 0.05546875
0 0.74609375 0.3828125 0.0265625 0.05703125
0 0.784375 0.315625 0.02265625 0.05703125
0 0.75625 0.3046875 0.0171875 0.0484375
0 0.76171875 0.24375 0.015625 0.053125
0 0.7984375 0.21328125 0.01875 0.06015625
0 0.8109375 0.2578125 0.02109375 0.046875
0 0.80546875 0.14453125 0.01484375 0.0484375
0 0.79140625 0.13125 0.01171875 0.03203125
0 0.75859375 0.1296875 0.01171875 0.03359375
0 0.74765625 0.165625 0.015625 0.0359375
0 0.7515625 0.20390625 0.02109375 0.0296875
0 0.7 0.19453125 0.0171875 0.0421875
0 0.7078125 0.16015625 0.0203125 0.03046875
0 0.7109375 0.234375 0.015625 0.0421875
0 0.67265625 0.28359375 0.02421875 0.05703125
0 0.64453125 0.3296875 0.0328125 0.05703125
0 0.609375 0.2828125 0.01875 0.05625
0 0.60703125 0.23359375 0.0125 0.04765625
0 0.6171875 0.20546875 0.0140625 0.040625
0 0.66953125 0.175 0.0234375 0.04453125
0 0.58671875 0.23515625 0.0265625 0.0375
0 0.571875 0.26328125 0.025 0.0578125
0 0.48671875 0.240625 0.02265625 0.04921875
0 0.70234375 0.1140625 0.0140625 0.03359375
0 0.6875 0.11796875 0.01015625 0.028125
0 0.6546875 0.13203125 0.0109375 0.02578125
0 0.6515625 0.10546875 0.0125 0.02421875
0 0.61171875 0.109375 0.01484375 0.03203125
0 0.5828125 0.11015625 0.009375 0.02890625
0 0.56953125 0.12265625 0.0078125 0.025
0 0.59375 0.1390625 0.009375 0.0328125
0 0.63125 0.14375 0.0171875 0.02890625
0 0.5828125 0.1671875 0.01875 0.03125
0 0.5484375 0.14375 0.01015625 0.0234375
0 0.5765625 0.1375 0.01171875 0.02421875
0 0.52734375 0.140625 0.01328125 0.0296875
0 0.5078125 0.14375 0.01484375 0.02578125
0 0.53203125 0.19140625 0.02109375 0.0359375
0 0.54921875 0.16640625 0.01875 0.0265625
0 0.49140625 0.19765625 0.01796875 0.0296875
0 0.48359375 0.1734375 0.01640625 0.0328125
0 0.4828125 0.1421875 0.01015625 0.02578125
0 0.4703125 0.15234375 0.0171875 0.02734375
0 0.446875 0.15234375 0.01484375 0.04140625
0 0.4515625 0.2265625 0.02265625 0.04765625
0 0.434375 0.1703125 0.01640625 0.03515625
0 0.42578125 0.14453125 0.01328125 0.03046875
0 0.521875 0.075 0.0109375 0.03046875
0 0.42890625 0.25390625 0.02109375 0.05
0 0.40703125 0.1890625 0.021875 0.04140625
0 0.3859375 0.234375 0.0171875 0.03203125
0 0.37890625 0.18984375 0.02109375 0.02578125
0 0.34765625 0.19453125 0.0171875 0.03515625
0 0.3609375 0.221875 0.0203125 0.0421875
0 0.32890625 0.23828125 0.0203125 0.03125
0 0.3109375 0.234375 0.02109375 0.04375
0 0.29140625 0.2234375 0.0140625 0.04296875
0 0.32421875 0.18828125 0.0171875 0.04453125