0 0.796875 0.41484375 0.06640625 0.1265625
0 0.61640625 0.64140625 0.0859375 0.16953125
0 0.58671875 0.5203125 0.0578125 0.125
0 0.57421875 0.42890625 0.05703125 0.14375
0 0.696875 0.25 0.028125 0.06484375
0 0.80078125 0.228125 0.02734375 0.04921875
0 0.62265625 0.21328125 0.0296875 0.05625
0 0.6765625 0.1796875 0.02734375 0.01796875
0 0.53203125 0.2328125 0.03359375 0.06328125
0 0.49375 0.26640625 0.0265625 0.071875
0 0.44921875 0.1078125 0.03046875 0.05390625
0 0.39453125 0.128125 0.01796875 0.04609375
0 0.3703125 0.1234375 0.0109375 0.04140625
0 0.34765625 0.1015625 0.021875 0.0375
0 0.33046875 0.07421875 0.0265625 0.0453125
0 0.30703125 0.1375 0.0203125 0.04765625
0 0.41015625 0.11015625 0.01640625 0.0296875
0 0.434375 0.084375 0.03125 0.04140625