0 0.20078125 0.47890625 0.053125 0.0890625
0 0.6328125 0.29375 0.02890625 0.05390625
0 0.7953125 0.31015625 0.0296875 0.05
0 0.734375 0.2859375 0.02421875 0.05703125
0 0.675 0.265625 0.034375 0.04375
0 0.625 0.25078125 0.03125 0.0421875
0 0.578125 0.24609375 0.03359375 0.0421875
0 0.57109375 0.3015625 0.03125 0.06640625
0 0.49296875 0.32578125 0.028125 0.059375
0 0.6328125 0.20078125 0.02109375 0.05078125
0 0.68046875 0.2046875 0.02109375 0.03359375
0 0.71875 0.2046875 0.0203125 0.05625
0 0.7609375 0.18828125 0.01640625 0.0453125
0 0.740625 0.178125 0.0171875 0.0296875
0 0.70078125 0.1609375 0.01640625 0.0375
0 0.7265625 0.1484375 0.0234375 0.0375
0 0.70859375 0.10234375 0.0203125 0.02578125
0 0.75546875 0.11796875 0.01484375 0.03203125
0 0.7703125 0.1109375 0.01484375 0.01875
0 0.76875 0.1546875 0.0203125 0.0390625
0 0.83203125 0.13203125 0.01328125 0.02421875
0 0.85 0.1546875 0.009375 0.0390625
0 0.82109375 0.18125 0.015625 0.03671875
0 0.8703125 0.1875 0.01484375 0.0328125
0 0.9078125 0.19375 0.01640625 0.03671875
0 0.94453125 0.19453125 0.025 0.04609375
0 0.8953125 0.22421875 0.01640625 0.03671875
0 0.6515625 0.05703125 0.01640625 0.02421875
0 0.60859375 0.05703125 0.0140625 0.03359375
0 0.63203125 0.11171875 0.01640625 0.0328125
0 0.57421875 0.12265625 0.009375 0.02265625
0 0.54921875 0.12578125 0.01328125 0.03203125
0 0.54375 0.14296875 0.01015625 0.0234375
0 0.58984375 0.15625 0.01796875 0.04765625
0 0.5703125 0.15 0.00859375 0.02734375
0 0.4953125 0.13125 0.01640625 0.03515625
0 0.48359375 0.15 0.01015625 0.01796875
0 0.4625 0.15625 0.01328125 0.03125
0 0.434375 0.1671875 0.0109375 0.0296875
0 0.45546875 0.18828125 0.0140625 0.03125
0 0.4859375 0.18828125 0.01875 0.02265625
0 0.48125 0.21640625 0.0140625 0.03203125
0 0.45078125 0.221875 0.0203125 0.034375
0 0.4328125 0.2125 0.01484375 0.03125
0 0.38984375 0.2 0.01640625 0.04140625
0 0.434375 0.2796875 0.01875 0.053125
0 0.33828125 0.2734375 0.01640625 0.03125
0 0.3046875 0.23984375 0.0171875 0.03828125
0 0.3359375 0.253125 0.0203125 0.03046875
0 0.51015625 0.175 0.01328125 0.028125