0 0.29140625 0.31171875 0.04375 0.07421875
0 0.66875 0.2015625 0.01796875 0.04140625
0 0.61328125 0.1796875 0.015625 0.03203125
0 0.62421875 0.19765625 0.015625 0.0328125
0 0.57734375 0.1765625 0.01640625 0.03359375
0 0.56328125 0.1890625 0.015625 0.03359375
0 0.52109375 0.2171875 0.02109375 0.0390625
0 0.5296875 0.178125 0.01328125 0.03359375
0 0.54140625 0.15859375 0.01328125 0.0328125
0 0.55234375 0.1546875 0.01171875 0.03203125
0 0.515625 0.17265625 0.01796875 0.03046875
0 0.484375 0.18671875 0.02109375 0.040625
0 0.50625 0.15625 0.01484375 0.02578125
0 0.5171875 0.140625 0.01328125 0.02890625
0 0.47734375 0.13828125 0.0125 0.0328125
0 0.47265625 0.175 0.01875 0.03046875
0 0.44609375 0.13828125 0.0171875 0.03203125
0 0.4140625 0.1296875 0.015625 0.02734375
0 0.39921875 0.13515625 0.015625 0.02421875
0 0.4359375 0.16171875 0.0171875 0.0296875
0 0.421875 0.1625 0.01875 0.0359375
0 0.3953125 0.16171875 0.015625 0.0375
0 0.43828125 0.19140625 0.021875 0.03828125
0 0.4 0.2421875 0.03125 0.05546875
0 0.36953125 0.21484375 0.0265625 0.05234375
0 0.35234375 0.1609375 0.01796875 0.0390625
0 0.33671875 0.134375 0.015625 0.03515625
0 0.30703125 0.1359375 0.015625 0.02734375
0 0.2828125 0.128125 0.0125 0.02421875
0 0.3171875 0.121875 0.015625 0.03046875
0 0.3640625 0.15 0.0171875 0.03359375
0 0.3296875 0.23515625 0.02578125 0.05390625
0 0.33359375 0.19609375 0.01953125 0.04140625
0 0.3 0.25078125 0.0296875 0.05078125
0 0.28203125 0.2015625 0.01875 0.05
0 0.29921875 0.18671875 0.01640625 0.0375
0 0.26171875 0.153125 0.015625 0.0359375
0 0.2375 0.146875 0.015625 0.0375
0 0.25703125 0.1796875 0.02265625 0.04453125
0 0.1984375 0.22265625 0.02109375 0.05078125
0 0.21796875 0.1828125 0.01640625 0.04375
0 0.20234375 0.17890625 0.01796875 0.04140625
0 0.1828125 0.16484375 0.01796875 0.03046875
0 0.16953125 0.146875 0.01640625 0.03203125
0 0.13515625 0.1453125 0.01796875 0.03515625
0 0.10390625 0.15859375 0.015625 0.03203125
0 0.0859375 0.18671875 0.0171875 0.0359375
0 0.05390625 0.184375 0.01796875 0.0359375
0 0.05703125 0.22734375 0.0203125 0.04453125
0 0.10859375 0.23359375 0.021875 0.0421875
0 0.13359375 0.209375 0.01875 0.0421875
0 0.15546875 0.18671875 0.01640625 0.03515625
0 0.11796875 0.2765625 0.0203125 0.05625
0 0.175 0.19765625 0.02109375 0.05078125
0 0.3734375 0.1171875 0.01796875 0.02734375