0 0.0609375 0.30546875 0.0265625 0.06875
0 0.9296875 0.36875 0.021875 0.05625
0 0.9375 0.30703125 0.02265625 0.0546875
0 0.93046875 0.25703125 0.01953125 0.0453125
0 0.9375 0.22109375 0.01640625 0.03359375
0 0.93828125 0.19453125 0.01171875 0.0328125
0 0.940625 0.16953125 0.0125 0.028125
0 0.91015625 0.16328125 0.01328125 0.028125
0 0.89140625 0.15078125 0.0109375 0.02109375
0 0.86953125 0.16796875 0.01484375 0.028125
0 0.84140625 0.15234375 0.0125 0.02265625
0 0.853125 0.14765625 0.0109375 0.02734375
0 0.8546875 0.17265625 0.01640625 0.03046875
0 0.8828125 0.23203125 0.01484375 0.04296875
0 0.8671875 0.2484375 0.021875 0.0484375
0 0.8390625 0.22890625 0.01875 0.0390625
0 0.840625 0.203125 0.01640625 0.03046875
0 0.82890625 0.1765625 0.009375 0.025
0 0.7890625 0.15078125 0.0109375 0.02890625
0 0.81484375 0.14375 0.009375 0.028125
0 0.796875 0.128125 0.01328125 0.0296875
0 0.77890625 0.13671875 0.0109375 0.03046875
0 0.76015625 0.14375 0.01796875 0.0375
0 0.7328125 0.13203125 0.015625 0.02734375
0 0.7484375 0.1703125 0.01484375 0.034375
0 0.71328125 0.1578125 0.01484375 0.02734375
0 0.703125 0.1890625 0.015625 0.0453125
0 0.74765625 0.20078125 0.01953125 0.03125
0 0.7734375 0.23828125 0.01484375 0.0453125
0 0.79140625 0.21484375 0.01328125 0.03359375
0 0.78984375 0.278125 0.025 0.0484375
0 0.84140625 0.33359375 0.025 0.0578125
0 0.74140625 0.26171875 0.02578125 0.0546875
0 0.71640625 0.240625 0.02109375 0.04453125
0 0.6859375 0.2578125 0.01875 0.05078125
0 0.67265625 0.21171875 0.02109375 0.0421875
0 0.6515625 0.1859375 0.01875 0.03671875
0 0.61796875 0.20625 0.01796875 0.05234375
0 0.64375 0.2484375 0.025 0.0578125
0 0.5765625 0.278125 0.025 0.0578125
0 0.5703125 0.23828125 0.01875 0.03046875
0 0.7109375 0.10859375 0.01015625 0.03046875
0 0.68515625 0.1015625 0.015625 0.021875
0 0.67890625 0.1265625 0.0109375 0.0328125
0 0.66171875 0.0984375 0.009375 0.0203125
0 0.66171875 0.11953125 0.009375 0.0265625
0 0.6546875 0.1390625 0.01875 0.03046875
0 0.6390625 0.153125 0.01953125 0.03359375
0 0.63046875 0.115625 0.01171875 0.01875
0 0.60625 0.12265625 0.01171875 0.028125
0 0.61015625 0.10234375 0.01328125 0.02734375
0 0.5890625 0.1203125 0.01484375 0.03359375
0 0.5734375 0.11796875 0.0125 0.028125
0 0.5921875 0.1578125 0.0203125 0.03828125
0 0.5546875 0.17890625 0.01875 0.046875
0 0.5390625 0.13359375 0.0125 0.03515625
0 0.52734375 0.12578125 0.0125 0.02421875
0 0.49140625 0.13359375 0.0140625 0.0296875
0 0.46796875 0.13203125 0.009375 0.02734375
0 0.4796875 0.1484375 0.01015625 0.02734375
0 0.4890625 0.1703125 0.0125 0.03359375
0 0.5203125 0.18125 0.01796875 0.0390625
0 0.50546875 0.21875 0.0234375 0.05703125
0 0.47421875 0.20546875 0.01875 0.0359375
0 0.42421875 0.17421875 0.0125 0.0234375
0 0.42734375 0.14296875 0.0109375 0.0234375
0 0.40390625 0.159375 0.0125 0.028125
0 0.3921875 0.1578125 0.0109375 0.0171875
0 0.3859375 0.18828125 0.0140625 0.0328125
0 0.3671875 0.18984375 0.0140625 0.03671875
0 0.40625 0.23125 0.0203125 0.02890625
0 0.3875 0.234375 0.01484375 0.03046875
0 0.44375 0.25234375 0.021875 0.0328125
0 0.35703125 0.2328125 0.01796875 0.04765625
0 0.32734375 0.19609375 0.0140625 0.034375
0 0.26875 0.2234375 0.0109375 0.028125