0 0.80390625 0.4421875 0.0453125 0.08984375
0 0.9515625 0.26015625 0.01640625 0.0421875
0 0.91171875 0.2296875 0.01484375 0.02890625
0 0.8984375 0.2359375 0.00859375 0.028125
0 0.10703125 0.403125 0.03203125 0.0796875
0 0.09296875 0.346875 0.021875 0.06328125
0 0.07109375 0.30234375 0.021875 0.0515625
0 0.06640625 0.22265625 0.0140625 0.06015625
0 0.0890625 0.10390625 0.009375 0.05
0 0.11640625 0.240625 0.01484375 0.04453125
0 0.13515625 0.275 0.015625 0.04609375
0 0.15703125 0.3015625 0.02109375 0.0625
0 0.1765625 0.38984375 0.0296875 0.05546875
0 0.25390625 0.3828125 0.0265625 0.05703125
0 0.215625 0.315625 0.02265625 0.05703125
0 0.24375 0.3046875 0.0171875 0.0484375
0 0.23828125 0.24375 0.015625 0.053125
0 0.2015625 0.21328125 0.01875 0.06015625
0 0.1890625 0.2578125 0.02109375 0.046875
0 0.19453125 0.14453125 0.01484375 0.0484375
0 0.20859375 0.13125 0.01171875 0.03203125
0 0.24140625 0.1296875 0.01171875 0.03359375
0 0.25234375 0.165625 0.015625 0.0359375
0 0.2484375 0.20390625 0.02109375 0.0296875
0 0.3 0.19453125 0.0171875 0.0421875
0 0.2921875 0.16015625 0.0203125 0.03046875
0 0.2890625 0.234375 0.015625 0.0421875
0 0.32734375 0.28359375 0.02421875 0.05703125
0 0.35546875 0.3296875 0.0328125 0.05703125
0 0.390625 0.2828125 0.01875 0.05625
0 0.39296875 0.23359375 0.0125 0.04765625
0 0.3828125 0.20546875 0.0140625 0.040625
0 0.33046875 0.175 0.0234375 0.04453125
0 0.41328125 0.23515625 0.0265625 0.0375
0 0.428125 0.26328125 0.025 0.0578125
0 0.51328125 0.240625 0.02265625 0.04921875
0 0.29765625 0.1140625 0.0140625 0.03359375
0 0.3125 0.11796875 0.01015625 0.028125
0 0.3453125 0.13203125 0.0109375 0.02578125
0 0.3484375 0.10546875 0.0125 0.02421875
0 0.38828125 0.109375 0.01484375 0.03203125
0 0.4171875 0.11015625 0.009375 0.02890625
0 0.43046875 0.12265625 0.0078125 0.025
0 0.40625 0.1390625 0.009375 0.0328125
0 0.36875 0.14375 0.0171875 0.02890625
0 0.4171875 0.1671875 0.01875 0.03125
0 0.4515625 0.14375 0.01015625 0.0234375
0 0.4234375 0.1375 0.01171875 0.02421875
0 0.47265625 0.140625 0.01328125 0.0296875
0 0.4921875 0.14375 0.01484375 0.02578125
0 0.46796875 0.19140625 0.02109375 0.0359375
0 0.45078125 0.16640625 0.01875 0.0265625
0 0.50859375 0.19765625 0.01796875 0.0296875
0 0.51640625 0.1734375 0.01640625 0.0328125
0 0.5171875 0.1421875 0.01015625 0.02578125
0 0.5296875 0.15234375 0.0171875 0.02734375
0 0.553125 0.15234375 0.01484375 0.04140625
0 0.5484375 0.2265625 0.02265625 0.04765625
0 0.565625 0.1703125 0.01640625 0.03515625
0 0.57421875 0.14453125 0.01328125 0.03046875
0 0.478125 0.075 0.0109375 0.03046875
0 0.57109375 0.25390625 0.02109375 0.05
0 0.59296875 0.1890625 0.021875 0.04140625
0 0.6140625 0.234375 0.0171875 0.03203125
0 0.62109375 0.18984375 0.02109375 0.02578125
0 0.65234375 0.19453125 0.0171875 0.03515625
0 0.6390625 0.221875 0.0203125 0.0421875
0 0.67109375 0.23828125 0.0203125 0.03125
0 0.6890625 0.234375 0.02109375 0.04375
0 0.70859375 0.2234375 0.0140625 0.04296875
0 0.67578125 0.18828125 0.0171875 0.04453125