0 0.24140625 0.3953125 0.04921875 0.11015625
0 0.92890625 0.43125 0.0265625 0.0609375
0 0.90078125 0.371875 0.02109375 0.06171875
0 0.91640625 0.303125 0.0265625 0.0625
0 0.92734375 0.25078125 0.0234375 0.0453125
0 0.8984375 0.19375 0.015625 0.02265625
0 0.88671875 0.1984375 0.015625 0.0265625
0 0.87578125 0.22890625 0.01796875 0.03203125
0 0.8625 0.29765625 0.0234375 0.05078125
0 0.8453125 0.33046875 0.028125 0.0609375
0 0.80234375 0.2921875 0.02109375 0.0484375
0 0.8078125 0.2640625 0.02109375 0.05
0 0.82265625 0.2265625 0.01953125 0.04453125
0 0.84296875 0.20625 0.021875 0.04453125
0 0.8625 0.19375 0.0140625 0.0390625
0 0.82578125 0.17421875 0.0140625 0.025
0 0.80703125 0.1796875 0.01328125 0.03046875
0 0.80078125 0.20546875 0.01875 0.03984375
0 0.78203125 0.2203125 0.01328125 0.04765625
0 0.68125 0.34609375 0.028125 0.04765625
0 0.7078125 0.240625 0.02578125 0.06640625
0 0.76484375 0.19375 0.01640625 0.05078125
0 0.78515625 0.1421875 0.015625 0.03515625
0 0.7484375 0.1578125 0.015625 0.028125
0 0.734375 0.1375 0.015625 0.0265625
0 0.72578125 0.1828125 0.0171875 0.025
0 0.696875 0.19609375 0.02265625 0.0328125
0 0.66484375 0.21484375 0.025 0.03984375
0 0.63203125 0.20859375 0.02265625 0.04609375
0 0.61484375 0.24296875 0.01796875 0.0328125
0 0.65390625 0.284375 0.021875 0.06015625
0 0.628125 0.3015625 0.02890625 0.0640625
0 0.565625 0.29296875 0.021875 0.04375
0 0.56015625 0.2625 0.0265625 0.0390625
0 0.49140625 0.2875 0.028125 0.04453125
0 0.47265625 0.23515625 0.01953125 0.046875
0 0.54765625 0.1875 0.01796875 0.0375
0 0.671875 0.09296875 0.021875 0.028125
0 0.65 0.14609375 0.01875 0.03671875
0 0.61640625 0.14765625 0.01875 0.0328125
0 0.5890625 0.15859375 0.0265625 0.0328125
0 0.56015625 0.1546875 0.01875 0.04140625
0 0.54296875 0.134375 0.01484375 0.03125
0 0.5375 0.1453125 0.0109375 0.03125
0 0.51171875 0.14453125 0.015625 0.03125
0 0.51171875 0.17734375 0.015625 0.0390625
0 0.4859375 0.178125 0.021875 0.0296875
0 0.4859375 0.1515625 0.0171875 0.02109375
0 0.45859375 0.146875 0.01796875 0.02578125
0 0.44296875 0.146875 0.0078125 0.021875
0 0.44609375 0.21328125 0.0265625 0.034375
0 0.42265625 0.1875 0.0203125 0.04296875
0 0.409375 0.16328125 0.021875 0.01953125
0 0.40390625 0.21953125 0.0203125 0.04609375
0 0.33203125 0.21328125 0.0171875 0.04296875
0 0.30703125 0.24609375 0.02421875 0.053125