0 0.80078125 0.42421875 0.05703125 0.0828125
0 0.74296875 0.27109375 0.02109375 0.03984375
0 0.715625 0.25546875 0.01640625 0.0296875
0 0.59140625 0.2890625 0.02265625 0.0484375
0 0.621875 0.2765625 0.0296875 0.053125
0 0.6546875 0.28515625 0.01796875 0.04140625
0 0.6734375 0.275 0.01875 0.03515625
0 0.68828125 0.2609375 0.0140625 0.03046875
0 0.66640625 0.23359375 0.021875 0.0421875
0 0.6921875 0.228125 0.0140625 0.0359375
0 0.47421875 0.2828125 0.025 0.04609375
0 0.4390625 0.30703125 0.0296875 0.05078125
0 0.33046875 0.32109375 0.0265625 0.059375
0 0.2125 0.34296875 0.02890625 0.0609375
0 0.1359375 0.290625 0.0234375 0.04765625
0 0.08515625 0.26484375 0.03203125 0.04921875
0 0.1265625 0.24140625 0.0203125 0.04140625
0 0.1125 0.21953125 0.0171875 0.03984375
0 0.11015625 0.18984375 0.015625 0.03828125
0 0.11484375 0.153125 0.0125 0.03203125
0 0.14296875 0.18125 0.0234375 0.0390625
0 0.153125 0.209375 0.0171875 0.0421875
0 0.1703125 0.221875 0.0234375 0.04453125
0 0.215625 0.28515625 0.021875 0.0515625
0 0.28671875 0.2859375 0.02734375 0.059375
0 0.28984375 0.2265625 0.02734375 0.05078125
0 0.25078125 0.24375 0.0265625 0.05
0 0.25859375 0.20078125 0.01640625 0.0359375
0 0.2125 0.1890625 0.015625 0.0375
0 0.18984375 0.171875 0.0140625 0.0390625
0 0.1625 0.13828125 0.0140625 0.0359375
0 0.19609375 0.125 0.0203125 0.02890625
0 0.21328125 0.14765625 0.01484375 0.0296875
0 0.2296875 0.1796875 0.01640625 0.0359375
0 0.25078125 0.15546875 0.01484375 0.034375
0 0.26875 0.15703125 0.02109375 0.03984375
0 0.22890625 0.12421875 0.01953125 0.03515625
0 0.309375 0.16953125 0.028125 0.02890625
0 0.33515625 0.2265625 0.02109375 0.03046875
0 0.340625 0.27265625 0.021875 0.05625
0 0.36171875 0.26171875 0.01875 0.04140625
0 0.3703125 0.21640625 0.01796875 0.04609375
0 0.35234375 0.1765625 0.0265625 0.0421875
0 0.42421875 0.246875 0.02734375 0.04375
0 0.334375 0.121875 0.01875 0.0546875
0 0.35390625 0.109375 0.021875 0.04140625
0 0.37109375 0.1375 0.02265625 0.02734375
0 0.3890625 0.146875 0.01953125 0.0328125
0 0.40234375 0.16484375 0.01953125 0.025
0 0.39609375 0.1078125 0.02109375 0.04296875
0 0.415625 0.1265625 0.01484375 0.0296875
0 0.4453125 0.14609375 0.0203125 0.02890625
0 0.47265625 0.1484375 0.01640625 0.0359375
0 0.48125 0.13515625 0.01640625 0.0265625
0 0.49296875 0.1265625 0.01484375 0.0296875
0 0.45390625 0.1921875 0.01796875 0.0484375
0 0.48984375 0.19375 0.03046875 0.040625
0 0.525 0.16171875 0.0171875 0.03125
0 0.54921875 0.1578125 0.02109375 0.03671875
0 0.53515625 0.23046875 0.02578125 0.04296875
0 0.51875 0.19921875 0.02265625 0.0421875
0 0.57265625 0.18515625 0.01953125 0.0265625
0 0.5984375 0.17734375 0.02265625 0.02890625
0 0.61875 0.20390625 0.01796875 0.02578125
0 0.575 0.22734375 0.02109375 0.0296875
0 0.5734375 0.246875 0.01796875 0.0328125