0 0.975 0.4359375 0.0296875 0.06484375
0 0.13828125 0.534375 0.03828125 0.06171875
0 0.0640625 0.484375 0.034375 0.0875
0 0.12890625 0.45703125 0.03046875 0.075
0 0.11484375 0.3828125 0.0171875 0.07109375
0 0.0828125 0.35703125 0.02109375 0.05859375
0 0.0421875 0.36640625 0.02734375 0.0640625
0 0.06015625 0.328125 0.01796875 0.040625
0 0.0859375 0.31953125 0.01875 0.040625
0 0.07734375 0.28515625 0.01484375 0.03984375
0 0.03984375 0.3046875 0.01484375 0.0421875
0 0.03125 0.28359375 0.015625 0.03359375
0 0.096875 0.24609375 0.0109375 0.04296875
0 0.1171875 0.2859375 0.01796875 0.04296875
0 0.1328125 0.253125 0.02109375 0.03671875
0 0.15546875 0.27109375 0.02578125 0.03828125
0 0.15859375 0.30859375 0.0171875 0.02109375
0 0.1390625 0.3421875 0.0125 0.0421875
0 0.13515625 0.31328125 0.01875 0.04140625
0 0.1671875 0.35625 0.02265625 0.04765625
0 0.2 0.2890625 0.021875 0.0421875
0 0.1921875 0.24609375 0.01953125 0.03984375
0 0.2125 0.23671875 0.015625 0.034375
0 0.21484375 0.26796875 0.02265625 0.0328125
0 0.23359375 0.26328125 0.02109375 0.03359375
0 0.23359375 0.2390625 0.01015625 0.0421875
0 0.25078125 0.2890625 0.0171875 0.04453125
0 0.275 0.25 0.021875 0.03984375
0 0.30390625 0.26796875 0.01640625 0.03984375
0 0.28984375 0.325 0.01796875 0.0515625
0 0.29140625 0.359375 0.0265625 0.05078125
0 0.353125 0.30078125 0.03046875 0.05390625
0 0.3375 0.34140625 0.01796875 0.05859375
0 0.3234375 0.37890625 0.025 0.05234375
0 0.2625 0.41640625 0.03046875 0.0578125
0 0.2109375 0.4359375 0.03359375 0.07109375
0 0.26953125 0.47890625 0.034375 0.07421875
0 0.33828125 0.49453125 0.04140625 0.065625
0 0.38515625 0.409375 0.0328125 0.05078125
0 0.38515625 0.3484375 0.0328125 0.06796875
0 0.38828125 0.46171875 0.0359375 0.06328125
0 0.43984375 0.4203125 0.03359375 0.0625
0 0.45 0.36328125 0.0359375 0.065625
0 0.52421875 0.41640625 0.02578125 0.0625
0 0.278125 0.21953125 0.01796875 0.0359375
0 0.3046875 0.2328125 0.0125 0.03046875
0 0.31953125 0.20703125 0.01484375 0.0375
0 0.33828125 0.2203125 0.01328125 0.02890625
0 0.334375 0.25234375 0.01640625 0.0421875
0 0.3546875 0.21484375 0.0140625 0.03203125
0 0.371875 0.2046875 0.01796875 0.03828125
0 0.3828125 0.21875 0.0203125 0.03125
0 0.38359375 0.24921875 0.015625 0.04140625
0 0.403125 0.2140625 0.01171875 0.02265625
0 0.425 0.228125 0.01328125 0.03125
0 0.3984375 0.2640625 0.028125 0.02734375
0 0.43046875 0.28125 0.01875 0.03671875
0 0.4375 0.24453125 0.01484375 0.0390625
0 0.45625 0.2484375 0.01640625 0.0390625
0 0.46484375 0.275 0.01640625 0.040625
0 0.4828125 0.27890625 0.02109375 0.0515625
0 0.51484375 0.234375 0.01015625 0.0328125
0 0.5140625 0.27265625 0.01640625 0.03359375
0 0.55625 0.23671875 0.01875 0.03671875
0 0.515625 0.309375 0.02421875 0.03671875
0 0.48359375 0.325 0.021875 0.03671875
0 0.45625 0.31484375 0.02109375 0.0234375
0 0.53828125 0.34765625 0.02109375 0.04140625
0 0.553125 0.30234375 0.021875 0.02265625
0 0.5828125 0.33984375 0.01953125 0.03671875
0 0.5796875 0.303125 0.0171875 0.04296875
0 0.58125 0.26640625 0.01640625 0.0453125
0 0.5984375 0.26328125 0.01640625 0.04453125
0 0.60234375 0.33984375 0.02109375 0.04296875
0 0.62890625 0.340625 0.02265625 0.04921875
0 0.63046875 0.30078125 0.01875 0.04296875
0 0.659375 0.36171875 0.0265625 0.04765625
0 0.6984375 0.36640625 0.021875 0.040625
0 0.7109375 0.3171875 0.01953125 0.0296875
0 0.73828125 0.38125 0.02109375 0.0578125
0 0.7625 0.33671875 0.01796875 0.0453125
0 0.54296875 0.26875 0.0171875 0.04140625