0 0.178125 0.453125 0.04921875 0.09921875
0 0.86015625 0.29921875 0.02109375 0.0546875
0 0.853125 0.265625 0.02109375 0.0390625
0 0.9296875 0.246875 0.02109375 0.0375
0 0.93359375 0.2203125 0.02109375 0.03671875
0 0.91328125 0.21640625 0.0140625 0.0296875
0 0.8953125 0.16875 0.01484375 0.03515625
0 0.90390625 0.15078125 0.01484375 0.034375
0 0.86796875 0.14765625 0.01796875 0.0328125
0 0.84453125 0.1484375 0.01328125 0.021875
0 0.84765625 0.19765625 0.0265625 0.053125
0 0.8078125 0.16875 0.01484375 0.04609375
0 0.78984375 0.13203125 0.015625 0.021875
0 0.7765625 0.15859375 0.01640625 0.02734375
0 0.77734375 0.2 0.0171875 0.0359375
0 0.7703125 0.2265625 0.015625 0.040625
0 0.77578125 0.27734375 0.028125 0.053125
0 0.72734375 0.29296875 0.02265625 0.059375
0 0.6859375 0.24765625 0.0234375 0.04375
0 0.71796875 0.22265625 0.02265625 0.0453125
0 0.73984375 0.196875 0.015625 0.03125
0 0.72578125 0.16796875 0.0140625 0.0359375
0 0.70546875 0.19609375 0.01953125 0.03984375
0 0.69765625 0.146875 0.0109375 0.03359375
0 0.715625 0.14609375 0.0109375 0.02421875
0 0.73515625 0.1140625 0.01171875 0.025
0 0.75859375 0.1421875 0.01953125 0.03984375
0 0.771875 0.121875 0.01328125 0.021875
0 0.671875 0.171875 0.015625 0.0265625
0 0.6671875 0.1984375 0.01875 0.0328125
0 0.62578125 0.18828125 0.01640625 0.03515625
0 0.6328125 0.24609375 0.01953125 0.05234375
0 0.60859375 0.3453125 0.02578125 0.06328125
0 0.55546875 0.3046875 0.03359375 0.05703125
0 0.559375 0.24453125 0.0203125 0.0390625
0 0.51015625 0.290625 0.021875 0.059375
0 0.684375 0.1171875 0.01328125 0.0296875
0 0.65390625 0.1140625 0.01328125 0.025
0 0.64609375 0.13203125 0.01640625 0.0265625
0 0.61953125 0.14921875 0.0140625 0.03046875
0 0.60546875 0.14296875 0.01328125 0.03046875
0 0.615625 0.115625 0.009375 0.02890625
0 0.57265625 0.11328125 0.01640625 0.0296875
0 0.57265625 0.14296875 0.0109375 0.02421875
0 0.59296875 0.165625 0.0171875 0.0390625
0 0.55859375 0.16171875 0.0171875 0.03125
0 0.5359375 0.21015625 0.0171875 0.04609375
0 0.51328125 0.1828125 0.01640625 0.03046875
0 0.525 0.1609375 0.01484375 0.0296875
0 0.49140625 0.125 0.01328125 0.02578125
0 0.4890625 0.16171875 0.0109375 0.03125
0 0.46484375 0.15078125 0.01640625 0.03203125
0 0.44921875 0.1828125 0.01484375 0.02890625
0 0.478125 0.22578125 0.021875 0.03984375
0 0.45625 0.2203125 0.01328125 0.03828125
0 0.41640625 0.19140625 0.01328125 0.03984375
0 0.396875 0.28671875 0.0203125 0.03671875
0 0.40234375 0.2203125 0.01484375 0.0515625
0 0.38671875 0.18984375 0.01640625 0.02890625
0 0.3640625 0.1890625 0.0140625 0.03046875
0 0.346875 0.20859375 0.0109375 0.0296875
0 0.328125 0.20234375 0.009375 0.0171875
0 0.3703125 0.29296875 0.0171875 0.03515625
0 0.35546875 0.26015625 0.0203125 0.03828125
0 0.3390625 0.2515625 0.01328125 0.03515625
0 0.32421875 0.24140625 0.01796875 0.0375
0 0.27734375 0.27109375 0.01796875 0.0296875
0 0.2640625 0.26640625 0.01796875 0.0375