0 0.6796875 0.32734375 0.03046875 0.0609375
0 0.78359375 0.2875 0.02890625 0.05546875
0 0.93671875 0.28125 0.0265625 0.05
0 0.87734375 0.22265625 0.01875 0.04296875
0 0.85625 0.18515625 0.0171875 0.0390625
0 0.9375 0.18671875 0.01796875 0.03671875
0 0.9421875 0.15078125 0.01484375 0.03125
0 0.91171875 0.1234375 0.01328125 0.03203125
0 0.9046875 0.19609375 0.01328125 0.0296875
0 0.85546875 0.18359375 0.01484375 0.03203125
0 0.88515625 0.11875 0.0125 0.021875
0 0.88515625 0.15 0.0140625 0.02578125
0 0.86484375 0.14296875 0.015625 0.0328125
0 0.84296875 0.12890625 0.0171875 0.03203125
0 0.81328125 0.17265625 0.0203125 0.03828125
0 0.82578125 0.1625 0.01484375 0.02578125
0 0.82421875 0.12265625 0.015625 0.0296875
0 0.81015625 0.134375 0.0171875 0.02890625
0 0.79453125 0.109375 0.0140625 0.03203125
0 0.771875 0.1609375 0.01640625 0.0328125
0 0.72890625 0.2828125 0.02734375 0.0515625
0 0.67109375 0.24765625 0.01796875 0.04765625
0 0.6140625 0.2609375 0.0234375 0.0421875
0 0.56640625 0.2875 0.02265625 0.046875
0 0.61015625 0.3328125 0.025 0.0625
0 0.48515625 0.2890625 0.0234375 0.05
0 0.57109375 0.2390625 0.01953125 0.0421875
0 0.61953125 0.20390625 0.01484375 0.0359375
0 0.67890625 0.1984375 0.01796875 0.0359375
0 0.665625 0.171875 0.01484375 0.0296875
0 0.70546875 0.175 0.0203125 0.0328125
0 0.6921875 0.14296875 0.01953125 0.03515625
0 0.44140625 0.2671875 0.025 0.040625
0 0.553125 0.1859375 0.02265625 0.0390625
0 0.58828125 0.15390625 0.021875 0.03828125
0 0.3015625 0.25078125 0.02265625 0.0390625
0 0.31875 0.2125 0.01875 0.03828125
0 0.35703125 0.20703125 0.01796875 0.03515625
0 0.375 0.2078125 0.0203125 0.0375
0 0.71796875 0.20625 0.02109375 0.0359375
0 0.7 0.08984375 0.0171875 0.0296875
0 0.634375 0.13125 0.01875 0.03515625
0 0.51953125 0.184375 0.0203125 0.034375
0 0.7453125 0.190625 0.01796875 0.034375
0 0.73203125 0.15078125 0.0203125 0.034375
0 0.76328125 0.096875 0.01484375 0.03125
0 0.41953125 0.21796875 0.0203125 0.034375
0 0.41484375 0.1625 0.015625 0.0265625
0 0.4359375 0.16484375 0.01796875 0.028125
0 0.4890625 0.15390625 0.0203125 0.03203125
0 0.57734375 0.1046875 0.01328125 0.03046875
0 0.6734375 0.1125 0.015625 0.02890625