0 0.8625 0.559375 0.0359375 0.09296875
0 0.7703125 0.34140625 0.02734375 0.0546875
0 0.74296875 0.33515625 0.01328125 0.06484375
0 0.71953125 0.3765625 0.01875 0.05859375
0 0.671875 0.3890625 0.02734375 0.0515625
0 0.70859375 0.3171875 0.02578125 0.05703125
0 0.6515625 0.33359375 0.0203125 0.03515625
0 0.64921875 0.3 0.01796875 0.03359375
0 0.61875 0.346875 0.02265625 0.0390625
0 0.5921875 0.34375 0.02578125 0.0359375
0 0.55 0.3390625 0.0140625 0.04375
0 0.5015625 0.33984375 0.02421875 0.028125
0 0.53125 0.3015625 0.02265625 0.0421875
0 0.56171875 0.30546875 0.01328125 0.03125
0 0.5953125 0.29453125 0.01875 0.02578125
0 0.5625 0.275 0.0203125 0.03203125
0 0.60390625 0.2578125 0.015625 0.04296875
0 0.53046875 0.23671875 0.02109375 0.02734375
0 0.52421875 0.2703125 0.0234375 0.02890625
0 0.5078125 0.26640625 0.02109375 0.046875
0 0.48359375 0.27734375 0.021875 0.05625
0 0.4453125 0.290625 0.01953125 0.0375
0 0.425 0.2515625 0.01640625 0.04296875
0 0.4546875 0.24375 0.01875 0.04140625
0 0.47890625 0.24296875 0.0171875 0.0359375
0 0.43203125 0.21015625 0.02578125 0.0359375
0 0.4171875 0.23671875 0.01171875 0.02734375
0 0.39609375 0.2578125 0.01640625 0.0375
0 0.35859375 0.2515625 0.01640625 0.03125
0 0.36171875 0.228125 0.0109375 0.0265625
0 0.31015625 0.2328125 0.0125 0.0296875
0 0.328125 0.240625 0.01328125 0.028125
0 0.32890625 0.20625 0.0140625 0.03125
0 0.37265625 0.20703125 0.01953125 0.0296875
0 0.390625 0.20625 0.01953125 0.03125
0 0.396875 0.2359375 0.021875 0.0390625
0 0.29375 0.25234375 0.01171875 0.028125
0 0.2671875 0.2484375 0.01640625 0.0375
0 0.25234375 0.22421875 0.0171875 0.040625
0 0.22265625 0.2375 0.0109375 0.034375
0 0.23203125 0.27890625 0.01328125 0.03359375
0 0.19140625 0.24453125 0.01484375 0.03984375
0 0.2203125 0.26328125 0.02578125 0.04140625
0 0.1578125 0.259375 0.015625 0.03984375
0 0.12109375 0.26015625 0.02109375 0.04140625
0 0.1390625 0.28203125 0.01796875 0.04921875
0 0.10703125 0.2703125 0.0125 0.04140625
0 0.05859375 0.2703125 0.0171875 0.0328125
0 0.0765625 0.3125 0.01875 0.03203125
0 0.09296875 0.29140625 0.02109375 0.0359375
0 0.06953125 0.35 0.028125 0.0453125
0 0.10546875 0.31875 0.0234375 0.0484375
0 0.1296875 0.34375 0.0296875 0.06171875
0 0.15234375 0.32109375 0.0296875 0.05234375
0 0.18203125 0.30703125 0.021875 0.04765625
0 0.19609375 0.36328125 0.02734375 0.0453125
0 0.14140625 0.365625 0.03046875 0.046875
0 0.08984375 0.396875 0.0265625 0.0515625
0 0.08046875 0.47578125 0.04375 0.05
0 0.17890625 0.50859375 0.02734375 0.059375
0 0.15 0.45 0.0421875 0.0640625
0 0.20859375 0.42421875 0.0265625 0.059375
0 0.3046875 0.3 0.0125 0.04921875
0 0.28828125 0.30625 0.01796875 0.0421875
0 0.32734375 0.28359375 0.01875 0.0515625
0 0.3546875 0.29609375 0.0171875 0.03203125
0 0.3515625 0.3453125 0.0265625 0.03515625
0 0.30625 0.3765625 0.040625 0.046875
0 0.2734375 0.40546875 0.03203125 0.059375
0 0.33359375 0.39453125 0.02109375 0.06015625
0 0.403125 0.38046875 0.025 0.04453125
0 0.39765625 0.33828125 0.03125 0.0515625
0 0.4609375 0.34921875 0.0234375 0.06015625
0 0.51015625 0.38828125 0.0328125 0.06328125
0 0.45625 0.41796875 0.04296875 0.0765625
0 0.4125 0.44921875 0.03125 0.084375
0 0.3640625 0.45859375 0.04140625 0.08125
0 0.3046875 0.546875 0.0390625 0.07734375