0 0.16328125 0.47421875 0.05625 0.05546875
0 0.88359375 0.42578125 0.0359375 0.0703125
0 0.81015625 0.3609375 0.0390625 0.08125
0 0.8921875 0.30703125 0.03125 0.07109375
0 0.825 0.27734375 0.0234375 0.05
0 0.76640625 0.29140625 0.02421875 0.06953125
0 0.74609375 0.23203125 0.02265625 0.05625
0 0.7109375 0.21640625 0.02734375 0.05
0 0.67578125 0.24140625 0.0203125 0.053125
0 0.6828125 0.1875 0.0203125 0.046875
0 0.65546875 0.21328125 0.021875 0.05234375
0 0.61484375 0.2 0.028125 0.046875
0 0.6265625 0.30234375 0.04140625 0.0625
0 0.59375 0.24921875 0.03515625 0.0421875
0 0.55703125 0.23125 0.03125 0.0515625
0 0.5390625 0.29453125 0.0328125 0.05
0 0.8 0.24453125 0.0203125 0.05234375
0 0.84921875 0.24296875 0.0203125 0.0359375
0 0.87421875 0.21875 0.02578125 0.05
0 0.91875 0.21875 0.0171875 0.046875
0 0.91328125 0.153125 0.01953125 0.0453125
0 0.9015625 0.12109375 0.015625 0.04375
0 0.89375 0.15234375 0.0171875 0.0296875
0 0.890625 0.18125 0.0171875 0.0421875
0 0.871875 0.12109375 0.01640625 0.028125
0 0.8578125 0.13046875 0.01875 0.0296875
0 0.8515625 0.153125 0.01796875 0.03515625
0 0.84609375 0.175 0.02421875 0.03984375
0 0.82109375 0.20078125 0.01796875 0.04921875
0 0.809375 0.14609375 0.0140625 0.03671875
0 0.8234375 0.11328125 0.01484375 0.0359375
0 0.80625 0.1140625 0.0125 0.03203125
0 0.784375 0.1171875 0.021875 0.0359375
0 0.78359375 0.1546875 0.01640625 0.02890625
0 0.771875 0.1984375 0.01640625 0.05390625
0 0.7609375 0.16328125 0.01953125 0.02734375
0 0.7296875 0.1703125 0.0171875 0.04140625
0 0.71875 0.15390625 0.02109375 0.02578125
0 0.74609375 0.1078125 0.0171875 0.028125
0 0.73203125 0.14375 0.0125 0.0375
0 0.71640625 0.121875 0.0140625 0.02421875
0 0.72734375 0.11015625 0.01796875 0.03046875
0 0.6890625 0.1046875 0.0140625 0.0296875
0 0.66796875 0.09296875 0.01796875 0.0359375
0 0.6625 0.1171875 0.01796875 0.0328125
0 0.6453125 0.090625 0.01640625 0.0265625
0 0.64140625 0.1359375 0.01953125 0.03203125
0 0.62109375 0.090625 0.02109375 0.0265625
0 0.6171875 0.1109375 0.0140625 0.0234375
0 0.5890625 0.0921875 0.0171875 0.01875
0 0.6140625 0.14609375 0.02109375 0.0421875
0 0.5875 0.1234375 0.01640625 0.05078125
0 0.56796875 0.09765625 0.01640625 0.03203125
0 0.5796875 0.1546875 0.01796875 0.03515625
0 0.55859375 0.1328125 0.01640625 0.02890625
0 0.54296875 0.12421875 0.0171875 0.03671875
0 0.53828125 0.15859375 0.02109375 0.03984375
0 0.51875 0.14296875 0.0171875 0.04609375
0 0.50625 0.13515625 0.01171875 0.03671875
0 0.4796875 0.13125 0.01796875 0.03671875
0 0.5046875 0.1765625 0.0265625 0.0328125
0 0.48359375 0.20859375 0.0234375 0.03125
0 0.45546875 0.20234375 0.02578125 0.03046875
0 0.4515625 0.16171875 0.0140625 0.03203125
0 0.44765625 0.140625 0.0171875 0.028125
0 0.42578125 0.17109375 0.02109375 0.0328125
0 0.4046875 0.1859375 0.01875 0.03515625
0 0.3890625 0.275 0.015625 0.0421875
0 0.3671875 0.24453125 0.0203125 0.0515625
0 0.353125 0.22421875 0.01796875 0.0484375
0 0.34296875 0.2046875 0.0203125 0.03984375
0 0.31484375 0.2125 0.0203125 0.03671875
0 0.3328125 0.24921875 0.01953125 0.0421875
0 0.2875 0.265625 0.02421875 0.05859375
0 0.39921875 0.234375 0.02265625 0.03671875