0 0.10546875 0.534375 0.05078125 0.10234375
0 0.77421875 0.51953125 0.03828125 0.06875
0 0.8171875 0.42578125 0.02421875 0.05703125
0 0.8765625 0.459375 0.03359375 0.06796875
0 0.88984375 0.39375 0.02109375 0.05625
0 0.8328125 0.37421875 0.028125 0.0625
0 0.7796875 0.3625 0.03046875 0.04765625
0 0.76875 0.41953125 0.03125 0.0671875
0 0.71484375 0.40390625 0.02578125 0.065625
0 0.68671875 0.48828125 0.028125 0.07578125
0 0.62265625 0.46640625 0.03515625 0.06640625
0 0.646875 0.36796875 0.0234375 0.0546875
0 0.6671875 0.3484375 0.01875 0.04609375
0 0.63359375 0.33125 0.021875 0.04140625
0 0.61484375 0.29921875 0.01796875 0.04140625
0 0.57890625 0.32109375 0.02265625 0.0421875
0 0.54453125 0.34140625 0.0203125 0.04296875
0 0.5203125 0.40078125 0.0234375 0.04609375
0 0.55703125 0.43046875 0.03359375 0.07265625
0 0.45 0.40859375 0.0265625 0.0609375
0 0.61171875 0.25 0.01015625 0.034375
0 0.65546875 0.27265625 0.021875 0.03984375
0 0.64609375 0.23359375 0.0109375 0.03046875
0 0.6609375 0.221875 0.01328125 0.034375
0 0.6296875 0.221875 0.01171875 0.034375
0 0.68125 0.2578125 0.015625 0.0359375
0 0.696875 0.284375 0.0109375 0.03125
0 0.709375 0.26484375 0.009375 0.034375
0 0.71484375 0.2453125 0.00859375 0.0328125
0 0.7234375 0.23515625 0.0109375 0.02890625
0 0.75859375 0.23828125 0.0140625 0.0328125
0 0.75 0.26484375 0.0140625 0.03203125
0 0.734375 0.290625 0.02109375 0.03828125
0 0.76953125 0.303125 0.01953125 0.04375
0 0.7875 0.27578125 0.01875 0.03671875
0 0.809375 0.25859375 0.01796875 0.0453125
0 0.828125 0.2609375 0.01875 0.0375
0 0.84296875 0.25546875 0.01328125 0.03671875
0 0.8125 0.30234375 0.01796875 0.034375
0 0.84453125 0.34375 0.0203125 0.0359375
0 0.86328125 0.32890625 0.02109375 0.0359375
0 0.86328125 0.28671875 0.0203125 0.04296875
0 0.9015625 0.27890625 0.02109375 0.0328125
0 0.9 0.3125 0.01484375 0.0296875
0 0.890625 0.3390625 0.01640625 0.03828125
0 0.59140625 0.2015625 0.009375 0.0234375
0 0.584375 0.2265625 0.0109375 0.02734375
0 0.54375 0.2203125 0.01484375 0.025
0 0.56171875 0.2390625 0.01640625 0.0234375
0 0.56171875 0.26640625 0.02109375 0.03203125
0 0.54140625 0.28203125 0.01640625 0.0421875
0 0.578125 0.25 0.01328125 0.02578125
0 0.51015625 0.27421875 0.01796875 0.0421875
0 0.47890625 0.2625 0.0140625 0.0328125
0 0.46171875 0.27421875 0.015625 0.04296875
0 0.45625 0.23515625 0.01171875 0.02890625
0 0.43984375 0.2515625 0.0078125 0.03125
0 0.48671875 0.33125 0.02265625 0.04609375
0 0.45 0.31953125 0.01328125 0.0328125
0 0.4265625 0.3109375 0.01953125 0.0484375
0 0.428125 0.28046875 0.015625 0.03671875
0 0.41171875 0.25078125 0.01171875 0.028125
0 0.38359375 0.2546875 0.01484375 0.04140625
0 0.40234375 0.271875 0.0140625 0.0328125
0 0.39453125 0.3 0.0140625 0.02890625
0 0.3953125 0.33984375 0.01953125 0.04453125
0 0.42109375 0.340625 0.01953125 0.04375
0 0.37890625 0.31796875 0.0140625 0.04453125
0 0.34921875 0.296875 0.0203125 0.04296875
0 0.34296875 0.3296875 0.01484375 0.0359375
0 0.31953125 0.353125 0.0265625 0.0421875
0 0.28515625 0.3546875 0.0203125 0.0453125
0 0.2546875 0.346875 0.0203125 0.053125
0 0.28046875 0.3 0.021875 0.040625
0 0.209375 0.3453125 0.01484375 0.04765625