0 0.19921875 0.42421875 0.05703125 0.0828125
0 0.25703125 0.27109375 0.02109375 0.03984375
0 0.284375 0.25546875 0.01640625 0.0296875
0 0.40859375 0.2890625 0.02265625 0.0484375
0 0.378125 0.2765625 0.0296875 0.053125
0 0.3453125 0.28515625 0.01796875 0.04140625
0 0.3265625 0.275 0.01875 0.03515625
0 0.31171875 0.2609375 0.0140625 0.03046875
0 0.33359375 0.23359375 0.021875 0.0421875
0 0.3078125 0.228125 0.0140625 0.0359375
0 0.52578125 0.2828125 0.025 0.04609375
0 0.5609375 0.30703125 0.0296875 0.05078125
0 0.66953125 0.32109375 0.0265625 0.059375
0 0.7875 0.34296875 0.02890625 0.0609375
0 0.8640625 0.290625 0.0234375 0.04765625
0 0.91484375 0.26484375 0.03203125 0.04921875
0 0.8734375 0.24140625 0.0203125 0.04140625
0 0.8875 0.21953125 0.0171875 0.03984375
0 0.88984375 0.18984375 0.015625 0.03828125
0 0.88515625 0.153125 0.0125 0.03203125
0 0.85703125 0.18125 0.0234375 0.0390625
0 0.846875 0.209375 0.0171875 0.0421875
0 0.8296875 0.221875 0.0234375 0.04453125
0 0.784375 0.28515625 0.021875 0.0515625
0 0.71328125 0.2859375 0.02734375 0.059375
0 0.71015625 0.2265625 0.02734375 0.05078125
0 0.74921875 0.24375 0.0265625 0.05
0 0.74140625 0.20078125 0.01640625 0.0359375
0 0.7875 0.1890625 0.015625 0.0375
0 0.81015625 0.171875 0.0140625 0.0390625
0 0.8375 0.13828125 0.0140625 0.0359375
0 0.80390625 0.125 0.0203125 0.02890625
0 0.78671875 0.14765625 0.01484375 0.0296875
0 0.7703125 0.1796875 0.01640625 0.0359375
0 0.74921875 0.15546875 0.01484375 0.034375
0 0.73125 0.15703125 0.02109375 0.03984375
0 0.77109375 0.12421875 0.01953125 0.03515625
0 0.690625 0.16953125 0.028125 0.02890625
0 0.66484375 0.2265625 0.02109375 0.03046875
0 0.659375 0.27265625 0.021875 0.05625
0 0.63828125 0.26171875 0.01875 0.04140625
0 0.6296875 0.21640625 0.01796875 0.04609375
0 0.64765625 0.1765625 0.0265625 0.0421875
0 0.57578125 0.246875 0.02734375 0.04375
0 0.665625 0.121875 0.01875 0.0546875
0 0.64609375 0.109375 0.021875 0.04140625
0 0.62890625 0.1375 0.02265625 0.02734375
0 0.6109375 0.146875 0.01953125 0.0328125
0 0.59765625 0.16484375 0.01953125 0.025
0 0.60390625 0.1078125 0.02109375 0.04296875
0 0.584375 0.1265625 0.01484375 0.0296875
0 0.5546875 0.14609375 0.0203125 0.02890625
0 0.52734375 0.1484375 0.01640625 0.0359375
0 0.51875 0.13515625 0.01640625 0.0265625
0 0.50703125 0.1265625 0.01484375 0.0296875
0 0.54609375 0.1921875 0.01796875 0.0484375
0 0.51015625 0.19375 0.03046875 0.040625
0 0.475 0.16171875 0.0171875 0.03125
0 0.45078125 0.1578125 0.02109375 0.03671875
0 0.46484375 0.23046875 0.02578125 0.04296875
0 0.48125 0.19921875 0.02265625 0.0421875
0 0.42734375 0.18515625 0.01953125 0.0265625
0 0.4015625 0.17734375 0.02265625 0.02890625
0 0.38125 0.20390625 0.01796875 0.02578125
0 0.425 0.22734375 0.02109375 0.0296875
0 0.4265625 0.246875 0.01796875 0.0328125