0 0.23359375 0.4078125 0.0609375 0.1484375
0 0.365625 0.4640625 0.07265625 0.1375
0 0.25 0.16953125 0.02109375 0.0390625
0 0.4046875 0.2078125 0.0234375 0.04609375
0 0.4375 0.2015625 0.025 0.0421875
0 0.4640625 0.2265625 0.0203125 0.04453125
0 0.48359375 0.2171875 0.025 0.05546875
0 0.4421875 0.2578125 0.0296875 0.06484375
0 0.5859375 0.24140625 0.02890625 0.05859375
0 0.634375 0.2359375 0.03046875 0.06328125
0 0.5859375 0.10703125 0.015625 0.028125
0 0.60703125 0.1 0.01015625 0.02578125
0 0.63203125 0.12265625 0.015625 0.03046875
0 0.65859375 0.11875 0.0140625 0.025