0 0.18515625 0.484375 0.04921875 0.08828125
0 0.87265625 0.36640625 0.053125 0.09140625
0 0.8109375 0.33203125 0.04453125 0.0875
0 0.76171875 0.27109375 0.028125 0.0640625
0 0.709375 0.2265625 0.02421875 0.06015625
0 0.67734375 0.23515625 0.0296875 0.0515625
0 0.6515625 0.2125 0.0328125 0.05859375
0 0.61640625 0.2375 0.03046875 0.0546875
0 0.56171875 0.24765625 0.03671875 0.0515625
0 0.47265625 0.2203125 0.01875 0.04453125
0 0.45859375 0.2109375 0.01796875 0.04296875
0 0.40078125 0.2265625 0.01875 0.05
0 0.3390625 0.2234375 0.01875 0.03671875
0 0.38515625 0.21640625 0.01484375 0.0375
0 0.51015625 0.1828125 0.0234375 0.04453125
0 0.5875 0.15703125 0.02421875 0.046875
0 0.59765625 0.10390625 0.021875 0.02734375
0 0.9203125 0.23671875 0.02421875 0.040625
0 0.86796875 0.2140625 0.0203125 0.04609375
0 0.8265625 0.22109375 0.021875 0.03671875
0 0.89296875 0.178125 0.01953125 0.03671875
0 0.8546875 0.16171875 0.01484375 0.03515625
0 0.84453125 0.18359375 0.01484375 0.04375
0 0.79765625 0.1640625 0.0171875 0.03828125
0 0.759375 0.1609375 0.02578125 0.0421875
0 0.7203125 0.14921875 0.0234375 0.04140625
0 0.40390625 0.19609375 0.01484375 0.02578125
0 0.84375 0.296875 0.0328125 0.07109375
0 0.8859375 0.32421875 0.03671875 0.05078125