0 0.95625 0.1578125 0.0203125 0.03515625
0 0.92734375 0.1515625 0.02109375 0.02890625
0 0.86875 0.31640625 0.03984375 0.07265625
0 0.80703125 0.284375 0.03359375 0.06484375
0 0.66171875 0.225 0.021875 0.04921875
0 0.6453125 0.24921875 0.0234375 0.04140625
0 0.60078125 0.3921875 0.03828125 0.04921875
0 0.5515625 0.334375 0.03046875 0.0625
0 0.49296875 0.3171875 0.0359375 0.05546875
0 0.60703125 0.12109375 0.015625 0.0375
0 0.584375 0.1375 0.01796875 0.034375
0 0.54921875 0.14609375 0.0171875 0.028125
0 0.42578125 0.165625 0.021875 0.0359375
0 0.47265625 0.2234375 0.02890625 0.04765625
0 0.3875 0.27109375 0.0171875 0.04921875
0 0.3578125 0.24765625 0.01953125 0.03671875
0 0.15390625 0.30234375 0.025 0.05078125
0 0.0875 0.31953125 0.02265625 0.04453125