0 0.2765625 0.3859375 0.0734375 0.0953125
0 0.34296875 0.26640625 0.021875 0.0453125
0 0.42421875 0.26171875 0.02578125 0.065625
0 0.39921875 0.253125 0.02734375 0.046875
0 0.38359375 0.19296875 0.0203125 0.04453125
0 0.40859375 0.16328125 0.01796875 0.03828125
0 0.41875 0.2046875 0.0171875 0.0359375
0 0.43515625 0.21328125 0.021875 0.0421875
0 0.4734375 0.2109375 0.02109375 0.04140625
0 0.5109375 0.215625 0.0234375 0.05390625
0 0.43671875 0.18046875 0.0171875 0.03828125
0 0.45703125 0.17578125 0.01875 0.040625
0 0.4734375 0.17734375 0.01875 0.04375
0 0.4953125 0.16875 0.0171875 0.03515625
0 0.471875 0.14921875 0.01796875 0.0390625
0 0.4953125 0.14140625 0.0203125 0.03046875
0 0.53828125 0.20390625 0.02265625 0.04296875
0 0.5859375 0.26875 0.028125 0.05234375
0 0.61953125 0.259375 0.02890625 0.07109375
0 0.5875 0.17890625 0.02265625 0.04140625
0 0.56640625 0.178125 0.0171875 0.04375
0 0.5453125 0.159375 0.0140625 0.03515625
0 0.5203125 0.1203125 0.01171875 0.02265625
0 0.534375 0.1484375 0.0140625 0.03046875
0 0.55 0.1421875 0.0140625 0.02734375
0 0.58125 0.12265625 0.0171875 0.0328125
0 0.61015625 0.13046875 0.0171875 0.0296875
0 0.61328125 0.153125 0.0203125 0.03046875
0 0.634375 0.1484375 0.0171875 0.034375
0 0.62265625 0.1046875 0.009375 0.0265625
0 0.66484375 0.11640625 0.01484375 0.03203125
0 0.6703125 0.13984375 0.0140625 0.028125
0 0.6375 0.21640625 0.0203125 0.04765625
0 0.68671875 0.2046875 0.01953125 0.03984375
0 0.6921875 0.12578125 0.01171875 0.03046875
0 0.65390625 0.3078125 0.0328125 0.071875
0 0.7296875 0.15703125 0.01640625 0.03515625
0 0.71953125 0.18984375 0.02265625 0.04609375
0 0.7796875 0.13984375 0.01796875 0.0375
0 0.7078125 0.16328125 0.01953125 0.04140625
0 0.7421875 0.18203125 0.01953125 0.04453125
0 0.76640625 0.20390625 0.01953125 0.04140625
0 0.78515625 0.19140625 0.015625 0.0375
0 0.79765625 0.16171875 0.01875 0.03671875
0 0.79765625 0.21640625 0.01953125 0.04921875
0 0.77890625 0.23515625 0.02421875 0.05078125
0 0.7359375 0.27890625 0.03046875 0.0609375
0 0.85 0.2296875 0.0234375 0.04921875
0 0.8359375 0.18515625 0.01640625 0.03671875
0 0.85 0.16171875 0.0140625 0.03515625
0 0.8828125 0.15703125 0.015625 0.0375
0 0.87265625 0.196875 0.0203125 0.0359375
0 0.8359375 0.26484375 0.025 0.04921875
0 0.7015625 0.33515625 0.03125 0.06328125
0 0.95390625 0.190625 0.0125 0.03203125
0 0.94609375 0.209375 0.01640625 0.03203125
0 0.94609375 0.240625 0.02109375 0.0359375
0 0.90703125 0.20234375 0.0171875 0.0421875
0 0.88671875 0.27109375 0.025 0.05703125
0 0.90234375 0.2625 0.0140625 0.0375
0 0.94140625 0.3078125 0.0234375 0.05546875
0 0.8796875 0.32578125 0.0265625 0.0625
0 0.75703125 0.14765625 0.015625 0.0328125
0 0.71328125 0.11015625 0.0171875 0.0328125