0 0.51875 0.2640625 0.02578125 0.05078125
0 0.58671875 0.26796875 0.0265625 0.0484375
0 0.62109375 0.28515625 0.025 0.07109375
0 0.675 0.31875 0.03515625 0.05390625
0 0.73984375 0.35703125 0.02890625 0.0703125
0 0.828125 0.34609375 0.03125 0.0578125
0 0.90078125 0.32109375 0.021875 0.0578125
0 0.84453125 0.2953125 0.028125 0.05078125
0 0.78515625 0.26875 0.02734375 0.059375
0 0.8109375 0.24453125 0.021875 0.0421875
0 0.840625 0.2203125 0.0171875 0.05625
0 0.88046875 0.2375 0.01640625 0.05
0 0.871875 0.29765625 0.01953125 0.0546875
0 0.9265625 0.2765625 0.0234375 0.04375
0 0.92578125 0.2390625 0.01640625 0.04375
0 0.8890625 0.20625 0.021875 0.034375
0 0.934375 0.2078125 0.0234375 0.03828125
0 0.93671875 0.178125 0.01640625 0.03359375
0 0.9078125 0.17421875 0.02265625 0.02890625
0 0.8890625 0.17265625 0.01328125 0.0359375
0 0.9078125 0.1609375 0.0125 0.03359375
0 0.8796875 0.1453125 0.015625 0.03125
0 0.87109375 0.1578125 0.01796875 0.034375
0 0.86484375 0.178125 0.02109375 0.03359375
0 0.8546875 0.1859375 0.01796875 0.03046875
0 0.8390625 0.1453125 0.01953125 0.03125
0 0.82578125 0.1625 0.02265625 0.02734375
0 0.81328125 0.17578125 0.02265625 0.03828125
0 0.78828125 0.19609375 0.02265625 0.0390625
0 0.76484375 0.1796875 0.01796875 0.0375
0 0.78515625 0.15546875 0.01328125 0.02890625
0 0.78203125 0.13359375 0.01328125 0.0265625
0 0.76640625 0.140625 0.01171875 0.03671875
0 0.753125 0.12421875 0.0140625 0.02890625
0 0.7390625 0.16953125 0.01640625 0.0421875
0 0.7265625 0.13515625 0.015625 0.03515625
0 0.70625 0.15859375 0.0203125 0.0328125
0 0.70078125 0.2 0.01640625 0.0375
0 0.72265625 0.22265625 0.021875 0.0421875
0 0.665625 0.21015625 0.01640625 0.0421875
0 0.65859375 0.2546875 0.01640625 0.046875
0 0.6359375 0.24140625 0.01796875 0.0515625
0 0.59375 0.22421875 0.015625 0.04296875
0 0.70703125 0.12109375 0.0140625 0.0265625
0 0.696875 0.11953125 0.0109375 0.0171875
0 0.6875 0.1203125 0.0125 0.034375
0 0.65546875 0.1015625 0.02109375 0.02421875
0 0.6546875 0.146875 0.01328125 0.03359375
0 0.63515625 0.13828125 0.0140625 0.02890625
0 0.63203125 0.09375 0.01328125 0.01875
0 0.61328125 0.10078125 0.01328125 0.0203125
0 0.5890625 0.10546875 0.01171875 0.0203125
0 0.5984375 0.11171875 0.01171875 0.01953125
0 0.62265625 0.14140625 0.01328125 0.03515625
0 0.60234375 0.13359375 0.0203125 0.0296875
0 0.6046875 0.1640625 0.02109375 0.046875
0 0.55546875 0.1828125 0.02265625 0.03828125
0 0.56015625 0.1578125 0.0203125 0.03125
0 0.565625 0.13984375 0.0109375 0.03515625
0 0.54765625 0.121875 0.02109375 0.025
0 0.5375 0.13671875 0.01484375 0.0515625
0 0.51015625 0.11015625 0.00859375 0.0234375
0 0.52734375 0.1203125 0.009375 0.01875
0 0.525 0.14609375 0.0140625 0.0390625
0 0.51328125 0.14609375 0.01484375 0.0203125
0 0.49921875 0.12890625 0.01171875 0.02265625
0 0.46875 0.13046875 0.0171875 0.0265625
0 0.47734375 0.15234375 0.01640625 0.02578125
0 0.48828125 0.2296875 0.01796875 0.046875
0 0.475 0.175 0.02421875 0.0375
0 0.4546875 0.16875 0.02421875 0.04140625
0 0.4453125 0.14765625 0.0203125 0.0234375
0 0.4109375 0.15625 0.021875 0.03125
0 0.4234375 0.18046875 0.015625 0.0265625
0 0.4109375 0.19765625 0.01953125 0.03203125
0 0.4453125 0.20859375 0.01953125 0.03515625
0 0.353125 0.2 0.02421875 0.034375
0 0.31796875 0.2 0.02421875 0.0375
0 0.31953125 0.2328125 0.0265625 0.04375
0 0.21171875 0.34296875 0.03203125 0.0953125