0 0.1921875 0.13046875 0.0140625 0.03359375
0 0.29453125 0.13515625 0.0203125 0.03828125
0 0.3765625 0.05 0.0140625 0.0234375
0 0.434375 0.05234375 0.01484375 0.03046875
0 0.4234375 0.153125 0.015625 0.0296875
0 0.44453125 0.15234375 0.01484375 0.028125
0 0.4703125 0.1375 0.01484375 0.034375
0 0.5140625 0.128125 0.01171875 0.0265625
0 0.484375 0.15703125 0.01875 0.03828125
0 0.5265625 0.1953125 0.015625 0.0359375
0 0.4640625 0.19453125 0.02109375 0.04453125
0 0.52578125 0.16015625 0.01328125 0.021875
0 0.58125 0.225 0.025 0.03671875
0 0.5578125 0.23125 0.02421875 0.04375
0 0.5703125 0.27890625 0.02578125 0.05234375
0 0.63203125 0.25859375 0.02265625 0.04453125
0 0.65234375 0.2546875 0.0203125 0.046875
0 0.85078125 0.2703125 0.02265625 0.04609375
0 0.7453125 0.4203125 0.0484375 0.09765625
0 0.7890625 0.45625 0.05078125 0.11171875
0 0.4953125 0.28203125 0.034375 0.0703125
0 0.34921875 0.25234375 0.02890625 0.06484375
0 0.28828125 0.28203125 0.03203125 0.0640625
0 0.2421875 0.29765625 0.0328125 0.065625
0 0.1328125 0.22734375 0.021875 0.05546875
0 0.203125 0.190625 0.02109375 0.05
0 0.2453125 0.1796875 0.025 0.05078125
0 0.26875 0.1578125 0.01640625 0.04453125
0 0.25859375 0.1484375 0.0109375 0.034375
0 0.321875 0.16484375 0.02109375 0.0453125