0 0.2 0.4796875 0.05078125 0.09765625
0 0.87265625 0.40234375 0.0328125 0.07578125
0 0.8015625 0.36953125 0.04765625 0.06953125
0 0.678125 0.34921875 0.03984375 0.0640625
0 0.6015625 0.31171875 0.03046875 0.071875
0 0.55625 0.31640625 0.02890625 0.0484375
0 0.48125 0.3390625 0.0375 0.0609375
0 0.58515625 0.25390625 0.01640625 0.05078125
0 0.63828125 0.26015625 0.0203125 0.0484375
0 0.6609375 0.3109375 0.0265625 0.05234375
0 0.778125 0.2953125 0.021875 0.06796875
0 0.85078125 0.37734375 0.021875 0.05234375
0 0.8953125 0.30625 0.01875 0.06015625
0 0.8625 0.28125 0.02109375 0.0484375
0 0.8015625 0.2640625 0.02109375 0.040625
0 0.72109375 0.23515625 0.01953125 0.0578125
0 0.67890625 0.225 0.0296875 0.05078125
0 0.6625 0.1890625 0.021875 0.046875
0 0.62109375 0.2140625 0.03828125 0.05859375
0 0.70390625 0.17734375 0.01875 0.04453125
0 0.73203125 0.18671875 0.02578125 0.0484375
0 0.765625 0.19453125 0.02265625 0.04921875
0 0.7953125 0.2359375 0.02109375 0.0328125
0 0.82421875 0.19609375 0.01796875 0.0375
0 0.8203125 0.2359375 0.02734375 0.04140625
0 0.88515625 0.24453125 0.02265625 0.0375
0 0.91796875 0.26796875 0.02578125 0.0546875
0 0.93984375 0.23359375 0.01640625 0.03984375
0 0.940625 0.20859375 0.01640625 0.0421875
0 0.9171875 0.17421875 0.0203125 0.04140625
0 0.88671875 0.20234375 0.0203125 0.0453125
0 0.846875 0.2015625 0.01328125 0.03515625
0 0.8625 0.17421875 0.01484375 0.03203125
0 0.87578125 0.16484375 0.01484375 0.03671875
0 0.76640625 0.12890625 0.02109375 0.03359375
0 0.75234375 0.16484375 0.0234375 0.0375
0 0.69453125 0.128125 0.01328125 0.03125
0 0.6828125 0.12578125 0.0140625 0.0265625
0 0.66015625 0.11171875 0.00859375 0.01953125
0 0.6484375 0.14140625 0.01328125 0.02578125
0 0.625 0.14375 0.0203125 0.0390625
0 0.6328125 0.1234375 0.0125 0.03359375
0 0.6 0.12421875 0.0125 0.03515625
0 0.5890625 0.11875 0.0109375 0.0359375
0 0.58984375 0.14765625 0.02109375 0.0390625
0 0.559375 0.15234375 0.01640625 0.03671875
0 0.5859375 0.18125 0.0234375 0.046875
0 0.54375 0.1828125 0.02265625 0.0375
0 0.5421875 0.1421875 0.01328125 0.0390625
0 0.51796875 0.1390625 0.0140625 0.0421875
0 0.49609375 0.134375 0.0203125 0.02890625
0 0.4984375 0.16640625 0.01640625 0.0375
0 0.475 0.17421875 0.0234375 0.04453125
0 0.44765625 0.1609375 0.01171875 0.04140625
0 0.46640625 0.1421875 0.01953125 0.0328125
0 0.44453125 0.20546875 0.025 0.0328125
0 0.40625 0.22265625 0.0171875 0.059375
0 0.4234375 0.16875 0.0140625 0.0515625
0 0.41328125 0.165625 0.0140625 0.03671875
0 0.3671875 0.19609375 0.01875 0.053125
0 0.34921875 0.14765625 0.0171875 0.04453125
0 0.31796875 0.196875 0.0203125 0.0453125
0 0.31015625 0.2375 0.03125 0.05859375