0 0.10625 0.54921875 0.05625 0.1046875
0 0.8046875 0.49765625 0.0359375 0.0640625
0 0.690625 0.515625 0.0375 0.0640625
0 0.65 0.434375 0.0328125 0.05859375
0 0.59375 0.42265625 0.03125 0.05625
0 0.5328125 0.40234375 0.0265625 0.0609375
0 0.45078125 0.40859375 0.02890625 0.0546875
0 0.87578125 0.4421875 0.028125 0.05625
0 0.8171875 0.43671875 0.03046875 0.05546875
0 0.759375 0.41640625 0.03125 0.05078125
0 0.7140625 0.39375 0.02265625 0.0453125
0 0.671875 0.34609375 0.0234375 0.04609375
0 0.63203125 0.328125 0.0234375 0.03984375
0 0.5859375 0.32109375 0.0265625 0.0359375
0 0.325 0.36171875 0.02578125 0.04453125
0 0.28046875 0.3640625 0.0203125 0.0421875
0 0.25625 0.3484375 0.021875 0.04453125
0 0.2171875 0.3484375 0.01796875 0.034375
0 0.28515625 0.30859375 0.02109375 0.03515625
0 0.5046875 0.315625 0.01796875 0.03984375
0 0.4328125 0.33671875 0.021875 0.0375
0 0.45703125 0.3125 0.01875 0.03671875
0 0.4078125 0.33359375 0.021875 0.040625
0 0.378125 0.33203125 0.01796875 0.040625
0 0.35078125 0.3359375 0.01875 0.03671875
0 0.353125 0.29765625 0.01953125 0.034375
0 0.38671875 0.25625 0.015625 0.0328125
0 0.5390625 0.29609375 0.0203125 0.0390625
0 0.88828125 0.38828125 0.02578125 0.04765625
0 0.83203125 0.3828125 0.02421875 0.0515625
0 0.7875 0.35703125 0.02578125 0.05078125
0 0.865625 0.33671875 0.01953125 0.04296875
0 0.82890625 0.3109375 0.01953125 0.0328125
0 0.80625 0.3375 0.01796875 0.03671875
0 0.79296875 0.30390625 0.01875 0.03515625
0 0.74609375 0.28125 0.0171875 0.0359375
0 0.70390625 0.2859375 0.01875 0.028125
0 0.9078125 0.2765625 0.01484375 0.03125
0 0.8671875 0.28359375 0.01953125 0.03515625
0 0.84609375 0.25703125 0.015625 0.0296875
0 0.83359375 0.27734375 0.015625 0.0375
0 0.81484375 0.2609375 0.01484375 0.02890625
0 0.784375 0.24765625 0.015625 0.0296875
0 0.75625 0.2421875 0.01484375 0.0296875
0 0.728125 0.2328125 0.0140625 0.0234375
0 0.690625 0.25390625 0.01484375 0.0359375
0 0.665625 0.23203125 0.01328125 0.0265625
0 0.6515625 0.23359375 0.0125 0.02578125
0 0.65234375 0.2703125 0.01796875 0.0296875
0 0.62109375 0.25859375 0.01796875 0.03359375
0 0.61953125 0.29765625 0.015625 0.03046875
0 0.5625 0.253125 0.01484375 0.03046875
0 0.615625 0.21328125 0.01328125 0.02734375
0 0.5984375 0.2125 0.01328125 0.028125
0 0.56328125 0.21484375 0.0140625 0.03046875
0 0.55078125 0.2203125 0.00859375 0.01953125
0 0.5265625 0.2609375 0.01484375 0.03359375
0 0.5046875 0.24296875 0.01328125 0.02890625
0 0.40078125 0.3015625 0.0171875 0.0296875