0 0.75859375 0.3953125 0.04921875 0.11015625
0 0.07109375 0.43125 0.0265625 0.0609375
0 0.09921875 0.371875 0.02109375 0.06171875
0 0.08359375 0.303125 0.0265625 0.0625
0 0.07265625 0.25078125 0.0234375 0.0453125
0 0.1015625 0.19375 0.015625 0.02265625
0 0.11328125 0.1984375 0.015625 0.0265625
0 0.12421875 0.22890625 0.01796875 0.03203125
0 0.1375 0.29765625 0.0234375 0.05078125
0 0.1546875 0.33046875 0.028125 0.0609375
0 0.19765625 0.2921875 0.02109375 0.0484375
0 0.1921875 0.2640625 0.02109375 0.05
0 0.17734375 0.2265625 0.01953125 0.04453125
0 0.15703125 0.20625 0.021875 0.04453125
0 0.1375 0.19375 0.0140625 0.0390625
0 0.17421875 0.17421875 0.0140625 0.025
0 0.19296875 0.1796875 0.01328125 0.03046875
0 0.19921875 0.20546875 0.01875 0.03984375
0 0.21796875 0.2203125 0.01328125 0.04765625
0 0.31875 0.34609375 0.028125 0.04765625
0 0.2921875 0.240625 0.02578125 0.06640625
0 0.23515625 0.19375 0.01640625 0.05078125
0 0.21484375 0.1421875 0.015625 0.03515625
0 0.2515625 0.1578125 0.015625 0.028125
0 0.265625 0.1375 0.015625 0.0265625
0 0.27421875 0.1828125 0.0171875 0.025
0 0.303125 0.19609375 0.02265625 0.0328125
0 0.33515625 0.21484375 0.025 0.03984375
0 0.36796875 0.20859375 0.02265625 0.04609375
0 0.38515625 0.24296875 0.01796875 0.0328125
0 0.34609375 0.284375 0.021875 0.06015625
0 0.371875 0.3015625 0.02890625 0.0640625
0 0.434375 0.29296875 0.021875 0.04375
0 0.43984375 0.2625 0.0265625 0.0390625
0 0.50859375 0.2875 0.028125 0.04453125
0 0.52734375 0.23515625 0.01953125 0.046875
0 0.45234375 0.1875 0.01796875 0.0375
0 0.328125 0.09296875 0.021875 0.028125
0 0.35 0.14609375 0.01875 0.03671875
0 0.38359375 0.14765625 0.01875 0.0328125
0 0.4109375 0.15859375 0.0265625 0.0328125
0 0.43984375 0.1546875 0.01875 0.04140625
0 0.45703125 0.134375 0.01484375 0.03125
0 0.4625 0.1453125 0.0109375 0.03125
0 0.48828125 0.14453125 0.015625 0.03125
0 0.48828125 0.17734375 0.015625 0.0390625
0 0.5140625 0.178125 0.021875 0.0296875
0 0.5140625 0.1515625 0.0171875 0.02109375
0 0.54140625 0.146875 0.01796875 0.02578125
0 0.55703125 0.146875 0.0078125 0.021875
0 0.55390625 0.21328125 0.0265625 0.034375
0 0.57734375 0.1875 0.0203125 0.04296875
0 0.590625 0.16328125 0.021875 0.01953125
0 0.59609375 0.21953125 0.0203125 0.04609375
0 0.66796875 0.21328125 0.0171875 0.04296875
0 0.69296875 0.24609375 0.02421875 0.053125