0 0.21015625 0.45390625 0.0453125 0.11015625
0 0.24609375 0.37734375 0.0375 0.09609375
0 0.49765625 0.31640625 0.0296875 0.053125
0 0.440625 0.2765625 0.0328125 0.05078125
0 0.34296875 0.2875 0.0265625 0.0484375
0 0.26796875 0.2109375 0.02265625 0.03828125
0 0.79453125 0.309375 0.025 0.05625
0 0.7375 0.2828125 0.02734375 0.05703125
0 0.67734375 0.25546875 0.0234375 0.0484375
0 0.63984375 0.24921875 0.025 0.04140625
0 0.53515625 0.21328125 0.02265625 0.0359375
0 0.45625 0.221875 0.01953125 0.034375
0 0.434375 0.21796875 0.01875 0.03359375
0 0.4125 0.1921875 0.01640625 0.034375
0 0.89609375 0.23046875 0.01796875 0.0375
0 0.87109375 0.184375 0.01953125 0.04375
0 0.821875 0.18515625 0.01875 0.034375
0 0.778125 0.1671875 0.0171875 0.0296875
0 0.7171875 0.17421875 0.01796875 0.034375
0 0.7484375 0.1625 0.015625 0.03125
0 0.8328125 0.12578125 0.01328125 0.02734375
0 0.76875 0.10546875 0.015625 0.02890625
0 0.715625 0.09140625 0.015625 0.03125
0 0.7296875 0.14609375 0.015625 0.028125
0 0.68046875 0.10234375 0.0171875 0.03203125
0 0.703125 0.1578125 0.01171875 0.02890625
0 0.5953125 0.16015625 0.01640625 0.0328125
0 0.57109375 0.15390625 0.01796875 0.0296875
0 0.58125 0.1140625 0.0140625 0.02890625
0 0.54375 0.13984375 0.0171875 0.0328125
0 0.5203125 0.175 0.0171875 0.03671875
0 0.4984375 0.19140625 0.01640625 0.0328125
0 0.484375 0.190625 0.01328125 0.03359375
0 0.46640625 0.1875 0.01640625 0.03984375
0 0.4671875 0.15625 0.0125 0.02578125
0 0.4828125 0.15078125 0.0125 0.028125