0 0.04921875 0.375 0.03359375 0.05546875
0 0.66171875 0.33984375 0.0296875 0.05546875
0 0.59296875 0.33046875 0.0265625 0.0546875
0 0.54921875 0.2875 0.028125 0.04609375
0 0.46796875 0.30703125 0.03203125 0.059375
0 0.55625 0.23671875 0.0265625 0.04609375
0 0.6 0.2546875 0.02734375 0.05078125
0 0.65703125 0.26015625 0.02265625 0.05625
0 0.71484375 0.2828125 0.028125 0.0546875
0 0.7734375 0.28046875 0.021875 0.059375
0 0.80546875 0.2453125 0.02734375 0.04140625
0 0.86328125 0.21953125 0.01796875 0.03515625
0 0.92421875 0.275 0.021875 0.05859375
0 0.9140625 0.18984375 0.01640625 0.040625
0 0.884375 0.2015625 0.0171875 0.04375
0 0.88828125 0.1328125 0.015625 0.028125
0 0.91796875 0.1609375 0.01875 0.03359375
0 0.88984375 0.16875 0.0140625 0.02421875
0 0.87421875 0.16953125 0.01640625 0.0265625
0 0.853125 0.125 0.01171875 0.0328125
0 0.83671875 0.18359375 0.015625 0.03359375
0 0.8078125 0.165625 0.0140625 0.02734375
0 0.82421875 0.13671875 0.0171875 0.03359375
0 0.80625 0.13359375 0.01640625 0.0296875
0 0.79140625 0.13671875 0.0140625 0.0359375
0 0.77265625 0.12109375 0.01484375 0.02421875
0 0.78984375 0.18046875 0.0140625 0.03828125
0 0.771875 0.1546875 0.01328125 0.03671875
0 0.7578125 0.140625 0.01328125 0.03203125
0 0.73984375 0.1078125 0.01171875 0.02578125
0 0.7296875 0.12421875 0.01171875 0.0234375
0 0.7421875 0.140625 0.015625 0.02421875
0 0.73203125 0.15390625 0.0125 0.02109375
0 0.7078125 0.13671875 0.01640625 0.03359375
0 0.73046875 0.184375 0.0203125 0.05078125
0 0.7578125 0.215625 0.02265625 0.046875
0 0.68984375 0.22578125 0.0203125 0.04375
0 0.684375 0.18203125 0.01328125 0.034375
0 0.671875 0.146875 0.0171875 0.0234375
0 0.6640625 0.1984375 0.0234375 0.0421875
0 0.63984375 0.178125 0.01640625 0.0390625
0 0.6640625 0.1140625 0.0109375 0.0296875
0 0.68359375 0.1015625 0.01640625 0.0359375
0 0.63984375 0.11953125 0.01171875 0.021875
0 0.62109375 0.10234375 0.0125 0.02734375
0 0.5953125 0.10234375 0.0140625 0.03125
0 0.6125 0.1234375 0.01875 0.0296875
0 0.5984375 0.13828125 0.02109375 0.02890625
0 0.578125 0.13828125 0.01796875 0.03671875
0 0.55 0.11328125 0.01484375 0.021875
0 0.565625 0.16640625 0.02265625 0.02578125
0 0.525 0.1296875 0.0125 0.03671875
0 0.52734375 0.16171875 0.01328125 0.02890625
0 0.5375 0.1953125 0.01640625 0.04296875
0 0.4859375 0.19921875 0.01796875 0.0421875
0 0.46953125 0.17265625 0.01328125 0.03046875
0 0.4765625 0.13984375 0.0125 0.02734375
0 0.44296875 0.140625 0.01328125 0.0265625
0 0.459375 0.19609375 0.01953125 0.0296875
0 0.4546875 0.234375 0.0234375 0.04453125
0 0.40703125 0.21875 0.01484375 0.03359375
0 0.3921875 0.28125 0.025 0.04375
0 0.37109375 0.2125 0.01328125 0.04140625
0 0.38515625 0.2015625 0.01484375 0.04140625
0 0.40703125 0.17265625 0.01640625 0.0421875
0 0.334375 0.2140625 0.02109375 0.03125
0 0.3484375 0.2546875 0.0140625 0.03203125
0 0.3375 0.2921875 0.01875 0.05
0 0.31953125 0.2625 0.02421875 0.0421875
0 0.31484375 0.2109375 0.0125 0.04140625
0 0.2734375 0.27421875 0.01484375 0.0421875
0 0.2515625 0.29140625 0.0234375 0.0515625