0 0.91484375 0.5609375 0.05390625 0.1171875
0 0.125 0.52734375 0.03125 0.10390625
0 0.11875 0.43671875 0.02890625 0.09609375
0 0.0421875 0.4609375 0.03125 0.0953125
0 0.05078125 0.403125 0.01875 0.07578125
0 0.01640625 0.38046875 0.0234375 0.0640625
0 0.02578125 0.34921875 0.0203125 0.034375
0 0.01875 0.30625 0.015625 0.06171875
0 0.0171875 0.26484375 0.0140625 0.053125
0 0.04453125 0.253125 0.01796875 0.05546875
0 0.0625 0.2765625 0.01953125 0.04296875
0 0.0765625 0.33828125 0.02578125 0.06875
0 0.11171875 0.27421875 0.02265625 0.0640625
0 0.128125 0.2484375 0.01640625 0.053125
0 0.090625 0.22421875 0.021875 0.05703125
0 0.1828125 0.3046875 0.02109375 0.078125
0 0.1375 0.37734375 0.02421875 0.06484375
0 0.18828125 0.24296875 0.021875 0.0515625
0 0.1765625 0.22265625 0.01640625 0.0609375
0 0.1890625 0.1921875 0.02265625 0.03671875
0 0.21953125 0.17265625 0.02109375 0.05078125
0 0.22109375 0.20546875 0.02890625 0.04375
0 0.246875 0.19140625 0.0203125 0.0390625
0 0.2671875 0.20703125 0.01796875 0.059375
0 0.25234375 0.246875 0.01953125 0.0625
0 0.23046875 0.29609375 0.02421875 0.07578125
0 0.29140625 0.27578125 0.02265625 0.04765625
0 0.2859375 0.221875 0.01875 0.053125
0 0.33671875 0.24609375 0.02890625 0.06171875
0 0.38046875 0.29921875 0.02890625 0.078125
0 0.390625 0.37265625 0.0359375 0.071875
0 0.34453125 0.41640625 0.034375 0.06796875
0 0.275 0.4078125 0.0390625 0.07109375
0 0.21640625 0.4453125 0.03359375 0.0734375
0 0.44921875 0.35078125 0.03671875 0.0546875
0 0.2921875 0.16484375 0.01328125 0.05
0 0.31953125 0.15390625 0.01953125 0.040625
0 0.30859375 0.14453125 0.01171875 0.0453125
0 0.35546875 0.14296875 0.0109375 0.04609375
0 0.3703125 0.128125 0.01953125 0.05234375
0 0.3890625 0.1578125 0.0109375 0.03515625
0 0.35078125 0.1828125 0.01328125 0.028125
0 0.3859375 0.20859375 0.0234375 0.03984375
0 0.409375 0.1390625 0.01953125 0.040625
0 0.42734375 0.13671875 0.0171875 0.0296875
0 0.3984375 0.184375 0.01328125 0.03046875
0 0.4296875 0.20703125 0.01953125 0.05078125
0 0.45234375 0.21171875 0.0171875 0.05
0 0.453125 0.165625 0.01328125 0.03046875
0 0.45234375 0.1328125 0.02421875 0.0375
0 0.4765625 0.15703125 0.0171875 0.05703125
0 0.5046875 0.1546875 0.01328125 0.04140625
0 0.50859375 0.21796875 0.02109375 0.0484375
0 0.5296875 0.25234375 0.02109375 0.05078125
0 0.571875 0.3171875 0.028125 0.0765625
0 0.60625 0.23984375 0.0171875 0.0390625
0 0.5296875 0.1828125 0.0171875 0.03515625
0 0.54921875 0.1640625 0.01328125 0.04140625
0 0.56484375 0.165625 0.0171875 0.04375
0 0.57265625 0.19921875 0.028125 0.06171875
0 0.615625 0.19921875 0.02265625 0.040625
0 0.64140625 0.19921875 0.01953125 0.040625
0 0.6546875 0.21953125 0.0140625 0.034375
0 0.63984375 0.28125 0.025 0.0625
0 0.67109375 0.2390625 0.01796875 0.0640625
0 0.6953125 0.2125 0.025 0.06171875
0 0.70078125 0.24921875 0.025 0.0546875
0 0.75546875 0.25703125 0.01796875 0.06953125