0 0.4671875 0.1921875 0.01953125 0.040625
0 0.4046875 0.159375 0.01953125 0.03359375
0 0.41796875 0.3078125 0.04609375 0.0859375
0 0.334375 0.253125 0.0296875 0.04609375
0 0.375 0.20390625 0.02734375 0.04140625
0 0.178125 0.2578125 0.03046875 0.04296875
0 0.0828125 0.40859375 0.03359375 0.06171875
0 0.18828125 0.39140625 0.03359375 0.065625
0 0.253125 0.35078125 0.03515625 0.0625
0 0.2515625 0.278125 0.02578125 0.0578125
0 0.2890625 0.1984375 0.0171875 0.0375
0 0.3234375 0.209375 0.02109375 0.04375
0 0.246875 0.1953125 0.01875 0.04296875
0 0.3265625 0.17578125 0.01796875 0.0390625