0 0.96484375 0.29375 0.0203125 0.0453125
0 0.09375 0.33828125 0.03515625 0.06015625
0 0.08359375 0.29375 0.01796875 0.046875
0 0.08046875 0.23515625 0.0265625 0.046875
0 0.07421875 0.19375 0.01640625 0.03671875
0 0.0640625 0.19765625 0.0171875 0.03671875
0 0.05703125 0.11640625 0.0203125 0.05078125
0 0.0984375 0.1734375 0.01796875 0.03984375
0 0.11328125 0.2015625 0.01796875 0.01875
0 0.11484375 0.22890625 0.02265625 0.03671875
0 0.15 0.20078125 0.01796875 0.0375
0 0.13046875 0.1609375 0.0171875 0.05
0 0.2109375 0.296875 0.02578125 0.053125
0 0.27421875 0.221875 0.025 0.0546875
0 0.26875 0.16640625 0.01484375 0.03671875
0 0.26796875 0.1421875 0.01328125 0.0234375
0 0.30234375 0.16015625 0.01875 0.04296875
0 0.3375 0.2359375 0.0328125 0.05234375
0 0.3765625 0.22890625 0.0359375 0.06640625
0 0.4109375 0.221875 0.01484375 0.04375
0 0.39375 0.125 0.01953125 0.04296875
0 0.3453125 0.1 0.0140625 0.0328125
0 0.35703125 0.10546875 0.0125 0.0328125
0 0.3859375 0.103125 0.00859375 0.021875
0 0.41875 0.04453125 0.0125 0.02578125
0 0.44140625 0.17265625 0.02578125 0.0515625
0 0.5109375 0.159375 0.01640625 0.0296875
0 0.51796875 0.1296875 0.01875 0.025
0 0.5375 0.14453125 0.015625 0.021875
0 0.5328125 0.1828125 0.01640625 0.0390625
0 0.553125 0.13828125 0.01640625 0.028125
0 0.58046875 0.14765625 0.0171875 0.02578125
0 0.56171875 0.20390625 0.02421875 0.04375
0 0.59296875 0.23125 0.028125 0.03515625
0 0.61640625 0.20390625 0.01875 0.0328125
0 0.6359375 0.22421875 0.021875 0.04921875
0 0.6640625 0.21015625 0.01875 0.03984375
0 0.68671875 0.26015625 0.01328125 0.04453125
0 0.7140625 0.2203125 0.021875 0.028125
0 0.7703125 0.16953125 0.02421875 0.02578125