0 0.196875 0.38046875 0.05546875 0.1171875
0 0.18203125 0.24296875 0.02734375 0.05859375
0 0.30390625 0.17578125 0.02421875 0.0453125
0 0.29453125 0.22734375 0.0203125 0.0453125
0 0.41484375 0.2234375 0.0203125 0.05078125
0 0.4015625 0.2015625 0.01875 0.04765625
0 0.390625 0.2015625 0.01484375 0.03984375
0 0.56484375 0.16640625 0.02890625 0.0640625
0 0.65390625 0.1171875 0.01484375 0.02578125
0 0.64921875 0.153125 0.01484375 0.0359375
0 0.63203125 0.15234375 0.01796875 0.0359375
0 0.7515625 0.14921875 0.01796875 0.03828125
0 0.76875 0.15078125 0.01796875 0.03359375
0 0.82109375 0.2671875 0.0296875 0.0640625
0 0.8640625 0.1953125 0.02109375 0.0359375
0 0.88828125 0.2578125 0.021875 0.05234375
0 0.9171875 0.25703125 0.025 0.05078125
0 0.93984375 0.18515625 0.01796875 0.0359375
0 0.61015625 0.11171875 0.01640625 0.034375