0 0.45390625 0.19921875 0.0265625 0.0453125
0 0.496875 0.28984375 0.0265625 0.05546875
0 0.5375 0.31953125 0.0203125 0.0546875
0 0.60546875 0.3203125 0.0234375 0.05625
0 0.671875 0.28828125 0.03515625 0.065625
0 0.74375 0.32265625 0.03671875 0.053125
0 0.79140625 0.36875 0.03359375 0.06953125
0 0.90078125 0.3484375 0.03515625 0.06796875
0 0.8375 0.3 0.0296875 0.05546875
0 0.7765625 0.259375 0.0328125 0.06796875
0 0.71171875 0.2484375 0.02421875 0.04921875
0 0.625 0.2453125 0.03125 0.0640625
0 0.55859375 0.2546875 0.01796875 0.0515625
0 0.6296875 0.19453125 0.01953125 0.0390625
0 0.67734375 0.19609375 0.0203125 0.04609375
0 0.69921875 0.17890625 0.0171875 0.0453125
0 0.675 0.15859375 0.01875 0.034375
0 0.65234375 0.1515625 0.0171875 0.02890625
0 0.73125 0.1765625 0.01796875 0.0390625
0 0.75859375 0.20859375 0.01875 0.053125
0 0.778125 0.1953125 0.0234375 0.04609375
0 0.8109375 0.22890625 0.02421875 0.0578125
0 0.83125 0.19140625 0.02578125 0.0421875
0 0.86328125 0.2453125 0.025 0.0625
0 0.92265625 0.26328125 0.01640625 0.04375
0 0.92578125 0.24296875 0.0171875 0.03828125
0 0.928125 0.20390625 0.01796875 0.03359375
0 0.88671875 0.1984375 0.01796875 0.03671875
0 0.86875 0.1859375 0.01640625 0.0421875
0 0.85625 0.16171875 0.01328125 0.02890625
0 0.8671875 0.1328125 0.00859375 0.03671875
0 0.87421875 0.1171875 0.0171875 0.0328125
0 0.89140625 0.16640625 0.01328125 0.03046875
0 0.89765625 0.14609375 0.015625 0.0296875
0 0.9328125 0.14609375 0.01484375 0.02890625
0 0.89375 0.12578125 0.01328125 0.02734375
0 0.84296875 0.1078125 0.01796875 0.028125
0 0.8375 0.13203125 0.01484375 0.03671875
0 0.8171875 0.14140625 0.01796875 0.0359375
0 0.78125 0.146875 0.0171875 0.0359375
0 0.7515625 0.11328125 0.015625 0.03125
0 0.76640625 0.121875 0.01796875 0.0390625
0 0.73046875 0.10625 0.01875 0.03359375
0 0.70078125 0.090625 0.01875 0.03203125
0 0.66953125 0.10390625 0.01484375 0.028125
0 0.65625 0.1234375 0.0109375 0.0421875
0 0.64921875 0.1 0.0109375 0.03125
0 0.63828125 0.09140625 0.0109375 0.03984375
0 0.61640625 0.09140625 0.01796875 0.03203125
0 0.5890625 0.09921875 0.01328125 0.02421875
0 0.6125 0.15234375 0.0203125 0.0421875
0 0.58515625 0.1296875 0.0171875 0.0328125
0 0.56796875 0.12109375 0.01171875 0.0296875
0 0.56484375 0.1015625 0.009375 0.0265625
0 0.5484375 0.1109375 0.01875 0.03125
0 0.5671875 0.17578125 0.02421875 0.03828125
0 0.54453125 0.16875 0.0140625 0.03828125
0 0.5296875 0.19296875 0.02265625 0.0578125
0 0.50546875 0.178125 0.01796875 0.0453125
0 0.51328125 0.14375 0.009375 0.0296875
0 0.5109375 0.11328125 0.01171875 0.01875
0 0.48046875 0.17578125 0.02421875 0.046875
0 0.46953125 0.14375 0.0140625 0.0296875
0 0.44375 0.13828125 0.00859375 0.015625
0 0.4375 0.15625 0.01953125 0.02734375
0 0.4265625 0.178125 0.0203125 0.040625
0 0.40546875 0.1578125 0.02109375 0.025
0 0.36796875 0.1765625 0.0171875 0.0390625
0 0.3828125 0.1921875 0.01484375 0.034375
0 0.3890625 0.21640625 0.021875 0.0328125
0 0.4390625 0.21640625 0.01171875 0.02421875
0 0.37734375 0.2671875 0.01953125 0.0390625
0 0.35703125 0.2515625 0.02578125 0.0421875
0 0.2921875 0.26015625 0.021875 0.04296875
0 0.29921875 0.24140625 0.01953125 0.04453125
0 0.2828125 0.23828125 0.0203125 0.03828125
0 0.47578125 0.209375 0.015625 0.04453125