0 0.54296875 0.446875 0.0453125 0.09765625
0 0.6265625 0.39609375 0.046875 0.08359375
0 0.6703125 0.3625 0.03671875 0.0734375
0 0.6953125 0.32890625 0.0375 0.0734375
0 0.72265625 0.2796875 0.02734375 0.06328125
0 0.75859375 0.2953125 0.02890625 0.06015625
0 0.70546875 0.26015625 0.0296875 0.04453125
0 0.8078125 0.3171875 0.0328125 0.05859375
0 0.8484375 0.3421875 0.02890625 0.05625
0 0.91875 0.425 0.03515625 0.0734375
0 0.9171875 0.36796875 0.02578125 0.05625
0 0.83515625 0.37265625 0.03359375 0.06953125
0 0.80390625 0.39453125 0.0453125 0.08046875