0 0.9671875 0.41875 0.02109375 0.05625
0 0.125 0.46015625 0.028125 0.06171875
0 0.18046875 0.4484375 0.028125 0.05234375
0 0.2078125 0.5078125 0.02578125 0.0734375
0 0.24765625 0.43671875 0.0265625 0.0625
0 0.29765625 0.4109375 0.025 0.06171875
0 0.31484375 0.4875 0.03203125 0.065625
0 0.33125 0.3640625 0.01484375 0.04453125
0 0.3640625 0.36953125 0.02265625 0.05625
0 0.37578125 0.3421875 0.01171875 0.0359375
0 0.41875 0.3375 0.021875 0.053125
0 0.41875 0.3890625 0.02109375 0.04296875
0 0.42109375 0.43671875 0.0234375 0.06484375
0 0.3828125 0.478125 0.03984375 0.0875
0 0.46875 0.41953125 0.03125 0.0578125
0 0.47890625 0.35625 0.01640625 0.03984375
0 0.5421875 0.41015625 0.03203125 0.06328125
0 0.3890625 0.3046875 0.015625 0.0421875
0 0.3328125 0.30625 0.0171875 0.03671875
0 0.215625 0.36015625 0.01953125 0.04296875
0 0.16640625 0.3734375 0.01953125 0.04140625
0 0.146875 0.3609375 0.01953125 0.04765625
0 0.1109375 0.3515625 0.01953125 0.04140625
0 0.11796875 0.32578125 0.0140625 0.025
0 0.14609375 0.3140625 0.01328125 0.02421875
0 0.1890625 0.3421875 0.01796875 0.04453125
0 0.096875 0.3078125 0.015625 0.03359375
0 0.0921875 0.28359375 0.0140625 0.03125
0 0.134375 0.2765625 0.0140625 0.034375
0 0.1546875 0.2609375 0.01640625 0.034375
0 0.1765625 0.28515625 0.01484375 0.03515625
0 0.184375 0.25859375 0.015625 0.0328125
0 0.2078125 0.26796875 0.0203125 0.0390625
0 0.20859375 0.31171875 0.01484375 0.025
0 0.1859375 0.3109375 0.01171875 0.0234375
0 0.2515625 0.2984375 0.01484375 0.0375
0 0.240625 0.253125 0.01796875 0.0328125
0 0.2640625 0.2296875 0.01484375 0.03046875
0 0.25859375 0.26328125 0.01796875 0.0265625
0 0.28203125 0.24296875 0.0140625 0.0265625
0 0.2890625 0.25546875 0.0125 0.0296875
0 0.29765625 0.290625 0.0140625 0.04296875
0 0.31875 0.25 0.01484375 0.02734375
0 0.325 0.2234375 0.01484375 0.02578125
0 0.35 0.2171875 0.0078125 0.0234375
0 0.340625 0.23828125 0.01796875 0.02734375
0 0.371875 0.24765625 0.01328125 0.02265625
0 0.37734375 0.225 0.0125 0.02578125
0 0.38984375 0.22265625 0.0140625 0.03203125
0 0.40625 0.2046875 0.01171875 0.02890625
0 0.4125 0.22109375 0.0140625 0.02421875
0 0.415625 0.253125 0.0125 0.03125
0 0.43359375 0.26171875 0.01328125 0.03203125
0 0.45078125 0.221875 0.0125 0.03125
0 0.46875 0.26015625 0.0140625 0.03359375
0 0.4859375 0.25078125 0.0125 0.0296875
0 0.4703125 0.29453125 0.01328125 0.0453125
0 0.4890625 0.28046875 0.0140625 0.04140625
0 0.503125 0.2671875 0.01015625 0.0296875
0 0.534375 0.2421875 0.01484375 0.03046875
0 0.5390625 0.265625 0.015625 0.02265625
0 0.53984375 0.30390625 0.0140625 0.0375
0 0.509375 0.3203125 0.01875 0.0375
0 0.55859375 0.34609375 0.0203125 0.05
0 0.60234375 0.33828125 0.01796875 0.0453125
0 0.59921875 0.3 0.0125 0.0296875
0 0.575 0.30859375 0.01328125 0.03984375
0 0.5703125 0.2765625 0.0125 0.0375
0 0.578125 0.24375 0.0109375 0.03359375
0 0.60234375 0.271875 0.0140625 0.03203125
0 0.6171875 0.2625 0.015625 0.03046875
0 0.65 0.28671875 0.0125 0.03984375
0 0.6484375 0.32890625 0.01796875 0.04296875
0 0.67265625 0.35625 0.021875 0.05078125
0 0.70625 0.365625 0.0203125 0.04765625
0 0.7140625 0.30625 0.021875 0.04140625
0 0.74609375 0.37265625 0.01875 0.0546875
0 0.76875 0.34453125 0.021875 0.05234375