0 0.96875 0.41953125 0.0265625 0.06015625
0 0.76953125 0.33671875 0.0140625 0.04140625
0 0.66796875 0.35234375 0.02421875 0.0453125
0 0.7421875 0.3671875 0.025 0.0546875
0 0.71328125 0.37734375 0.01484375 0.04296875
0 0.715625 0.3 0.02109375 0.03203125
0 0.4625 0.39765625 0.03671875 0.04765625
0 0.4 0.41484375 0.03046875 0.05078125
0 0.3359375 0.43828125 0.0265625 0.065625
0 0.3046875 0.46640625 0.0359375 0.0625
0 0.19609375 0.5 0.03359375 0.065625
0 0.1765625 0.43203125 0.03828125 0.0609375
0 0.10703125 0.465625 0.0375 0.06796875
0 0.22578125 0.41484375 0.034375 0.046875
0 0.28671875 0.3984375 0.021875 0.07421875
0 0.32734375 0.3515625 0.0234375 0.046875
0 0.359375 0.37578125 0.03046875 0.05625
0 0.39921875 0.353125 0.0265625 0.05546875
0 0.54296875 0.4109375 0.03125 0.0625
0 0.553125 0.3328125 0.028125 0.05
0 0.5984375 0.3328125 0.02109375 0.0390625
0 0.6234375 0.32578125 0.0140625 0.040625
0 0.11875 0.39453125 0.01796875 0.05
0 0.08984375 0.3453125 0.021875 0.04296875
0 0.45390625 0.284375 0.02265625 0.03359375
0 0.5046875 0.3125 0.021875 0.04140625
0 0.59453125 0.29375 0.02265625 0.02421875
0 0.61640625 0.2546875 0.0203125 0.03359375
0 0.646875 0.2890625 0.02421875 0.02734375
0 0.31640625 0.2140625 0.0171875 0.02421875
0 0.26953125 0.2296875 0.0125 0.03515625
0 0.25546875 0.2296875 0.01171875 0.02265625
0 0.2390625 0.2375 0.01328125 0.02265625
0 0.17734375 0.24921875 0.01484375 0.01875
0 0.14921875 0.246875 0.01640625 0.02578125
0 0.12421875 0.271875 0.01640625 0.0203125
0 0.090625 0.278125 0.0140625 0.03359375
0 0.33828125 0.225 0.0125 0.03046875
0 0.359375 0.21171875 0.01484375 0.03203125
0 0.40078125 0.2015625 0.009375 0.0234375
0 0.4390625 0.22421875 0.015625 0.0328125
0 0.3109375 0.25390625 0.02265625 0.040625
0 0.275 0.25859375 0.01953125 0.0375
0 0.54375 0.23984375 0.0140625 0.03984375
0 0.57734375 0.24921875 0.01484375 0.03046875
0 0.56015625 0.2609375 0.01640625 0.0421875
0 0.49921875 0.26015625 0.021875 0.03203125
0 0.4703125 0.2640625 0.01484375 0.0484375
0 0.48046875 0.23515625 0.0140625 0.03046875
0 0.43125 0.24921875 0.021875 0.02734375
0 0.3734375 0.25 0.0203125 0.0234375
0 0.41171875 0.2453125 0.01796875 0.03515625
0 0.3375 0.26328125 0.0171875 0.03828125
0 0.38203125 0.28984375 0.01953125 0.0359375
0 0.41484375 0.3296875 0.02421875 0.03984375
0 0.24453125 0.28671875 0.02109375 0.04921875
0 0.20078125 0.3 0.0265625 0.04453125
0 0.178125 0.30546875 0.02265625 0.04296875
0 0.1625 0.26328125 0.01328125 0.02265625
0 0.134375 0.31640625 0.01796875 0.03359375
0 0.10859375 0.3234375 0.021875 0.04296875
0 0.15625 0.36875 0.02578125 0.04140625
0 0.1203125 0.39140625 0.02265625 0.059375
0 0.20703125 0.36171875 0.025 0.04453125