0 0.81328125 0.415625 0.04609375 0.06328125
0 0.25390625 0.340625 0.03828125 0.06328125
0 0.1328125 0.29921875 0.02734375 0.05546875
0 0.21328125 0.28828125 0.02734375 0.05234375
0 0.1984375 0.2265625 0.02421875 0.05625
0 0.16640625 0.20625 0.01640625 0.04140625
0 0.1359375 0.2296875 0.01484375 0.05546875
0 0.0921875 0.24609375 0.01796875 0.0609375
0 0.12109375 0.21484375 0.0140625 0.04765625
0 0.115625 0.1875 0.015625 0.03828125
0 0.13359375 0.14140625 0.01640625 0.040625
0 0.15234375 0.1765625 0.01328125 0.03828125
0 0.19765625 0.17109375 0.0140625 0.03828125
0 0.22578125 0.1984375 0.02421875 0.0390625
0 0.24453125 0.22109375 0.02421875 0.05390625
0 0.290625 0.259375 0.03203125 0.0578125
0 0.3296875 0.334375 0.03515625 0.07578125
0 0.340625 0.2578125 0.03125 0.05234375
0 0.33125 0.19453125 0.01875 0.03515625
0 0.2953125 0.2140625 0.0234375 0.034375
0 0.27578125 0.1921875 0.0140625 0.03046875
0 0.2375 0.165625 0.0109375 0.028125
0 0.25234375 0.15078125 0.0125 0.03125
0 0.2375 0.1203125 0.01015625 0.02578125
0 0.22421875 0.140625 0.0125 0.03203125
0 0.20703125 0.1421875 0.01328125 0.02421875
0 0.27578125 0.15078125 0.01953125 0.03125
0 0.31953125 0.15703125 0.0140625 0.02734375
0 0.30625 0.18671875 0.01640625 0.03359375
0 0.35078125 0.1609375 0.01875 0.02890625
0 0.38203125 0.2 0.01875 0.0375
0 0.3828125 0.25625 0.03046875 0.05625
0 0.425 0.23515625 0.02265625 0.03203125
0 0.4640625 0.30625 0.0390625 0.06015625
0 0.50390625 0.29140625 0.02109375 0.046875
0 0.32578125 0.11484375 0.0203125 0.03671875
0 0.35546875 0.11484375 0.0171875 0.034375
0 0.378125 0.13203125 0.01484375 0.02421875
0 0.3921875 0.09921875 0.01328125 0.021875
0 0.39375 0.14296875 0.01328125 0.02578125
0 0.415625 0.14296875 0.0140625 0.02890625
0 0.43984375 0.13203125 0.02109375 0.021875
0 0.428125 0.16328125 0.01640625 0.0359375
0 0.459375 0.18671875 0.02109375 0.04453125
0 0.48828125 0.18125 0.02109375 0.03671875
0 0.4765625 0.12734375 0.021875 0.03671875
0 0.51015625 0.13046875 0.01796875 0.0296875
0 0.534375 0.1546875 0.0140625 0.0390625
0 0.55078125 0.14765625 0.0125 0.0328125
0 0.5734375 0.1734375 0.02578125 0.03515625
0 0.60234375 0.16796875 0.00859375 0.0296875
0 0.54453125 0.2171875 0.01875 0.04375
0 0.503125 0.209375 0.0203125 0.04765625
0 0.57734375 0.2125 0.0265625 0.04375
0 0.59453125 0.26015625 0.0203125 0.0515625
0 0.62578125 0.275 0.01953125 0.05078125
0 0.640625 0.23984375 0.01875 0.04140625
0 0.6296875 0.190625 0.01640625 0.03515625
0 0.65859375 0.2 0.0125 0.0328125
0 0.665625 0.2515625 0.0171875 0.03984375
0 0.68203125 0.24921875 0.01640625 0.040625
0 0.7296875 0.26328125 0.0234375 0.0546875
0 0.6703125 0.2125 0.0140625 0.03515625