0 0.11953125 0.54375 0.040625 0.08828125
0 0.84921875 0.50234375 0.03125 0.0671875
0 0.859375 0.43125 0.0296875 0.05625
0 0.93828125 0.46171875 0.03984375 0.05390625
0 0.934375 0.390625 0.025 0.0625
0 0.94921875 0.35546875 0.02421875 0.03828125
0 0.9234375 0.334375 0.015625 0.0265625
0 0.93359375 0.3109375 0.01171875 0.0234375
0 0.95234375 0.30234375 0.01328125 0.03203125
0 0.96015625 0.27578125 0.01640625 0.0328125
0 0.9140625 0.26953125 0.02578125 0.02890625
0 0.88984375 0.2546875 0.015625 0.03515625
0 0.8640625 0.2671875 0.00859375 0.03359375
0 0.85703125 0.25 0.01875 0.01640625
0 0.8640625 0.30546875 0.01640625 0.0265625
0 0.884375 0.32578125 0.0234375 0.04453125
0 0.8796875 0.3703125 0.0171875 0.04609375
0 0.82734375 0.35078125 0.025 0.04296875
0 0.79921875 0.42578125 0.028125 0.0734375
0 0.715625 0.54453125 0.02890625 0.07265625
0 0.73671875 0.4 0.02578125 0.05390625
0 0.70390625 0.35625 0.02265625 0.04453125
0 0.67265625 0.38515625 0.028125 0.0625
0 0.65703125 0.33671875 0.025 0.0421875
0 0.63984375 0.296875 0.01953125 0.0359375
0 0.609375 0.3296875 0.0265625 0.03515625
0 0.603125 0.3734375 0.021875 0.046875
0 0.62109375 0.42578125 0.0171875 0.059375
0 0.6453125 0.46171875 0.02890625 0.07734375
0 0.5546875 0.40078125 0.0203125 0.05234375
0 0.55546875 0.34921875 0.01796875 0.04453125
0 0.49375 0.396875 0.0265625 0.0625
0 0.6984375 0.28046875 0.01484375 0.02578125
0 0.6859375 0.28046875 0.01953125 0.0421875
0 0.72109375 0.24453125 0.0203125 0.034375
0 0.7234375 0.3015625 0.02109375 0.04765625
0 0.7515625 0.253125 0.0140625 0.03671875
0 0.78984375 0.28671875 0.0203125 0.03515625
0 0.8296875 0.2984375 0.01953125 0.02890625
0 0.834375 0.27109375 0.015625 0.0375
0 0.82421875 0.2375 0.01640625 0.03125
0 0.79453125 0.24453125 0.015625 0.03359375
0 0.778125 0.2640625 0.01953125 0.0390625
0 0.76484375 0.22265625 0.01796875 0.02421875
0 0.74375 0.228125 0.015625 0.02421875
0 0.7 0.2203125 0.0171875 0.03125
0 0.6875 0.22734375 0.01328125 0.0234375
0 0.6796875 0.209375 0.0140625 0.02421875
0 0.64453125 0.2421875 0.01640625 0.04375
0 0.61171875 0.2125 0.0171875 0.02734375
0 0.61875 0.2 0.01484375 0.03203125
0 0.6421875 0.209375 0.0171875 0.02734375
0 0.6046875 0.2421875 0.015625 0.02890625
0 0.58203125 0.25390625 0.01875 0.0375
0 0.57734375 0.21328125 0.0171875 0.02890625
0 0.5515625 0.23828125 0.01796875 0.0359375
0 0.5640625 0.28359375 0.02421875 0.04296875
0 0.5359375 0.259375 0.025 0.0375
0 0.51953125 0.23984375 0.015625 0.03828125
0 0.50625 0.26171875 0.01484375 0.0359375
0 0.46484375 0.24453125 0.0140625 0.03359375
0 0.4796875 0.2625 0.01484375 0.03828125
0 0.47578125 0.225 0.0171875 0.02890625
0 0.45078125 0.2578125 0.015625 0.034375
0 0.48359375 0.309375 0.0234375 0.03671875
0 0.50703125 0.32265625 0.02265625 0.053125
0 0.44453125 0.3265625 0.01875 0.034375
0 0.4125 0.32734375 0.0171875 0.03828125
0 0.41171875 0.2984375 0.0125 0.040625
0 0.42734375 0.25703125 0.0171875 0.0421875
0 0.3984375 0.25234375 0.01328125 0.03203125
0 0.390625 0.33359375 0.021875 0.040625
0 0.3546875 0.32734375 0.015625 0.046875
0 0.35703125 0.28671875 0.01875 0.034375
0 0.334375 0.3609375 0.0203125 0.05703125
0 0.28359375 0.3078125 0.0125 0.03359375
0 0.290625 0.3625 0.01875 0.0453125
0 0.26171875 0.34296875 0.02265625 0.05859375
0 0.22734375 0.33515625 0.01640625 0.03984375