0 0.16796875 0.46484375 0.0484375 0.0671875
0 0.8421875 0.3328125 0.028125 0.05390625
0 0.95234375 0.2546875 0.021875 0.04921875
0 0.925 0.2609375 0.015625 0.04140625
0 0.871875 0.23359375 0.01796875 0.04375
0 0.88359375 0.20859375 0.0171875 0.04375
0 0.8984375 0.18046875 0.01484375 0.0328125
0 0.90859375 0.15 0.0125 0.03671875
0 0.8765625 0.1546875 0.01484375 0.04375
0 0.85703125 0.1984375 0.01640625 0.04765625
0 0.8359375 0.22265625 0.01953125 0.046875
0 0.78359375 0.290625 0.03828125 0.05078125
0 0.7734375 0.23359375 0.0171875 0.04609375
0 0.78125 0.19453125 0.01953125 0.03828125
0 0.8125 0.18359375 0.0171875 0.03671875
0 0.84453125 0.15078125 0.0171875 0.03046875
0 0.79296875 0.1484375 0.015625 0.03359375
0 0.7734375 0.15703125 0.01328125 0.03671875
0 0.77578125 0.128125 0.0171875 0.0359375
0 0.746875 0.1484375 0.0140625 0.03359375
0 0.7453125 0.203125 0.0171875 0.04296875
0 0.73515625 0.16484375 0.0109375 0.03359375
0 0.72109375 0.15546875 0.01328125 0.03203125
0 0.709375 0.18515625 0.01640625 0.0453125
0 0.69375 0.15234375 0.01171875 0.025
0 0.7390625 0.12421875 0.0140625 0.02265625
0 0.7328125 0.28828125 0.0203125 0.07734375
0 0.7171875 0.2328125 0.0140625 0.0421875
0 0.67578125 0.2671875 0.0265625 0.05234375
0 0.6828125 0.2046875 0.0171875 0.0484375
0 0.66875 0.17578125 0.01953125 0.0375
0 0.64140625 0.19609375 0.02109375 0.03671875
0 0.6328125 0.2453125 0.021875 0.0625
0 0.6125 0.328125 0.03125 0.075
0 0.5828125 0.29296875 0.02734375 0.0640625
0 0.5765625 0.21953125 0.02578125 0.0578125
0 0.53671875 0.28828125 0.03046875 0.04375
0 0.57421875 0.16328125 0.015625 0.03046875
0 0.62734375 0.146875 0.0125 0.03359375
0 0.64609375 0.1375 0.01171875 0.03203125
0 0.67265625 0.12265625 0.0171875 0.03046875
0 0.615625 0.12421875 0.0125 0.03359375
0 0.60390625 0.1421875 0.0140625 0.03359375
0 0.55703125 0.13203125 0.01953125 0.02578125
0 0.5328125 0.17109375 0.0125 0.0375
0 0.5328125 0.2078125 0.0171875 0.034375
0 0.50390625 0.196875 0.01640625 0.0328125
0 0.490625 0.2296875 0.02109375 0.04453125
0 0.49609375 0.1515625 0.015625 0.0375
0 0.465625 0.159375 0.015625 0.04140625
0 0.45 0.1609375 0.01640625 0.03359375
0 0.43828125 0.19140625 0.01640625 0.03515625
0 0.44296875 0.23046875 0.0171875 0.04765625
0 0.396875 0.29140625 0.01953125 0.046875
0 0.38125 0.27265625 0.02421875 0.05390625
0 0.3546875 0.26484375 0.01875 0.05
0 0.359375 0.22109375 0.01640625 0.04375
0 0.39609375 0.2203125 0.0265625 0.0515625
0 0.41328125 0.19140625 0.01796875 0.040625
0 0.3875 0.18828125 0.0140625 0.040625
0 0.32265625 0.22109375 0.01328125 0.0359375
0 0.34765625 0.20703125 0.01171875 0.03046875
0 0.3 0.24921875 0.0203125 0.0328125
0 0.30234375 0.30546875 0.01875 0.04609375
0 0.275 0.26484375 0.02109375 0.04375
0 0.25859375 0.26015625 0.015625 0.03515625