0 0.9265625 0.24765625 0.03046875 0.03046875
0 0.86171875 0.24765625 0.02265625 0.03828125
0 0.68671875 0.14765625 0.02265625 0.05859375
0 0.58984375 0.21796875 0.021875 0.046875
0 0.553125 0.221875 0.02890625 0.05390625
0 0.434375 0.1875 0.01640625 0.0296875
0 0.4390625 0.15703125 0.025 0.05078125
0 0.37578125 0.275 0.0375 0.07578125
0 0.37734375 0.20546875 0.01796875 0.05390625
0 0.33125 0.2203125 0.0359375 0.046875
0 0.33046875 0.16953125 0.025 0.034375
0 0.0640625 0.22421875 0.03125 0.0453125