0 0.090625 0.37109375 0.04765625 0.053125
0 0.10390625 0.28046875 0.034375 0.07109375
0 0.17421875 0.24140625 0.03359375 0.046875
0 0.21484375 0.23515625 0.0265625 0.05703125
0 0.1859375 0.37109375 0.040625 0.08515625
0 0.23515625 0.346875 0.03359375 0.0765625
0 0.27265625 0.28203125 0.0296875 0.06015625
0 0.31328125 0.2484375 0.025 0.06171875
0 0.24921875 0.19765625 0.0265625 0.040625
0 0.31015625 0.153125 0.021875 0.02890625
0 0.3390625 0.171875 0.02109375 0.034375
0 0.3796875 0.1875 0.025 0.065625
0 0.47109375 0.18515625 0.03203125 0.04375
0 0.5171875 0.19453125 0.0421875 0.04375