0 0.203125 0.359375 0.04609375 0.09375
0 0.7015625 0.31875 0.03203125 0.065625
0 0.728125 0.28125 0.03046875 0.06328125
0 0.609375 0.2984375 0.0296875 0.0578125
0 0.609375 0.23828125 0.03125 0.06875
0 0.590625 0.2359375 0.021875 0.0453125
0 0.63671875 0.22109375 0.03046875 0.0484375
0 0.75625 0.2359375 0.01875 0.0453125
0 0.8421875 0.284375 0.02578125 0.04609375
0 0.87421875 0.2609375 0.02265625 0.05
0 0.9265625 0.2765625 0.0265625 0.0546875
0 0.86796875 0.334375 0.025 0.06328125
0 0.83125 0.240625 0.025 0.0375
0 0.7953125 0.24375 0.01640625 0.03125
0 0.70703125 0.1703125 0.01953125 0.0328125
0 0.6640625 0.2109375 0.015625 0.04140625
0 0.696875 0.15625 0.009375 0.025
0 0.7359375 0.18671875 0.0140625 0.028125
0 0.78671875 0.17734375 0.0171875 0.0390625
0 0.8984375 0.2328125 0.015625 0.0390625
0 0.9390625 0.21953125 0.02265625 0.0390625
0 0.903125 0.18125 0.01953125 0.04140625
0 0.94921875 0.18671875 0.025 0.0375
0 0.9421875 0.15234375 0.02109375 0.04453125
0 0.85625 0.0625 0.01640625 0.03125
0 0.87578125 0.15546875 0.025 0.0390625
0 0.8671875 0.18046875 0.01796875 0.03046875
0 0.84140625 0.14921875 0.02109375 0.0375
0 0.8296875 0.1671875 0.01875 0.03203125
0 0.8015625 0.15078125 0.0203125 0.04375
0 0.7875 0.11953125 0.0203125 0.03984375
0 0.77265625 0.140625 0.01875 0.0484375
0 0.73046875 0.1359375 0.02109375 0.0390625
0 0.70859375 0.1125 0.0140625 0.0375
0 0.68671875 0.11640625 0.015625 0.0484375
0 0.6703125 0.096875 0.01328125 0.0234375
0 0.65078125 0.125 0.025 0.04140625
0 0.628125 0.125 0.015625 0.0390625
0 0.6109375 0.0859375 0.015625 0.0234375
0 0.59921875 0.1203125 0.01875 0.03203125
0 0.59453125 0.15625 0.0234375 0.03984375
0 0.57578125 0.115625 0.015625 0.03828125
0 0.57109375 0.1609375 0.01875 0.04453125
0 0.54453125 0.12578125 0.0203125 0.0375
0 0.53828125 0.15625 0.0203125 0.03984375
0 0.5296875 0.10390625 0.01328125 0.01953125
0 0.52265625 0.203125 0.01640625 0.03515625
0 0.509375 0.1828125 0.0109375 0.0296875
0 0.48828125 0.1234375 0.009375 0.03203125
0 0.4953125 0.16875 0.021875 0.04765625
0 0.47421875 0.134375 0.0203125 0.0390625
0 0.45234375 0.17421875 0.0234375 0.03984375
0 0.48515625 0.2234375 0.03046875 0.06015625
0 0.4453125 0.22734375 0.02421875 0.059375
0 0.43671875 0.21328125 0.02421875 0.0515625
0 0.40234375 0.22421875 0.028125 0.04375
0 0.4328125 0.16484375 0.01875 0.03671875
0 0.4078125 0.171875 0.02421875 0.03515625
0 0.41015625 0.15078125 0.0171875 0.0359375
0 0.34609375 0.175 0.02890625 0.053125