0 0.81015625 0.41953125 0.0609375 0.12109375
0 0.08671875 0.428125 0.05234375 0.08359375
0 0.17734375 0.353125 0.0390625 0.07734375
0 0.25234375 0.32421875 0.03984375 0.08046875
0 0.3015625 0.32421875 0.03984375 0.06953125
0 0.3609375 0.30078125 0.03359375 0.0640625
0 0.4640625 0.328125 0.03359375 0.06015625
0 0.371875 0.24765625 0.02734375 0.0453125
0 0.0890625 0.296875 0.03125 0.0640625
0 0.1359375 0.2484375 0.03046875 0.0625
0 0.415625 0.24453125 0.02578125 0.05625
0 0.63046875 0.27734375 0.03125 0.05703125
0 0.2234375 0.26796875 0.03125 0.0640625
0 0.26796875 0.2515625 0.03046875 0.0640625
0 0.5015625 0.35390625 0.03125 0.0546875
0 0.53359375 0.2390625 0.02578125 0.05078125
0 0.6015625 0.21953125 0.01953125 0.04765625
0 0.30078125 0.23203125 0.0203125 0.0453125
0 0.33515625 0.21484375 0.02578125 0.05703125
0 0.3828125 0.20625 0.02109375 0.04609375
0 0.70859375 0.275 0.01875 0.03828125
0 0.70078125 0.2453125 0.0203125 0.0328125
0 0.71796875 0.25078125 0.015625 0.03125
0 0.56484375 0.23359375 0.0265625 0.0484375
0 0.1890625 0.24140625 0.02890625 0.0515625
0 0.1203125 0.21015625 0.02578125 0.05
0 0.0703125 0.2421875 0.02421875 0.04453125
0 0.17109375 0.20859375 0.0234375 0.046875
0 0.2296875 0.2125 0.02734375 0.04765625
0 0.4046875 0.17109375 0.0203125 0.0375
0 0.50703125 0.19296875 0.0203125 0.0421875
0 0.27109375 0.19921875 0.025 0.04609375
0 0.31015625 0.18671875 0.0203125 0.04453125
0 0.45078125 0.17734375 0.01796875 0.040625
0 0.5375 0.19609375 0.0234375 0.04296875
0 0.578125 0.178125 0.01953125 0.04375
0 0.47109375 0.1734375 0.015625 0.04453125
0 0.3859375 0.146875 0.01953125 0.040625
0 0.19765625 0.14765625 0.01875 0.040625
0 0.21875 0.140625 0.0203125 0.04765625
0 0.23515625 0.13203125 0.01640625 0.03828125
0 0.2515625 0.14765625 0.01796875 0.03515625
0 0.2546875 0.11640625 0.01640625 0.03125
0 0.296875 0.103125 0.01875 0.03203125
0 0.325 0.10859375 0.01953125 0.03203125
0 0.3453125 0.13203125 0.0171875 0.03203125
0 0.4859375 0.12734375 0.01640625 0.028125
0 0.15234375 0.1734375 0.02265625 0.040625
0 0.3453125 0.1828125 0.021875 0.040625
0 0.1359375 0.1390625 0.0203125 0.03359375
0 0.54375 0.15234375 0.0140625 0.03515625
0 0.528125 0.1546875 0.01796875 0.0359375
0 0.434375 0.13125 0.01640625 0.03515625
0 0.109375 0.17109375 0.02734375 0.05234375