0 0.61953125 0.09453125 0.01484375 0.0234375
0 0.6578125 0.209375 0.02109375 0.034375
0 0.590625 0.23125 0.01953125 0.04140625
0 0.578125 0.21171875 0.01875 0.040625
0 0.559375 0.21953125 0.02265625 0.05234375
0 0.51171875 0.2125 0.02109375 0.053125
0 0.496875 0.1859375 0.0203125 0.0453125
0 0.4953125 0.13671875 0.01875 0.0359375
0 0.46640625 0.19453125 0.02421875 0.05234375
0 0.415625 0.175 0.01953125 0.04921875
0 0.378125 0.1375 0.01796875 0.04140625
0 0.33671875 0.19140625 0.0203125 0.04921875
0 0.36328125 0.25390625 0.0296875 0.0578125
0 0.27890625 0.18515625 0.02109375 0.04921875
0 0.30078125 0.3078125 0.02890625 0.0609375
0 0.23671875 0.259375 0.02421875 0.05
0 0.1578125 0.19921875 0.01953125 0.03203125
0 0.1671875 0.23125 0.02109375 0.0546875
0 0.10859375 0.2234375 0.01953125 0.0453125
0 0.07421875 0.21328125 0.01796875 0.0390625
0 0.1328125 0.28828125 0.02265625 0.053125
0 0.15546875 0.33671875 0.02890625 0.0609375