0 0.828125 0.5046875 0.04765625 0.08125
0 0.0921875 0.17421875 0.02109375 0.05
0 0.05625 0.27421875 0.01875 0.06328125
0 0.15078125 0.2890625 0.03359375 0.0640625
0 0.14765625 0.34296875 0.025 0.05
0 0.21328125 0.31328125 0.02734375 0.04921875
0 0.26953125 0.2890625 0.02421875 0.0640625
0 0.22890625 0.24765625 0.02109375 0.0640625
0 0.1828125 0.1890625 0.01953125 0.05078125
0 0.21328125 0.209375 0.025 0.0421875
0 0.25703125 0.20703125 0.02265625 0.04453125
0 0.28359375 0.2328125 0.01953125 0.046875
0 0.30703125 0.27265625 0.02890625 0.0640625
0 0.3609375 0.3125 0.02578125 0.06796875
0 0.41171875 0.29296875 0.03671875 0.05
0 0.4734375 0.32109375 0.03671875 0.07734375
0 0.60390625 0.28828125 0.025 0.06171875
0 0.69921875 0.278125 0.021875 0.02890625
0 0.74609375 0.275 0.02421875 0.03515625
0 0.51875 0.2421875 0.0234375 0.04453125
0 0.56015625 0.25078125 0.0171875 0.04453125
0 0.60703125 0.2359375 0.02578125 0.040625
0 0.6421875 0.22265625 0.021875 0.046875
0 0.6234375 0.196875 0.0125 0.02890625
0 0.1484375 0.22890625 0.02265625 0.04375
0 0.140625 0.18203125 0.01640625 0.0375
0 0.2109375 0.16953125 0.01953125 0.025
0 0.25390625 0.125 0.01953125 0.03515625
0 0.221875 0.13671875 0.01875 0.034375
0 0.31328125 0.1296875 0.02578125 0.0375
0 0.3015625 0.16875 0.01875 0.02109375
0 0.2765625 0.15546875 0.01953125 0.03046875
0 0.3703125 0.15078125 0.01796875 0.03671875
0 0.421875 0.128125 0.01171875 0.034375
0 0.41875 0.1875 0.02109375 0.04765625
0 0.34609375 0.20625 0.0265625 0.0390625
0 0.3140625 0.21796875 0.02421875 0.04609375
0 0.55234375 0.17734375 0.021875 0.01953125
0 0.53125 0.153125 0.0140625 0.034375
0 0.509375 0.1546875 0.0140625 0.0453125
0 0.48125 0.21015625 0.0171875 0.03828125