0 0.7578125 0.36171875 0.02734375 0.0703125
0 0.83828125 0.290625 0.021875 0.05703125
0 0.859375 0.25390625 0.028125 0.0609375
0 0.903125 0.27734375 0.02265625 0.04609375
0 0.86875 0.2 0.02578125 0.03359375
0 0.85 0.16875 0.0171875 0.034375
0 0.83671875 0.1921875 0.01796875 0.0375
0 0.81640625 0.21875 0.01953125 0.0453125
0 0.80703125 0.2359375 0.02578125 0.04765625
0 0.78671875 0.284375 0.028125 0.05546875
0 0.81171875 0.16015625 0.01875 0.0375
0 0.80234375 0.1890625 0.015625 0.0421875
0 0.78984375 0.14375 0.02265625 0.03515625
0 0.76328125 0.13203125 0.01953125 0.04765625
0 0.7765625 0.190625 0.0203125 0.04296875
0 0.7546875 0.171875 0.02109375 0.0375
0 0.75390625 0.21796875 0.028125 0.053125
0 0.73046875 0.18828125 0.02265625 0.03515625
0 0.71484375 0.159375 0.01484375 0.02421875
0 0.671875 0.16484375 0.02421875 0.0375
0 0.71875 0.24609375 0.025 0.05546875
0 0.6953125 0.22890625 0.0234375 0.0421875
0 0.64296875 0.22578125 0.02421875 0.04296875
0 0.63984375 0.1828125 0.0234375 0.04140625
0 0.603125 0.21875 0.02890625 0.0515625
0 0.59375 0.26328125 0.0265625 0.05546875
0 0.640625 0.253125 0.01875 0.03671875
0 0.64921875 0.2984375 0.0375 0.075
0 0.55703125 0.253125 0.0296875 0.04921875
0 0.5484375 0.29609375 0.0328125 0.065625
0 0.49609375 0.3046875 0.03203125 0.05703125
0 0.6140625 0.14375 0.02109375 0.02265625
0 0.61171875 0.125 0.01640625 0.03671875
0 0.584375 0.10234375 0.01484375 0.03515625
0 0.5828125 0.15078125 0.01796875 0.03984375
0 0.55859375 0.14140625 0.0140625 0.0296875
0 0.5640625 0.17265625 0.021875 0.03359375
0 0.53046875 0.18359375 0.01484375 0.04453125
0 0.50859375 0.14921875 0.01328125 0.03515625
0 0.521875 0.20078125 0.01796875 0.04921875
0 0.48203125 0.21953125 0.0296875 0.04765625
0 0.459375 0.15859375 0.0265625 0.05546875
0 0.41953125 0.18671875 0.01875 0.0375
0 0.40859375 0.23125 0.01875 0.040625
0 0.3703125 0.196875 0.01640625 0.0359375
0 0.37734375 0.24453125 0.01796875 0.0421875
0 0.3796875 0.30234375 0.03671875 0.04921875
0 0.33203125 0.26328125 0.0203125 0.04921875
0 0.31015625 0.29140625 0.02109375 0.05859375
0 0.30859375 0.25234375 0.01796875 0.0359375
0 0.328125 0.221875 0.01953125 0.0328125
0 0.2890625 0.25859375 0.01328125 0.0390625
0 0.2765625 0.23984375 0.0171875 0.03828125
0 0.0609375 0.2859375 0.01640625 0.02890625