0 0.2046875 0.34453125 0.03828125 0.0859375
0 0.3140625 0.2421875 0.0234375 0.03828125
0 0.31953125 0.2125 0.01640625 0.03515625
0 0.34765625 0.2078125 0.01953125 0.034375
0 0.5125 0.2875 0.02734375 0.03984375
0 0.59609375 0.31953125 0.028125 0.053125
0 0.67421875 0.34140625 0.0328125 0.059375
0 0.734375 0.3734375 0.03203125 0.059375
0 0.4734375 0.2375 0.02734375 0.05
0 0.44453125 0.2234375 0.01640625 0.02890625
0 0.5921875 0.2421875 0.02421875 0.046875
0 0.62421875 0.26640625 0.028125 0.04140625
0 0.6671875 0.29375 0.0328125 0.0390625
0 0.6328125 0.2203125 0.028125 0.0328125
0 0.6796875 0.21796875 0.028125 0.04140625
0 0.71953125 0.23515625 0.0296875 0.04296875
0 0.42109375 0.2015625 0.0203125 0.0328125
0 0.41875 0.16875 0.0171875 0.02890625
0 0.5578125 0.1875 0.0171875 0.03671875
0 0.4765625 0.19375 0.0203125 0.025
0 0.45546875 0.1796875 0.0203125 0.034375
0 0.4484375 0.15859375 0.0171875 0.021875
0 0.50546875 0.15390625 0.0203125 0.025
0 0.5921875 0.17421875 0.0171875 0.02890625
0 0.6 0.14140625 0.01328125 0.02265625
0 0.52265625 0.159375 0.01328125 0.03125
0 0.53828125 0.13515625 0.01484375 0.02578125
0 0.5921875 0.109375 0.015625 0.0234375
0 0.61328125 0.1015625 0.01328125 0.028125
0 0.63203125 0.10234375 0.01171875 0.02109375
0 0.64140625 0.1171875 0.0078125 0.01796875
0 0.66796875 0.11328125 0.01640625 0.02109375
0 0.6484375 0.14921875 0.01328125 0.02890625
0 0.6734375 0.17265625 0.01953125 0.0390625
0 0.8921875 0.40859375 0.03203125 0.0828125
0 0.91171875 0.32578125 0.0265625 0.0640625
0 0.85078125 0.309375 0.02578125 0.0484375
0 0.82578125 0.353125 0.03359375 0.06953125
0 0.821875 0.27890625 0.0265625 0.0515625
0 0.8296875 0.22734375 0.02421875 0.0375
0 0.790625 0.21640625 0.01640625 0.0296875
0 0.7796875 0.18671875 0.01953125 0.02890625
0 0.75390625 0.178125 0.0171875 0.02890625
0 0.7734375 0.125 0.01015625 0.0265625
0 0.78671875 0.13828125 0.01875 0.02734375
0 0.76328125 0.14765625 0.01484375 0.0296875
0 0.79609375 0.16640625 0.01640625 0.02890625
0 0.81328125 0.19140625 0.02109375 0.04375
0 0.8265625 0.17890625 0.01796875 0.0375
0 0.85 0.16328125 0.021875 0.046875
0 0.88046875 0.159375 0.01796875 0.03671875
0 0.91171875 0.1578125 0.01640625 0.03046875
0 0.8890625 0.2328125 0.0203125 0.05859375
0 0.70703125 0.19921875 0.0203125 0.0421875
0 0.70625 0.16328125 0.01796875 0.03515625
0 0.69140625 0.12734375 0.01796875 0.02734375
0 0.70390625 0.121875 0.0140625 0.03125
0 0.86484375 0.196875 0.01640625 0.03125
0 0.46875 0.13515625 0.02265625 0.0375
0 0.74609375 0.13359375 0.01796875 0.0421875