0 0.08203125 0.4046875 0.0453125 0.09375
0 0.1828125 0.390625 0.04453125 0.0875
0 0.240625 0.3453125 0.040625 0.0765625
0 0.17890625 0.2640625 0.0265625 0.03984375
0 0.22421875 0.23671875 0.03203125 0.04921875
0 0.25390625 0.2109375 0.021875 0.04765625
0 0.27421875 0.3125 0.02890625 0.05703125
0 0.3328125 0.25625 0.0265625 0.05859375
0 0.32109375 0.2171875 0.01875 0.04765625
0 0.3390625 0.203125 0.01640625 0.04765625
0 0.46015625 0.1921875 0.028125 0.04609375
0 0.5171875 0.19453125 0.0375 0.06875
0 0.3734375 0.20703125 0.028125 0.05546875
0 0.29296875 0.20390625 0.0203125 0.04921875
0 0.48203125 0.271875 0.03515625 0.0703125