0 0.85859375 0.36328125 0.0390625 0.09453125
0 0.9125 0.45078125 0.03359375 0.06640625
0 0.89296875 0.3875 0.04140625 0.0703125
0 0.82578125 0.49453125 0.0546875 0.09921875
0 0.79921875 0.3421875 0.028125 0.06484375
0 0.77578125 0.3375 0.0296875 0.084375
0 0.196875 0.25 0.03984375 0.10546875
0 0.13671875 0.27734375 0.059375 0.11171875
0 0.31875 0.046875 0.02109375 0.04296875
0 0.28125 0.12578125 0.021875 0.0515625
0 0.3359375 0.109375 0.0234375 0.0515625
0 0.57109375 0.1640625 0.0296875 0.05546875
0 0.63046875 0.17109375 0.02421875 0.05859375