0 0.05390625 0.52890625 0.0515625 0.1125
0 0.6734375 0.3203125 0.03203125 0.06328125
0 0.7171875 0.278125 0.02421875 0.05390625
0 0.77734375 0.28828125 0.02109375 0.06171875
0 0.7609375 0.2203125 0.02578125 0.04765625
0 0.70546875 0.225 0.0171875 0.05078125
0 0.66484375 0.196875 0.02890625 0.0375
0 0.6609375 0.2390625 0.02265625 0.0484375
0 0.603125 0.19296875 0.01796875 0.04296875
0 0.60703125 0.23828125 0.01875 0.03828125
0 0.59921875 0.31640625 0.04375 0.06953125
0 0.5484375 0.28671875 0.028125 0.06484375
0 0.56484375 0.23203125 0.01640625 0.04765625
0 0.48203125 0.29765625 0.01328125 0.071875
0 0.69140625 0.165625 0.0125 0.02421875
0 0.65390625 0.16796875 0.00859375 0.034375
0 0.69140625 0.134375 0.0125 0.034375
0 0.703125 0.13359375 0.01015625 0.0328125
0 0.7328125 0.1171875 0.01171875 0.03671875
0 0.7515625 0.09296875 0.01796875 0.021875
0 0.76171875 0.12578125 0.01171875 0.02890625
0 0.7625 0.16015625 0.01328125 0.03125
0 0.7453125 0.17734375 0.0203125 0.03828125
0 0.7359375 0.14609375 0.00859375 0.0234375
0 0.7953125 0.171875 0.01015625 0.04453125
0 0.81015625 0.15703125 0.01484375 0.04296875
0 0.796875 0.13046875 0.0078125 0.03515625
0 0.809375 0.12109375 0.01015625 0.0265625
0 0.79296875 0.10546875 0.00859375 0.02578125
0 0.82578125 0.1328125 0.01640625 0.034375
0 0.8484375 0.14375 0.009375 0.034375
0 0.865625 0.1171875 0.0109375 0.0328125
0 0.86328125 0.1484375 0.01484375 0.028125
0 0.89921875 0.12734375 0.0125 0.03203125
0 0.928125 0.14921875 0.0125 0.0265625
0 0.9234375 0.18671875 0.015625 0.04140625
0 0.89140625 0.159375 0.015625 0.040625
0 0.8796875 0.17890625 0.01640625 0.04140625
0 0.86953125 0.21796875 0.0203125 0.04296875
0 0.84453125 0.17890625 0.01640625 0.040625
0 0.9140625 0.27578125 0.0265625 0.0375
0 0.68984375 0.0890625 0.0171875 0.025
0 0.67109375 0.1171875 0.0140625 0.0328125
0 0.6421875 0.1 0.0171875 0.0265625
0 0.6234375 0.09375 0.00859375 0.0296875
0 0.59375 0.08984375 0.01640625 0.0265625
0 0.60625 0.11171875 0.00859375 0.01875
0 0.6171875 0.1359375 0.01328125 0.02578125
0 0.5828125 0.11328125 0.01796875 0.028125
0 0.55234375 0.09921875 0.01015625 0.021875
0 0.575 0.13671875 0.0125 0.03359375
0 0.57109375 0.15859375 0.0171875 0.034375
0 0.54375 0.1546875 0.021875 0.03203125
0 0.5296875 0.11953125 0.01328125 0.03203125
0 0.51484375 0.13671875 0.00859375 0.0265625
0 0.540625 0.190625 0.015625 0.05
0 0.51015625 0.18203125 0.0171875 0.0328125
0 0.47890625 0.16328125 0.015625 0.03046875
0 0.4703125 0.140625 0.0109375 0.021875
0 0.48046875 0.1234375 0.01015625 0.02421875
0 0.4515625 0.13125 0.0109375 0.02421875
0 0.4515625 0.1578125 0.01953125 0.02890625
0 0.4625 0.18828125 0.0140625 0.04140625
0 0.4578125 0.23203125 0.01796875 0.03828125
0 0.4421875 0.21484375 0.015625 0.03671875
0 0.42265625 0.20390625 0.00859375 0.03359375
0 0.42890625 0.1609375 0.01328125 0.0296875
0 0.4046875 0.16875 0.0140625 0.03828125
0 0.38671875 0.1859375 0.009375 0.028125
0 0.378125 0.2125 0.01640625 0.0453125
0 0.3609375 0.21015625 0.0140625 0.03046875
0 0.33828125 0.2140625 0.0109375 0.0328125
0 0.3984375 0.2765625 0.02890625 0.059375
0 0.3375 0.25859375 0.01484375 0.0265625
0 0.3140625 0.259375 0.01640625 0.034375
0 0.29609375 0.25078125 0.0140625 0.0390625
0 0.30859375 0.22109375 0.015625 0.03359375
0 0.27421875 0.253125 0.0203125 0.0375
0 0.246875 0.26796875 0.02109375 0.04609375