0 0.79921875 0.47890625 0.053125 0.0890625
0 0.3671875 0.29375 0.02890625 0.05390625
0 0.2046875 0.31015625 0.0296875 0.05
0 0.265625 0.2859375 0.02421875 0.05703125
0 0.325 0.265625 0.034375 0.04375
0 0.375 0.25078125 0.03125 0.0421875
0 0.421875 0.24609375 0.03359375 0.0421875
0 0.42890625 0.3015625 0.03125 0.06640625
0 0.50703125 0.32578125 0.028125 0.059375
0 0.3671875 0.20078125 0.02109375 0.05078125
0 0.31953125 0.2046875 0.02109375 0.03359375
0 0.28125 0.2046875 0.0203125 0.05625
0 0.2390625 0.18828125 0.01640625 0.0453125
0 0.259375 0.178125 0.0171875 0.0296875
0 0.29921875 0.1609375 0.01640625 0.0375
0 0.2734375 0.1484375 0.0234375 0.0375
0 0.29140625 0.10234375 0.0203125 0.02578125
0 0.24453125 0.11796875 0.01484375 0.03203125
0 0.2296875 0.1109375 0.01484375 0.01875
0 0.23125 0.1546875 0.0203125 0.0390625
0 0.16796875 0.13203125 0.01328125 0.02421875
0 0.15 0.1546875 0.009375 0.0390625
0 0.17890625 0.18125 0.015625 0.03671875
0 0.1296875 0.1875 0.01484375 0.0328125
0 0.0921875 0.19375 0.01640625 0.03671875
0 0.05546875 0.19453125 0.025 0.04609375
0 0.1046875 0.22421875 0.01640625 0.03671875
0 0.3484375 0.05703125 0.01640625 0.02421875
0 0.39140625 0.05703125 0.0140625 0.03359375
0 0.36796875 0.11171875 0.01640625 0.0328125
0 0.42578125 0.12265625 0.009375 0.02265625
0 0.45078125 0.12578125 0.01328125 0.03203125
0 0.45625 0.14296875 0.01015625 0.0234375
0 0.41015625 0.15625 0.01796875 0.04765625
0 0.4296875 0.15 0.00859375 0.02734375
0 0.5046875 0.13125 0.01640625 0.03515625
0 0.51640625 0.15 0.01015625 0.01796875
0 0.5375 0.15625 0.01328125 0.03125
0 0.565625 0.1671875 0.0109375 0.0296875
0 0.54453125 0.18828125 0.0140625 0.03125
0 0.5140625 0.18828125 0.01875 0.02265625
0 0.51875 0.21640625 0.0140625 0.03203125
0 0.54921875 0.221875 0.0203125 0.034375
0 0.5671875 0.2125 0.01484375 0.03125
0 0.61015625 0.2 0.01640625 0.04140625
0 0.565625 0.2796875 0.01875 0.053125
0 0.66171875 0.2734375 0.01640625 0.03125
0 0.6953125 0.23984375 0.0171875 0.03828125
0 0.6640625 0.253125 0.0203125 0.03046875
0 0.48984375 0.175 0.01328125 0.028125