0 0.8640625 0.47421875 0.0390625 0.11328125
0 0.7890625 0.35234375 0.015625 0.05546875
0 0.7484375 0.35625 0.0265625 0.0515625
0 0.67109375 0.365625 0.0328125 0.0421875
0 0.71875 0.30859375 0.025 0.03046875
0 0.653125 0.32578125 0.021875 0.0296875
0 0.65 0.2890625 0.01640625 0.034375
0 0.5953125 0.33046875 0.02578125 0.0390625
0 0.55703125 0.34921875 0.02734375 0.04375
0 0.50859375 0.3265625 0.0234375 0.05078125
0 0.57109375 0.29921875 0.02265625 0.0390625
0 0.65 0.29140625 0.02109375 0.0390625
0 0.62109375 0.33125 0.02265625 0.04453125
0 0.5484375 0.41015625 0.03984375 0.06015625
0 0.4734375 0.39921875 0.0296875 0.05390625
0 0.43671875 0.4328125 0.03125 0.065625
0 0.37578125 0.4609375 0.04140625 0.06640625
0 0.3203125 0.51015625 0.0453125 0.0859375
0 0.2046875 0.52109375 0.0390625 0.0796875
0 0.184375 0.4296875 0.03125 0.06640625
0 0.1171875 0.4625 0.034375 0.07734375
0 0.096875 0.271875 0.01875 0.03984375
0 0.15703125 0.25078125 0.01875 0.03046875
0 0.23984375 0.2296875 0.021875 0.03515625
0 0.26875 0.22265625 0.02109375 0.040625
0 0.34609375 0.22890625 0.0125 0.03046875
0 0.40703125 0.2015625 0.01328125 0.02578125
0 0.38359375 0.246875 0.015625 0.0265625
0 0.4140625 0.2265625 0.0171875 0.02890625
0 0.4390625 0.21875 0.0109375 0.02890625
0 0.4578125 0.2203125 0.01015625 0.02890625
0 0.365625 0.22109375 0.01796875 0.03046875
0 0.18515625 0.25859375 0.0140625 0.02890625
0 0.1328125 0.28125 0.01953125 0.0359375
0 0.2078125 0.2703125 0.02109375 0.03359375
0 0.17421875 0.28984375 0.01875 0.02578125
0 0.12734375 0.32578125 0.021875 0.03359375
0 0.10625 0.31875 0.01484375 0.02265625
0 0.10234375 0.35234375 0.03125 0.02421875
0 0.21875 0.30703125 0.028125 0.0390625
0 0.178125 0.3203125 0.03125 0.03125
0 0.25625 0.2875 0.02421875 0.03671875
0 0.27890625 0.2625 0.02265625 0.0265625
0 0.31015625 0.2625 0.0171875 0.0296875
0 0.296875 0.28203125 0.0234375 0.04140625
0 0.34375 0.265625 0.01328125 0.04296875
0 0.46640625 0.24921875 0.02109375 0.03125
0 0.55625 0.25390625 0.0109375 0.03203125
0 0.621875 0.265625 0.02421875 0.0203125
0 0.5375 0.26328125 0.015625 0.04375
0 0.50859375 0.26328125 0.01953125 0.028125
0 0.490625 0.27265625 0.01640625 0.03828125
0 0.43984375 0.27578125 0.021875 0.02890625
0 0.41796875 0.31875 0.02734375 0.04375
0 0.384375 0.296875 0.02421875 0.046875
0 0.35546875 0.3453125 0.0046875 0.00078125
0 0.3578125 0.36015625 0.0203125 0.059375
0 0.3328125 0.34375 0.0203125 0.04921875
0 0.28359375 0.40078125 0.0296875 0.05703125
0 0.25078125 0.42890625 0.0328125 0.0546875
0 0.21640625 0.375 0.028125 0.05234375
0 0.165625 0.37734375 0.03359375 0.04453125
0 0.1453125 0.3546875 0.0296875 0.0484375