0 0.18125 0.45 0.0484375 0.0640625
0 0.321875 0.21796875 0.02109375 0.0421875
0 0.3578125 0.21328125 0.015625 0.0375
0 0.36328125 0.18984375 0.01015625 0.02421875
0 0.49609375 0.20546875 0.01640625 0.0296875
0 0.44140625 0.24609375 0.02109375 0.04921875
0 0.54140625 0.228125 0.01328125 0.0625
0 0.46484375 0.21171875 0.01640625 0.0265625
0 0.4359375 0.18359375 0.015625 0.0328125
0 0.4125 0.1671875 0.009375 0.02578125
0 0.421875 0.1515625 0.01171875 0.02890625
0 0.446875 0.1609375 0.01796875 0.02109375
0 0.4671875 0.17109375 0.0140625 0.03359375
0 0.47421875 0.16015625 0.01875 0.01953125
0 0.51875 0.1734375 0.0171875 0.0390625
0 0.55078125 0.196875 0.01875 0.0296875
0 0.58828125 0.19609375 0.015625 0.04921875
0 0.61796875 0.17109375 0.01328125 0.04296875
0 0.59453125 0.14453125 0.01015625 0.03359375
0 0.65 0.14921875 0.01171875 0.028125
0 0.6828125 0.15859375 0.00859375 0.0328125
0 0.71640625 0.1234375 0.01640625 0.02578125
0 0.69140625 0.11484375 0.01015625 0.028125
0 0.65390625 0.11875 0.01640625 0.025
0 0.61015625 0.115625 0.01640625 0.021875
0 0.56875 0.1421875 0.01875 0.0296875
0 0.5328125 0.15390625 0.01015625 0.02109375
0 0.5640625 0.1703125 0.01015625 0.0296875
0 0.5265625 0.1328125 0.0140625 0.02578125
0 0.49375 0.13359375 0.01171875 0.02109375
0 0.47734375 0.14921875 0.01328125 0.01953125
0 0.465625 0.13828125 0.0125 0.02890625
0 0.56171875 0.25078125 0.02890625 0.06328125
0 0.63125 0.2078125 0.01484375 0.04453125
0 0.66328125 0.225 0.01171875 0.05703125
0 0.71328125 0.234375 0.0171875 0.04765625
0 0.6640625 0.190625 0.02109375 0.0265625
0 0.71171875 0.19140625 0.01796875 0.03046875
0 0.69140625 0.18203125 0.01953125 0.03515625
0 0.7296875 0.1921875 0.021875 0.03984375
0 0.76484375 0.18125 0.02109375 0.02734375
0 0.784375 0.2328125 0.01875 0.03984375
0 0.87109375 0.2921875 0.0171875 0.04921875
0 0.875 0.2515625 0.015625 0.040625
0 0.91015625 0.24921875 0.0203125 0.04453125
0 0.88671875 0.19375 0.0109375 0.03046875
0 0.9421875 0.17890625 0.0203125 0.025
0 0.93828125 0.21484375 0.01953125 0.028125
0 0.8859375 0.17421875 0.021875 0.034375
0 0.85390625 0.14609375 0.01796875 0.02890625
0 0.85390625 0.2046875 0.01328125 0.04609375
0 0.83359375 0.18125 0.0171875 0.0171875
0 0.81484375 0.1875 0.01328125 0.03515625
0 0.79609375 0.1765625 0.01328125 0.040625
0 0.809375 0.16484375 0.01484375 0.04140625
0 0.8203125 0.1453125 0.01484375 0.0390625
0 0.78359375 0.15 0.01015625 0.02578125
0 0.75703125 0.1390625 0.01328125 0.0203125
0 0.74453125 0.1484375 0.0203125 0.034375
0 0.73515625 0.16171875 0.01875 0.02734375