0 0.928125 0.35 0.02265625 0.053125
0 0.734375 0.25078125 0.01640625 0.0328125
0 0.7203125 0.2625 0.0203125 0.0375
0 0.6453125 0.26640625 0.01953125 0.04140625
0 0.6734375 0.2453125 0.01484375 0.0375
0 0.66953125 0.21015625 0.015625 0.0296875
0 0.6515625 0.20390625 0.01796875 0.04140625
0 0.5875 0.2703125 0.02578125 0.05390625
0 0.59609375 0.21015625 0.01484375 0.0359375
0 0.640625 0.2296875 0.01875 0.0296875
0 0.63359375 0.19140625 0.01484375 0.0296875
0 0.6109375 0.18984375 0.01875 0.03359375
0 0.5765625 0.18671875 0.0171875 0.03671875
0 0.54765625 0.18671875 0.01484375 0.0328125
0 0.52578125 0.22890625 0.01875 0.05
0 0.53828125 0.23125 0.015625 0.04609375
0 0.496875 0.284375 0.02421875 0.04765625
0 0.52265625 0.1921875 0.01953125 0.03359375
0 0.51796875 0.1578125 0.01640625 0.0296875
0 0.5359375 0.15 0.015625 0.03515625
0 0.51171875 0.13203125 0.0125 0.02578125
0 0.48359375 0.15859375 0.01640625 0.02890625
0 0.484375 0.184375 0.02109375 0.04453125
0 0.45546875 0.1875 0.0203125 0.053125
0 0.4390625 0.2453125 0.025 0.04140625
0 0.4140625 0.1671875 0.01328125 0.03671875
0 0.4421875 0.16015625 0.01171875 0.0359375
0 0.42734375 0.1203125 0.0171875 0.028125
0 0.4046875 0.14609375 0.0125 0.02734375
0 0.428125 0.14921875 0.01015625 0.03515625
0 0.4125 0.2921875 0.0234375 0.0609375
0 0.3640625 0.3015625 0.02890625 0.0578125
0 0.315625 0.24921875 0.02109375 0.0515625
0 0.37734375 0.21015625 0.015625 0.03515625
0 0.2671875 0.29609375 0.02578125 0.0421875
0 0.3828125 0.259375 0.025 0.040625
0 0.3421875 0.203125 0.01953125 0.04140625
0 0.34453125 0.17578125 0.01953125 0.02890625
0 0.37265625 0.1453125 0.0125 0.0296875
0 0.38828125 0.12890625 0.0109375 0.02265625
0 0.39765625 0.1171875 0.0078125 0.02421875
0 0.34921875 0.109375 0.0140625 0.028125
0 0.31484375 0.109375 0.015625 0.03046875
0 0.26015625 0.11171875 0.01328125 0.03515625
0 0.31171875 0.14375 0.01484375 0.0375
0 0.2859375 0.14296875 0.015625 0.034375
0 0.27421875 0.16875 0.01640625 0.034375
0 0.259375 0.196875 0.015625 0.0375
0 0.2265625 0.20078125 0.0203125 0.0390625
0 0.22421875 0.25859375 0.0234375 0.05703125
0 0.19609375 0.1625 0.015625 0.040625
0 0.2296875 0.15859375 0.01171875 0.03203125
0 0.21484375 0.134375 0.0140625 0.04296875
0 0.2328125 0.12421875 0.01484375 0.03203125
0 0.159375 0.153125 0.01640625 0.03125
0 0.14375 0.1515625 0.01484375 0.03671875
0 0.10078125 0.1546875 0.015625 0.0328125
0 0.1015625 0.2046875 0.0171875 0.0421875
0 0.07734375 0.25 0.01953125 0.0484375
0 0.084375 0.22265625 0.01796875 0.03828125
0 0.1578125 0.2078125 0.0203125 0.04375
0 0.14296875 0.303125 0.02265625 0.0578125
0 0.15078125 0.26875 0.02109375 0.04140625
0 0.2875 0.2171875 0.02265625 0.04765625
0 0.29453125 0.17578125 0.02109375 0.0328125