0 0.8 0.35625 0.06640625 0.10546875
0 0.70390625 0.25234375 0.02109375 0.04140625
0 0.68359375 0.225 0.01953125 0.03203125
0 0.659375 0.23203125 0.01875 0.03203125
0 0.653125 0.265625 0.01953125 0.0390625
0 0.625 0.228125 0.01875 0.0421875
0 0.61953125 0.20234375 0.028125 0.04140625
0 0.5828125 0.228125 0.015625 0.03359375
0 0.5484375 0.22421875 0.01875 0.0328125
0 0.578125 0.1921875 0.021875 0.04453125
0 0.54921875 0.1703125 0.015625 0.0265625
0 0.5359375 0.20625 0.0203125 0.03515625
0 0.4859375 0.21015625 0.01796875 0.0359375
0 0.57265625 0.28515625 0.025 0.05703125
0 0.52265625 0.3046875 0.0375 0.06875
0 0.459375 0.31328125 0.0296875 0.05234375
0 0.40546875 0.33203125 0.03125 0.06171875
0 0.33671875 0.33203125 0.025 0.065625
0 0.40390625 0.275 0.0265625 0.0453125
0 0.44375 0.2546875 0.02890625 0.04453125
0 0.39375 0.21171875 0.021875 0.04375
0 0.34609375 0.2125 0.02109375 0.03828125
0 0.52734375 0.17109375 0.0171875 0.0359375
0 0.51796875 0.134375 0.01484375 0.0234375
0 0.38984375 0.1515625 0.01953125 0.03515625
0 0.5015625 0.196875 0.0203125 0.0375
0 0.459375 0.17421875 0.02421875 0.0375
0 0.43359375 0.184375 0.021875 0.0359375
0 0.2390625 0.29765625 0.0375 0.0671875
0 0.29140625 0.290625 0.0421875 0.06875
0 0.296875 0.2328125 0.02578125 0.040625
0 0.31484375 0.18515625 0.0171875 0.0421875
0 0.34609375 0.13203125 0.02109375 0.034375
0 0.31640625 0.1046875 0.0234375 0.05
0 0.29140625 0.15078125 0.01796875 0.02890625
0 0.26171875 0.1875 0.01640625 0.0421875
0 0.27265625 0.16875 0.0171875 0.034375
0 0.27265625 0.1234375 0.0125 0.03046875
0 0.2578125 0.11171875 0.0140625 0.0328125
0 0.23828125 0.1375 0.0171875 0.03203125
0 0.24375 0.16953125 0.01875 0.04609375
0 0.20625 0.18125 0.021875 0.03671875
0 0.209375 0.1375 0.0234375 0.034375
0 0.1796875 0.14609375 0.0234375 0.04375
0 0.10859375 0.1390625 0.01796875 0.03671875
0 0.08046875 0.15703125 0.01796875 0.04765625
0 0.08203125 0.23203125 0.0171875 0.0359375
0 0.0953125 0.29140625 0.0234375 0.05390625
0 0.14140625 0.234375 0.0265625 0.05390625
0 0.16640625 0.1953125 0.02265625 0.053125
0 0.1375 0.15390625 0.01796875 0.03828125
0 0.259375 0.14765625 0.01484375 0.0265625
0 0.36328125 0.1046875 0.01640625 0.0328125
0 0.4140625 0.11015625 0.0203125 0.0328125
0 0.44765625 0.11953125 0.01484375 0.025
0 0.47265625 0.13359375 0.01796875 0.03203125
0 0.15390625 0.1625 0.01796875 0.03203125