0 0.1328125 0.54765625 0.0375 0.08359375
0 0.2140625 0.3671875 0.0171875 0.0421875
0 0.2578125 0.34921875 0.01796875 0.04140625
0 0.28515625 0.36484375 0.01875 0.04453125
0 0.32734375 0.38046875 0.01796875 0.046875
0 0.29140625 0.3015625 0.01640625 0.04296875
0 0.3484375 0.3078125 0.01484375 0.03046875
0 0.403125 0.3421875 0.025 0.03359375
0 0.34765625 0.33828125 0.01796875 0.03359375
0 0.39921875 0.303125 0.0171875 0.0328125
0 0.34765625 0.303125 0.0109375 0.0359375
0 0.38515625 0.271875 0.01953125 0.03046875
0 0.403125 0.27421875 0.0125 0.02890625
0 0.4296875 0.27421875 0.01328125 0.02890625
0 0.42109375 0.24921875 0.0125 0.03671875
0 0.45234375 0.27734375 0.0171875 0.03046875
0 0.48515625 0.28203125 0.01640625 0.0359375
0 0.446875 0.24921875 0.01875 0.028125
0 0.51171875 0.24921875 0.01328125 0.0390625
0 0.5296875 0.25546875 0.0125 0.02890625
0 0.51875 0.275 0.009375 0.03125
0 0.54296875 0.284375 0.01640625 0.0328125
0 0.45625 0.33984375 0.01796875 0.0421875
0 0.54140625 0.23359375 0.01484375 0.02265625
0 0.6640625 0.23046875 0.01328125 0.021875
0 0.64296875 0.23515625 0.015625 0.028125
0 0.5859375 0.253125 0.01640625 0.01953125
0 0.69453125 0.253125 0.0125 0.0359375
0 0.58984375 0.21640625 0.0125 0.02734375
0 0.47421875 0.39609375 0.02421875 0.0578125
0 0.49609375 0.4875 0.025 0.04921875
0 0.56953125 0.45625 0.02265625 0.075
0 0.6234375 0.4953125 0.02890625 0.0703125
0 0.69453125 0.5 0.0328125 0.06796875
0 0.79453125 0.540625 0.02734375 0.078125
0 0.521875 0.3671875 0.02265625 0.05390625
0 0.58984375 0.33359375 0.0203125 0.0359375
0 0.6140625 0.221875 0.0171875 0.03046875
0 0.72265625 0.2609375 0.0140625 0.0390625
0 0.76640625 0.2453125 0.0125 0.03125
0 0.796875 0.24609375 0.01484375 0.02734375
0 0.8234375 0.26171875 0.01171875 0.03671875
0 0.8515625 0.25703125 0.0203125 0.0328125
0 0.91328125 0.2703125 0.015625 0.0359375
0 0.878125 0.28046875 0.015625 0.03359375
0 0.8375 0.2703125 0.015625 0.03203125
0 0.66640625 0.321875 0.01796875 0.0421875
0 0.69140625 0.30390625 0.01875 0.0375
0 0.63125 0.3453125 0.01875 0.04609375
0 0.67890625 0.3609375 0.021875 0.03359375
0 0.63046875 0.4046875 0.02109375 0.04296875
0 0.7265625 0.415625 0.02109375 0.07109375
0 0.759375 0.453125 0.02578125 0.06640625
0 0.5859375 0.3796875 0.0234375 0.05390625
0 0.8015625 0.31328125 0.0171875 0.03828125
0 0.828125 0.321875 0.01953125 0.03203125
0 0.8703125 0.3328125 0.01953125 0.0375
0 0.90703125 0.3515625 0.01953125 0.04609375
0 0.89609375 0.415625 0.01875 0.0546875
0 0.903125 0.48828125 0.03046875 0.07578125
0 0.825 0.45703125 0.028125 0.065625
0 0.8515625 0.37578125 0.021875 0.06640625
0 0.83828125 0.41171875 0.02421875 0.05390625
0 0.79609375 0.36015625 0.0234375 0.05390625
0 0.75078125 0.27421875 0.01953125 0.03984375