0 0.3953125 0.53984375 0.08671875 0.17265625
0 0.275 0.4125 0.08125 0.15
0 0.3125 0.20859375 0.0296875 0.06171875
0 0.40703125 0.26953125 0.0296875 0.05859375
0 0.4265625 0.21171875 0.0234375 0.04609375
0 0.47578125 0.23125 0.02890625 0.04765625
0 0.49765625 0.221875 0.0265625 0.05078125
0 0.58984375 0.26171875 0.03125 0.05390625
0 0.628125 0.24375 0.0328125 0.05859375
0 0.67578125 0.10859375 0.0140625 0.0296875
0 0.62890625 0.12109375 0.0140625 0.03203125
0 0.61328125 0.11328125 0.01328125 0.02109375
0 0.6 0.1140625 0.0140625 0.0296875
0 0.56328125 0.08203125 0.01328125 0.02890625