0 0.80390625 0.35 0.046875 0.07421875
0 0.42578125 0.28828125 0.02890625 0.0578125
0 0.37265625 0.275 0.025 0.0421875
0 0.3390625 0.275 0.025 0.03828125
0 0.27890625 0.27890625 0.025 0.046875
0 0.209375 0.29921875 0.02734375 0.05
0 0.1609375 0.30625 0.025 0.04453125
0 0.109375 0.32890625 0.03203125 0.0421875
0 0.090625 0.284375 0.0171875 0.0453125
0 0.14296875 0.26484375 0.021875 0.040625
0 0.165625 0.240625 0.01953125 0.0328125
0 0.05625 0.2671875 0.02265625 0.04453125
0 0.11796875 0.24296875 0.0203125 0.0375
0 0.08046875 0.24609375 0.0171875 0.04296875
0 0.059375 0.2171875 0.0234375 0.03359375
0 0.1078125 0.20390625 0.01796875 0.0359375
0 0.071875 0.2078125 0.009375 0.01953125
0 0.06484375 0.178125 0.01328125 0.01875
0 0.0953125 0.1640625 0.01484375 0.025
0 0.12109375 0.153125 0.01015625 0.021875
0 0.13515625 0.17265625 0.01484375 0.02578125
0 0.146875 0.19921875 0.0125 0.0265625
0 0.16484375 0.19375 0.015625 0.028125
0 0.15234375 0.15703125 0.01171875 0.0203125
0 0.16484375 0.16171875 0.01171875 0.02578125
0 0.1796875 0.1734375 0.0109375 0.02421875
0 0.209375 0.15703125 0.01640625 0.025
0 0.1859375 0.1453125 0.01328125 0.02578125
0 0.22578125 0.1640625 0.0125 0.021875
0 0.22890625 0.1359375 0.01171875 0.01875
0 0.24375 0.16015625 0.01328125 0.03359375
0 0.26015625 0.18359375 0.01328125 0.0234375
0 0.215625 0.2171875 0.015625 0.03203125
0 0.25078125 0.21953125 0.015625 0.034375
0 0.2421875 0.26328125 0.02109375 0.04140625
0 0.28359375 0.24296875 0.01875 0.02421875
0 0.334375 0.21796875 0.015625 0.034375
0 0.38046875 0.21484375 0.01796875 0.03203125
0 0.340625 0.1859375 0.01796875 0.025
0 0.3 0.2015625 0.01796875 0.03359375
0 0.296875 0.16875 0.01484375 0.0234375
0 0.2765625 0.14375 0.01484375 0.03515625
0 0.290625 0.11640625 0.0140625 0.01953125
0 0.31640625 0.125 0.01328125 0.02890625
0 0.34921875 0.10859375 0.01171875 0.0203125
0 0.3375 0.11953125 0.01328125 0.0234375
0 0.3484375 0.14375 0.0140625 0.02578125
0 0.36796875 0.10390625 0.015625 0.0140625
0 0.37265625 0.11796875 0.0140625 0.01875
0 0.3859375 0.1078125 0.01171875 0.01953125
0 0.39375 0.11640625 0.01015625 0.015625
0 0.3796875 0.14296875 0.0140625 0.025
0 0.4171875 0.1203125 0.01015625 0.01953125
0 0.40625 0.14375 0.0140625 0.021875
0 0.42421875 0.1421875 0.01171875 0.0203125
0 0.4234375 0.18984375 0.01484375 0.02578125
0 0.38515625 0.16875 0.01796875 0.02421875
0 0.4546875 0.14296875 0.009375 0.01953125
0 0.46796875 0.1453125 0.0125 0.0234375
0 0.48515625 0.13359375 0.01171875 0.0171875
0 0.503125 0.134375 0.01328125 0.015625
0 0.49453125 0.15078125 0.0125 0.0265625
0 0.521875 0.15546875 0.0125 0.02109375
0 0.5390625 0.140625 0.0140625 0.0203125
0 0.48359375 0.1734375 0.0140625 0.021875
0 0.46484375 0.2125 0.0140625 0.03046875
0 0.49765625 0.2015625 0.0203125 0.03125
0 0.528125 0.1890625 0.01953125 0.02890625
0 0.57421875 0.15859375 0.0125 0.0296875
0 0.6015625 0.1765625 0.01328125 0.03359375
0 0.6203125 0.18359375 0.01484375 0.02890625
0 0.646875 0.203125 0.015625 0.028125
0 0.66328125 0.20234375 0.015625 0.02890625
0 0.63203125 0.20703125 0.0171875 0.03828125
0 0.57890625 0.19453125 0.0140625 0.02578125
0 0.55703125 0.22265625 0.0171875 0.03359375
0 0.58046875 0.2265625 0.01640625 0.0328125
0 0.5171875 0.24453125 0.021875 0.03203125
0 0.58984375 0.28046875 0.021875 0.03828125
0 0.67734375 0.253125 0.0203125 0.034375
0 0.7296875 0.22421875 0.015625 0.0296875