0 0.79296875 0.3984375 0.03984375 0.103125
0 0.1203125 0.41328125 0.034375 0.1
0 0.20859375 0.38828125 0.04296875 0.0828125
0 0.1078125 0.30078125 0.03203125 0.065625
0 0.165625 0.31015625 0.04921875 0.05234375
0 0.23125 0.2984375 0.03203125 0.0515625
0 0.34375 0.26875 0.02890625 0.04375
0 0.3734375 0.29453125 0.0359375 0.05390625
0 0.40390625 0.21171875 0.0203125 0.0375
0 0.39375 0.25859375 0.0265625 0.04140625
0 0.4375 0.24921875 0.02421875 0.0515625
0 0.4546875 0.28984375 0.03125 0.06796875
0 0.2921875 0.22265625 0.028125 0.06796875
0 0.3484375 0.2234375 0.01953125 0.04140625
0 0.3234375 0.190625 0.01875 0.05
0 0.184375 0.24296875 0.0265625 0.053125
0 0.2328125 0.2234375 0.02109375 0.05546875
0 0.090625 0.25078125 0.025 0.059375
0 0.14453125 0.24609375 0.02734375 0.0546875
0 0.1296875 0.22265625 0.01796875 0.0578125
0 0.20078125 0.17578125 0.02421875 0.03515625
0 0.27890625 0.1859375 0.02421875 0.059375
0 0.109375 0.1828125 0.015625 0.05859375
0 0.10703125 0.15546875 0.015625 0.03984375
0 0.1515625 0.15703125 0.021875 0.0390625
0 0.13671875 0.15234375 0.01953125 0.0484375
0 0.16484375 0.125 0.0296875 0.02578125
0 0.184375 0.14765625 0.01640625 0.04765625
0 0.18984375 0.11796875 0.01640625 0.03515625
0 0.21875 0.11015625 0.0203125 0.02890625
0 0.2234375 0.15546875 0.01796875 0.03515625
0 0.25234375 0.1328125 0.01328125 0.046875
0 0.26640625 0.11171875 0.01953125 0.04140625
0 0.31015625 0.10078125 0.02421875 0.025
0 0.3328125 0.128125 0.0140625 0.04140625
0 0.3515625 0.1109375 0.01328125 0.03046875
0 0.3625 0.0953125 0.01796875 0.021875
0 0.36171875 0.13359375 0.01640625 0.0296875
0 0.3875 0.13984375 0.0203125 0.02265625
0 0.434375 0.12578125 0.01171875 0.02734375
0 0.41484375 0.13984375 0.021875 0.0328125
0 0.43515625 0.17734375 0.0203125 0.0328125
0 0.45859375 0.15625 0.01328125 0.02265625
0 0.45 0.13203125 0.009375 0.03046875
0 0.46875 0.13984375 0.01328125 0.0328125
0 0.49765625 0.1375 0.01484375 0.01875
0 0.48046875 0.15859375 0.0171875 0.0140625
0 0.48984375 0.18359375 0.025 0.05390625
0 0.53125 0.15 0.02421875 0.0390625
0 0.54765625 0.134375 0.0125 0.021875
0 0.56328125 0.1703125 0.0203125 0.03203125
0 0.5484375 0.16796875 0.0109375 0.0140625
0 0.534375 0.23359375 0.02109375 0.028125
0 0.54375 0.21640625 0.03125 0.046875
0 0.584375 0.196875 0.03203125 0.04921875
0 0.60546875 0.23125 0.021875 0.02890625
0 0.62734375 0.22890625 0.02265625 0.01953125
0 0.6546875 0.20859375 0.02109375 0.03984375
0 0.6046875 0.26171875 0.025 0.0390625
0 0.64375 0.26015625 0.021875 0.059375
0 0.66875 0.2578125 0.021875 0.04609375
0 0.69140625 0.24140625 0.03125 0.04921875