0 0.05078125 0.3453125 0.028125 0.06015625
0 0.7546875 0.2140625 0.03203125 0.06484375
0 0.72109375 0.18515625 0.0265625 0.053125
0 0.60546875 0.25390625 0.025 0.05625
0 0.4953125 0.30234375 0.02890625 0.0625
0 0.6890625 0.06328125 0.02734375 0.046875
0 0.59375 0.0875 0.01875 0.04140625
0 0.58046875 0.1265625 0.021875 0.03984375
0 0.44453125 0.18515625 0.01875 0.03984375
0 0.346875 0.2578125 0.0296875 0.05859375
0 0.3875 0.2546875 0.0203125 0.04453125
0 0.409375 0.26015625 0.028125 0.05
0 0.46171875 0.2234375 0.025 0.0515625
0 0.48515625 0.22109375 0.0203125 0.03828125
0 0.478125 0.17890625 0.01484375 0.03203125
0 0.49296875 0.1875 0.0203125 0.03671875