0 0.82109375 0.47109375 0.04609375 0.08046875
0 0.11875 0.40703125 0.034375 0.08125
0 0.2 0.37734375 0.0296875 0.06171875
0 0.16796875 0.30546875 0.02734375 0.05546875
0 0.14765625 0.2515625 0.0203125 0.05
0 0.1296875 0.22890625 0.02109375 0.0515625
0 0.09765625 0.309375 0.03125 0.059375
0 0.0796875 0.24453125 0.0203125 0.04296875
0 0.07578125 0.19296875 0.01953125 0.0390625
0 0.11015625 0.18828125 0.02265625 0.03671875
0 0.1015625 0.15234375 0.015625 0.0390625
0 0.09453125 0.12734375 0.01484375 0.03125
0 0.07265625 0.12421875 0.0125 0.0328125
0 0.075 0.159375 0.0171875 0.03828125
0 0.14140625 0.14765625 0.01640625 0.034375
0 0.159375 0.121875 0.01640625 0.02265625
0 0.19375 0.1203125 0.01953125 0.025
0 0.22890625 0.12109375 0.0171875 0.0234375
0 0.26640625 0.1234375 0.0140625 0.02890625
0 0.2515625 0.1453125 0.01015625 0.03046875
0 0.28203125 0.1328125 0.01015625 0.0265625
0 0.27578125 0.18359375 0.01875 0.03203125
0 0.22109375 0.159375 0.01796875 0.03203125
0 0.18671875 0.153125 0.01640625 0.0265625
0 0.15390625 0.17890625 0.0140625 0.03515625
0 0.17421875 0.21640625 0.01640625 0.034375
0 0.1875 0.25078125 0.0234375 0.0421875
0 0.225 0.19765625 0.01953125 0.0390625
0 0.23515625 0.22890625 0.02109375 0.0484375
0 0.23203125 0.27578125 0.03203125 0.04375
0 0.30625 0.2234375 0.03125 0.04921875
0 0.31015625 0.1625 0.01640625 0.0265625
0 0.35625 0.18828125 0.01640625 0.0390625
0 0.33828125 0.25546875 0.0265625 0.0578125
0 0.33984375 0.2140625 0.01640625 0.034375
0 0.3984375 0.21015625 0.01875 0.04375
0 0.4 0.24921875 0.0203125 0.0515625
0 0.36015625 0.30859375 0.03125 0.0515625
0 0.4421875 0.2484375 0.02109375 0.05625
0 0.46796875 0.29140625 0.02421875 0.05546875
0 0.3015625 0.11015625 0.0125 0.028125
0 0.34453125 0.1078125 0.0078125 0.01875
0 0.33515625 0.12734375 0.0109375 0.02578125
0 0.3609375 0.1375 0.0109375 0.03671875
0 0.3578125 0.115625 0.0125 0.02265625
0 0.35703125 0.09609375 0.00859375 0.028125
0 0.3796875 0.09453125 0.01015625 0.0296875
0 0.41171875 0.09765625 0.0125 0.02421875
0 0.40625 0.12421875 0.0109375 0.03203125
0 0.3875 0.15546875 0.0140625 0.03359375
0 0.4171875 0.16328125 0.0171875 0.03671875
0 0.4453125 0.13828125 0.01171875 0.02890625
0 0.434375 0.1109375 0.01328125 0.025
0 0.45234375 0.16484375 0.01171875 0.03203125
0 0.46484375 0.134375 0.00859375 0.02890625
0 0.49296875 0.11875 0.0109375 0.0265625
0 0.49453125 0.1453125 0.00859375 0.02265625
0 0.48203125 0.1546875 0.01171875 0.03203125
0 0.5 0.1890625 0.01796875 0.0453125
0 0.5375 0.23125 0.01953125 0.04140625
0 0.53359375 0.1625 0.01328125 0.03984375
0 0.54609375 0.16796875 0.01328125 0.03125
0 0.5609375 0.1515625 0.01328125 0.02578125
0 0.57578125 0.1765625 0.01171875 0.028125
0 0.58984375 0.190625 0.0109375 0.04140625
0 0.5859375 0.2703125 0.025 0.0578125
0 0.61015625 0.2640625 0.025 0.0546875
0 0.60078125 0.22734375 0.01796875 0.03125
0 0.628125 0.23359375 0.015625 0.034375
0 0.6453125 0.23515625 0.01328125 0.03671875
0 0.65 0.209375 0.0140625 0.03203125
0 0.66875 0.21328125 0.01484375 0.03984375
0 0.68046875 0.259375 0.02421875 0.04296875
0 0.70078125 0.26328125 0.0203125 0.05078125
0 0.65390625 0.26015625 0.01953125 0.0328125