0 0.15 0.23359375 0.02890625 0.0453125
0 0.38125 0.2 0.03671875 0.04453125
0 0.41796875 0.21640625 0.015625 0.03671875
0 0.63515625 0.303125 0.03203125 0.06015625
0 0.61875 0.26875 0.015625 0.03125
0 0.45 0.2359375 0.0125 0.0546875
0 0.56328125 0.18671875 0.01328125 0.03125
0 0.55234375 0.1578125 0.0203125 0.0171875
0 0.6328125 0.1234375 0.0140625 0.03046875
0 0.66953125 0.178125 0.015625 0.034375
0 0.678125 0.22578125 0.0203125 0.0515625
0 0.69296875 0.2578125 0.02265625 0.05625
0 0.628125 0.22421875 0.02421875 0.0578125
0 0.934375 0.24296875 0.01953125 0.04921875