0 0.0515625 0.4 0.03671875 0.07421875
0 0.66875 0.34765625 0.02734375 0.0609375
0 0.71484375 0.28828125 0.0203125 0.05390625
0 0.76484375 0.2296875 0.0171875 0.0546875
0 0.8140625 0.23125 0.01875 0.04609375
0 0.784375 0.28984375 0.025 0.059375
0 0.871875 0.2296875 0.015625 0.04921875
0 0.9203125 0.28515625 0.021875 0.0421875
0 0.921875 0.1953125 0.01953125 0.05
0 0.91875 0.1640625 0.01171875 0.0375
0 0.93203125 0.15234375 0.009375 0.02265625
0 0.90078125 0.12890625 0.01328125 0.03671875
0 0.89609375 0.165625 0.0140625 0.0296875
0 0.878125 0.16875 0.0125 0.021875
0 0.890625 0.203125 0.01328125 0.02890625
0 0.8578125 0.18125 0.0171875 0.0375
0 0.8453125 0.1609375 0.01484375 0.0421875
0 0.86796875 0.13125 0.0171875 0.0359375
0 0.834375 0.13515625 0.015625 0.0328125
0 0.81875 0.16171875 0.0140625 0.0390625
0 0.79921875 0.17265625 0.021875 0.04609375
0 0.79453125 0.12890625 0.0109375 0.0390625
0 0.77890625 0.1203125 0.01640625 0.0359375
0 0.76953125 0.1390625 0.01328125 0.03515625
0 0.75390625 0.16171875 0.0109375 0.0359375
0 0.746875 0.1140625 0.0140625 0.03359375
0 0.728125 0.13125 0.00859375 0.0234375
0 0.72890625 0.1578125 0.0171875 0.03046875
0 0.7390625 0.19609375 0.01953125 0.0359375
0 0.703125 0.215625 0.02265625 0.05625
0 0.68671875 0.18359375 0.0125 0.03984375
0 0.68125 0.15390625 0.0109375 0.028125
0 0.70625 0.1375 0.01640625 0.028125
0 0.6578125 0.2046875 0.0234375 0.0421875
0 0.66484375 0.26796875 0.028125 0.05703125
0 0.6078125 0.27578125 0.02265625 0.0453125
0 0.6078125 0.21484375 0.025 0.05
0 0.60078125 0.33359375 0.02734375 0.0546875
0 0.528125 0.31328125 0.0234375 0.0625
0 0.5671875 0.25234375 0.0265625 0.05859375
0 0.48984375 0.3 0.01875 0.04921875
0 0.540625 0.19375 0.01953125 0.0359375
0 0.56875 0.178125 0.01796875 0.04140625
0 0.58203125 0.153125 0.0109375 0.03125
0 0.58828125 0.11796875 0.00859375 0.04140625
0 0.59375 0.096875 0.01484375 0.025
0 0.6171875 0.096875 0.01328125 0.02734375
0 0.6296875 0.15078125 0.01640625 0.03203125
0 0.6546875 0.11640625 0.01484375 0.03359375
0 0.64765625 0.0953125 0.015625 0.0265625
0 0.678125 0.11484375 0.01640625 0.03515625
0 0.69375 0.1 0.015625 0.03203125
0 0.56015625 0.11484375 0.0171875 0.025
0 0.5296875 0.14296875 0.01328125 0.0359375
0 0.48515625 0.21640625 0.01875 0.03515625
0 0.47734375 0.1953125 0.01640625 0.025
0 0.47578125 0.1703125 0.01640625 0.025
0 0.50859375 0.171875 0.01640625 0.028125
0 0.47421875 0.1421875 0.01171875 0.03046875
0 0.4515625 0.13984375 0.01171875 0.025
0 0.45859375 0.16953125 0.0140625 0.0296875
0 0.45234375 0.22109375 0.01484375 0.04765625
0 0.44375 0.19296875 0.01484375 0.04140625
0 0.4140625 0.1625 0.0140625 0.03046875
0 0.41328125 0.215625 0.009375 0.025
0 0.384375 0.31015625 0.01953125 0.05703125
0 0.33515625 0.27578125 0.0171875 0.0375
0 0.38203125 0.221875 0.02109375 0.0328125
0 0.365625 0.21875 0.0140625 0.0390625
0 0.3859375 0.19765625 0.01875 0.03046875
0 0.34609375 0.21953125 0.0171875 0.04140625
0 0.32109375 0.22890625 0.01953125 0.0390625
0 0.303125 0.24921875 0.0140625 0.0359375
0 0.31796875 0.30078125 0.0203125 0.04765625
0 0.2578125 0.27890625 0.0125 0.0421875