0 0.596875 0.23515625 0.0390625 0.05234375
0 0.4375 0.2953125 0.025 0.06015625
0 0.43125 0.26171875 0.0234375 0.04453125
0 0.37421875 0.25859375 0.02578125 0.04765625
0 0.31796875 0.2578125 0.01796875 0.053125
0 0.271875 0.284375 0.021875 0.0671875
0 0.23046875 0.25859375 0.02265625 0.03828125
0 0.209375 0.2984375 0.02734375 0.03984375
0 0.15390625 0.32421875 0.02109375 0.05859375
0 0.13828125 0.2796875 0.02109375 0.05546875
0 0.0734375 0.346875 0.01953125 0.053125
0 0.07734375 0.3078125 0.02109375 0.04375
0 0.07734375 0.24921875 0.01640625 0.0484375
0 0.06484375 0.2328125 0.01640625 0.034375
0 0.05625 0.2125 0.01953125 0.0359375
0 0.04765625 0.18359375 0.0171875 0.03984375
0 0.0828125 0.171875 0.02109375 0.0375
0 0.1046875 0.21796875 0.01640625 0.03828125
0 0.109375 0.23515625 0.02109375 0.03984375
0 0.11171875 0.15859375 0.0171875 0.0328125
0 0.1296875 0.17890625 0.0109375 0.03046875
0 0.13984375 0.19140625 0.01796875 0.025
0 0.15703125 0.240625 0.02578125 0.05
0 0.16171875 0.21171875 0.02265625 0.0390625
0 0.2015625 0.21953125 0.0203125 0.0390625
0 0.1953125 0.1609375 0.01328125 0.0203125
0 0.16328125 0.15 0.01328125 0.040625
0 0.14453125 0.1578125 0.0109375 0.03359375
0 0.184375 0.1671875 0.01171875 0.03046875
0 0.175 0.14296875 0.01484375 0.04296875
0 0.1953125 0.13828125 0.015625 0.02734375
0 0.20859375 0.15625 0.0140625 0.03046875
0 0.246875 0.21484375 0.02265625 0.0515625
0 0.26015625 0.19296875 0.02109375 0.03046875
0 0.26328125 0.14609375 0.0140625 0.0234375
0 0.2546875 0.13671875 0.0109375 0.0359375
0 0.23359375 0.1359375 0.015625 0.0390625
0 0.246875 0.1796875 0.0171875 0.02421875
0 0.296875 0.18203125 0.0140625 0.03515625
0 0.29921875 0.21796875 0.02109375 0.0359375
0 0.325 0.2234375 0.02890625 0.04140625
0 0.359375 0.2 0.01875 0.03359375
0 0.29296875 0.12265625 0.015625 0.01953125
0 0.3203125 0.12890625 0.0140625 0.0328125
0 0.3109375 0.10546875 0.0140625 0.03046875
0 0.3453125 0.11796875 0.015625 0.0296875
0 0.34296875 0.1484375 0.01484375 0.0359375
0 0.3640625 0.13125 0.01171875 0.0328125
0 0.371875 0.1171875 0.0140625 0.025
0 0.384375 0.1125 0.00859375 0.02265625
0 0.39296875 0.11796875 0.0125 0.034375
0 0.421875 0.121875 0.0171875 0.02421875
0 0.4046875 0.14453125 0.015625 0.0203125
0 0.3984375 0.17265625 0.01328125 0.028125
0 0.43125 0.14765625 0.02109375 0.03125
0 0.45625 0.13515625 0.01796875 0.0234375
0 0.4640625 0.14375 0.0140625 0.034375
0 0.4859375 0.13359375 0.0109375 0.015625
0 0.484375 0.1546875 0.01953125 0.034375
0 0.46484375 0.1671875 0.0109375 0.03046875
0 0.440625 0.19140625 0.021875 0.0359375
0 0.478125 0.18671875 0.01953125 0.04140625
0 0.4984375 0.2171875 0.0171875 0.034375
0 0.5109375 0.16171875 0.0171875 0.0390625
0 0.534375 0.14765625 0.01640625 0.028125
0 0.55859375 0.17109375 0.01484375 0.03671875
0 0.575 0.15625 0.0140625 0.03046875
0 0.59296875 0.1703125 0.01640625 0.03671875
0 0.54921875 0.21796875 0.02890625 0.04609375
0 0.62265625 0.18125 0.0140625 0.025
0 0.61640625 0.2046875 0.0140625 0.03046875
0 0.640625 0.19921875 0.02109375 0.02890625
0 0.66875 0.2390625 0.02421875 0.0390625
0 0.7328125 0.23359375 0.0234375 0.04609375
0 0.55859375 0.265625 0.0234375 0.0484375