0 0.25 0.17265625 0.01796875 0.0390625
0 0.203125 0.2234375 0.01953125 0.046875
0 0.4390625 0.2171875 0.021875 0.0453125
0 0.46328125 0.21640625 0.02109375 0.0421875
0 0.6125 0.1140625 0.0203125 0.03828125
0 0.6703125 0.13046875 0.01953125 0.03984375
0 0.63515625 0.14765625 0.01640625 0.0390625
0 0.6515625 0.1546875 0.0140625 0.03203125
0 0.7484375 0.15078125 0.0140625 0.0359375
0 0.765625 0.1546875 0.015625 0.0375
0 0.82109375 0.2671875 0.0203125 0.05625
0 0.86796875 0.19609375 0.0140625 0.0375
0 0.88671875 0.20859375 0.01953125 0.034375
0 0.88828125 0.25390625 0.01640625 0.0453125
0 0.9171875 0.2546875 0.0203125 0.05703125
0 0.9359375 0.203125 0.01484375 0.03984375