0 0.903125 0.27109375 0.03203125 0.0640625
0 0.78515625 0.34921875 0.04921875 0.10859375
0 0.24375 0.29375 0.0375 0.08359375
0 0.12890625 0.30546875 0.0328125 0.06015625
0 0.16015625 0.26484375 0.0375 0.0640625
0 0.27421875 0.2125 0.03046875 0.046875
0 0.32578125 0.18125 0.02734375 0.05546875
0 0.3171875 0.25390625 0.03984375 0.06796875
0 0.32890625 0.22421875 0.03046875 0.05
0 0.36953125 0.246875 0.0296875 0.0734375
0 0.38515625 0.21640625 0.03203125 0.05859375
0 0.4625 0.21328125 0.0296875 0.0484375
0 0.51796875 0.23671875 0.0296875 0.0421875
0 0.55859375 0.2296875 0.0265625 0.05546875