0 0.940625 0.3875 0.034375 0.06953125
0 0.16328125 0.31953125 0.0328125 0.0546875
0 0.0890625 0.25078125 0.02421875 0.04296875
0 0.10546875 0.23671875 0.0234375 0.05
0 0.11484375 0.21640625 0.0140625 0.0546875
0 0.1515625 0.240625 0.028125 0.0609375
0 0.18125 0.1984375 0.01953125 0.04296875
0 0.14453125 0.1921875 0.0125 0.04296875
0 0.115625 0.165625 0.02265625 0.0421875
0 0.15078125 0.15703125 0.021875 0.03984375
0 0.1703125 0.1546875 0.02578125 0.04140625
0 0.215625 0.14296875 0.01640625 0.034375
0 0.2203125 0.171875 0.021875 0.05625
0 0.2421875 0.16328125 0.01484375 0.034375
0 0.2421875 0.13046875 0.0140625 0.04140625
0 0.259375 0.1328125 0.01953125 0.0546875
0 0.28125 0.11328125 0.0203125 0.04140625
0 0.2390625 0.20703125 0.025 0.0453125
0 0.275 0.19140625 0.01796875 0.04921875
0 0.2796875 0.165625 0.03046875 0.0578125
0 0.3140625 0.13671875 0.015625 0.03125
0 0.30703125 0.16953125 0.01953125 0.03671875
0 0.2828125 0.2203125 0.028125 0.05859375
0 0.2515625 0.2296875 0.02265625 0.04609375
0 0.225 0.284375 0.0296875 0.0625
0 0.29921875 0.2734375 0.03359375 0.0578125
0 0.34765625 0.28359375 0.025 0.07109375
0 0.34921875 0.2078125 0.03046875 0.0625
0 0.38203125 0.25078125 0.01953125 0.053125
0 0.38046875 0.30234375 0.028125 0.06953125
0 0.4328125 0.2828125 0.0265625 0.05703125
0 0.38828125 0.203125 0.0203125 0.03125
0 0.45390625 0.25234375 0.0296875 0.05
0 0.4984375 0.29609375 0.01796875 0.0609375
0 0.33671875 0.121875 0.02109375 0.04609375
0 0.35859375 0.11875 0.0203125 0.0296875
0 0.3640625 0.146875 0.021875 0.0421875
0 0.390625 0.1484375 0.01875 0.04609375
0 0.40703125 0.14453125 0.01875 0.03125
0 0.39375 0.11953125 0.0125 0.03125
0 0.43671875 0.1171875 0.0171875 0.02734375
0 0.421875 0.16875 0.01796875 0.0359375
0 0.434375 0.1546875 0.01875 0.0359375
0 0.45546875 0.16015625 0.02421875 0.05859375
0 0.47578125 0.17265625 0.02578125 0.0421875
0 0.50625 0.1578125 0.01484375 0.0546875
0 0.5234375 0.12890625 0.0125 0.04140625
0 0.5484375 0.15390625 0.0296875 0.04921875
0 0.503125 0.1921875 0.021875 0.0375
0 0.46875 0.20859375 0.02109375 0.03828125
0 0.5234375 0.1890625 0.0328125 0.03828125
0 0.55859375 0.1765625 0.01796875 0.03515625
0 0.53515625 0.221875 0.0234375 0.03984375
0 0.56015625 0.22265625 0.0265625 0.05625
0 0.60390625 0.2015625 0.0125 0.034375
0 0.62265625 0.1859375 0.0140625 0.03046875
0 0.62421875 0.2234375 0.021875 0.0421875
0 0.65703125 0.1984375 0.0140625 0.025
0 0.596875 0.27421875 0.03671875 0.05859375
0 0.64296875 0.29921875 0.02421875 0.0453125
0 0.6515625 0.2546875 0.021875 0.0546875
0 0.6640625 0.23359375 0.02265625 0.06328125
0 0.69140625 0.24921875 0.02109375 0.04609375
0 0.7046875 0.215625 0.02109375 0.03359375
0 0.7265625 0.259375 0.01640625 0.04140625
0 0.7453125 0.26640625 0.01796875 0.05546875