0 0.94375 0.22890625 0.02109375 0.0390625
0 0.80703125 0.15859375 0.02265625 0.05
0 0.78046875 0.13515625 0.01953125 0.03203125
0 0.7640625 0.13984375 0.0203125 0.03828125
0 0.72890625 0.15078125 0.01484375 0.03671875
0 0.778125 0.17109375 0.01796875 0.0484375
0 0.75234375 0.20859375 0.02734375 0.0421875
0 0.703125 0.19609375 0.025 0.05
0 0.80078125 0.21953125 0.0203125 0.053125
0 0.74375 0.1609375 0.01796875 0.03515625
0 0.8796875 0.24375 0.02578125 0.04140625
0 0.9296875 0.2859375 0.02578125 0.05625
0 0.8671875 0.28203125 0.03046875 0.053125
0 0.82109375 0.24765625 0.0265625 0.0578125
0 0.83984375 0.315625 0.02890625 0.06640625
0 0.87109375 0.4359375 0.03671875 0.09375
0 0.8234375 0.371875 0.03203125 0.08125
0 0.74921875 0.3734375 0.0328125 0.0828125
0 0.72734375 0.29921875 0.02890625 0.05078125
0 0.76171875 0.259375 0.025 0.0515625
0 0.72109375 0.23671875 0.03046875 0.05546875
0 0.625 0.2328125 0.025 0.05859375
0 0.6734375 0.32890625 0.03046875 0.08046875
0 0.559375 0.28046875 0.05078125 0.0875
0 0.44453125 0.3515625 0.0546875 0.090625
0 0.68828125 0.0828125 0.01796875 0.05
0 0.671875 0.08515625 0.01640625 0.03984375
0 0.665625 0.12109375 0.02578125 0.04765625
0 0.61953125 0.1546875 0.0265625 0.04453125
0 0.58203125 0.1578125 0.015625 0.034375
0 0.53203125 0.15703125 0.0171875 0.040625
0 0.515625 0.1328125 0.01796875 0.03046875
0 0.56171875 0.15 0.02890625 0.04296875
0 0.4765625 0.1296875 0.02265625 0.03828125
0 0.4671875 0.1015625 0.0140625 0.025
0 0.47734375 0.20546875 0.03046875 0.06796875
0 0.425 0.2234375 0.034375 0.065625
0 0.41484375 0.159375 0.01796875 0.03203125
0 0.37890625 0.1625 0.01953125 0.03828125
0 0.31875 0.21015625 0.01875 0.04453125
0 0.35859375 0.2046875 0.01875 0.03828125
0 0.24765625 0.209375 0.03046875 0.05390625
0 0.2015625 0.22734375 0.0203125 0.046875