0 0.8390625 0.3171875 0.021875 0.05
0 0.82734375 0.37578125 0.04140625 0.0765625
0 0.76796875 0.31015625 0.034375 0.0734375
0 0.784375 0.28671875 0.02109375 0.05390625
0 0.72265625 0.2546875 0.02109375 0.04296875
0 0.70625 0.240625 0.0234375 0.04296875
0 0.68203125 0.24375 0.02421875 0.05625
0 0.65625 0.25 0.028125 0.0625
0 0.6 0.22109375 0.02421875 0.06484375
0 0.57265625 0.23203125 0.03046875 0.07109375
0 0.6296875 0.36484375 0.04609375 0.08671875
0 0.6375 0.4390625 0.05234375 0.08828125
0 0.65390625 0.5359375 0.05859375 0.109375