0 0.20078125 0.39375 0.04375 0.075
0 0.3421875 0.21328125 0.02890625 0.0328125
0 0.375 0.23359375 0.0203125 0.040625
0 0.396875 0.24609375 0.01796875 0.0484375
0 0.4140625 0.23203125 0.0125 0.04296875
0 0.41015625 0.1953125 0.0203125 0.025
0 0.484375 0.196875 0.01484375 0.04296875
0 0.559375 0.1953125 0.015625 0.05703125
0 0.6546875 0.22265625 0.0171875 0.06171875
0 0.7109375 0.22890625 0.0203125 0.06015625
0 0.81484375 0.36015625 0.02578125 0.0640625
0 0.89296875 0.35078125 0.03515625 0.071875
0 0.87734375 0.278125 0.02578125 0.0578125
0 0.915625 0.31171875 0.01875 0.06875
0 0.828125 0.21328125 0.0296875 0.03671875
0 0.87421875 0.22109375 0.0296875 0.03515625
0 0.76953125 0.26796875 0.0203125 0.05546875
0 0.859375 0.15703125 0.01875 0.04921875
0 0.896875 0.1828125 0.01796875 0.05
0 0.5921875 0.10703125 0.01484375 0.03359375