0 0.98046875 0.421875 0.03203125 0.0703125
0 0.7625 0.34609375 0.01953125 0.0390625
0 0.70625 0.30859375 0.01875 0.040625
0 0.73828125 0.37890625 0.0234375 0.05078125
0 0.6609375 0.365625 0.021875 0.05390625
0 0.70625 0.38359375 0.02109375 0.046875
0 0.63984375 0.3015625 0.01796875 0.0375
0 0.61171875 0.3359375 0.02265625 0.0390625
0 0.63671875 0.3375 0.01875 0.0390625
0 0.55859375 0.365625 0.0265625 0.05078125
0 0.58671875 0.34921875 0.021875 0.04921875
0 0.58515625 0.3078125 0.02109375 0.03984375
0 0.60078125 0.27578125 0.0203125 0.0375
0 0.58515625 0.28046875 0.0203125 0.03359375
0 0.56171875 0.25390625 0.0171875 0.03125
0 0.54296875 0.26875 0.01875 0.03984375
0 0.5171875 0.3171875 0.01953125 0.046875
0 0.490625 0.33203125 0.01953125 0.0515625
0 0.51875 0.275 0.0140625 0.03515625
0 0.521875 0.24765625 0.0171875 0.0359375
0 0.48671875 0.26640625 0.01640625 0.0390625
0 0.46953125 0.2515625 0.0171875 0.03125
0 0.44140625 0.25625 0.015625 0.04296875
0 0.46796875 0.284375 0.01953125 0.04296875
0 0.4265625 0.2890625 0.01875 0.03828125
0 0.40859375 0.27109375 0.0171875 0.03984375
0 0.43125 0.2328125 0.015625 0.0328125
0 0.41484375 0.22734375 0.01796875 0.0375
0 0.3796875 0.20859375 0.01484375 0.0375
0 0.3890625 0.22734375 0.01875 0.0296875
0 0.3296875 0.21484375 0.01640625 0.03046875
0 0.34921875 0.23125 0.0140625 0.0265625
0 0.36171875 0.22265625 0.0140625 0.03515625
0 0.38125 0.259375 0.01796875 0.0359375
0 0.35390625 0.24921875 0.015625 0.02578125
0 0.3546875 0.30703125 0.01953125 0.0484375
0 0.4515625 0.3625 0.028125 0.05859375
0 0.39296875 0.3390625 0.02265625 0.0515625
0 0.37578125 0.365625 0.02578125 0.05234375
0 0.52578125 0.41484375 0.034375 0.0671875
0 0.46015625 0.43046875 0.03515625 0.0734375
0 0.40078125 0.46640625 0.03359375 0.08359375
0 0.35234375 0.4875 0.0421875 0.075
0 0.2796875 0.50078125 0.04140625 0.0875
0 0.3 0.36171875 0.0265625 0.04609375
0 0.3328125 0.3734375 0.034375 0.06328125
0 0.246875 0.421875 0.03359375 0.0671875
0 0.31171875 0.275 0.02109375 0.0390625
0 0.31015625 0.2390625 0.01796875 0.0375
0 0.2890625 0.2265625 0.0171875 0.03125
0 0.284375 0.24921875 0.01484375 0.04140625
0 0.2625 0.29375 0.01875 0.04375
0 0.25625 0.253125 0.01640625 0.04765625
0 0.2390625 0.25703125 0.0171875 0.04609375
0 0.22421875 0.240625 0.01640625 0.0375
0 0.203125 0.25546875 0.02265625 0.04609375
0 0.14921875 0.2625 0.01640625 0.04296875
0 0.1140625 0.2546875 0.01328125 0.03359375
0 0.13203125 0.2875 0.021875 0.04609375
0 0.0890625 0.29296875 0.01875 0.0453125
0 0.2140625 0.29296875 0.01875 0.03984375
0 0.16875 0.31015625 0.01953125 0.046875
0 0.171875 0.26953125 0.01875 0.040625
0 0.1453125 0.31796875 0.02109375 0.0421875
0 0.09921875 0.321875 0.01875 0.0484375
0 0.071875 0.3328125 0.0203125 0.04921875
0 0.1125 0.3453125 0.0234375 0.0515625
0 0.12421875 0.3828125 0.03125 0.05703125
0 0.1484375 0.36015625 0.0203125 0.05625
0 0.17421875 0.36953125 0.0265625 0.0578125
0 0.05 0.28984375 0.01953125 0.0328125
0 0.0484375 0.31015625 0.025 0.03515625
0 0.05078125 0.35546875 0.025 0.04375
0 0.0703125 0.47265625 0.0390625 0.07109375
0 0.13984375 0.4828125 0.03125 0.071875
0 0.2015625 0.4375 0.03671875 0.078125
0 0.16328125 0.54609375 0.040625 0.0921875