0 0.92421875 0.43046875 0.059375 0.09609375
0 0.33359375 0.3140625 0.03125 0.05234375
0 0.2171875 0.2875 0.03046875 0.0703125
0 0.28359375 0.27734375 0.0265625 0.0578125
0 0.34921875 0.24609375 0.03203125 0.046875
0 0.39453125 0.25234375 0.02734375 0.04609375
0 0.39921875 0.325 0.03671875 0.0875
0 0.4390625 0.24140625 0.03125 0.04375
0 0.4609375 0.29609375 0.0328125 0.06484375
0 0.51328125 0.296875 0.025 0.0609375
0 0.39921875 0.20546875 0.0203125 0.040625
0 0.3546875 0.19296875 0.0265625 0.0578125
0 0.346875 0.15859375 0.02109375 0.04921875
0 0.31796875 0.17265625 0.02421875 0.04296875
0 0.3078125 0.2140625 0.021875 0.06171875
0 0.2703125 0.18046875 0.01640625 0.04609375
0 0.2421875 0.20703125 0.02890625 0.046875
0 0.19140625 0.23515625 0.02890625 0.0609375
0 0.140625 0.2171875 0.01953125 0.05390625
0 0.11953125 0.1953125 0.01484375 0.05234375
0 0.0765625 0.1890625 0.02890625 0.03828125
0 0.11015625 0.1578125 0.01484375 0.02734375
0 0.0734375 0.15078125 0.015625 0.03359375
0 0.1109375 0.1296875 0.02109375 0.03359375
0 0.1390625 0.12109375 0.0171875 0.0328125
0 0.15703125 0.14453125 0.01796875 0.0390625
0 0.15703125 0.18671875 0.02578125 0.04609375
0 0.1875 0.16171875 0.01875 0.0484375
0 0.178125 0.1359375 0.0140625 0.03828125
0 0.19140625 0.11328125 0.01484375 0.0359375
0 0.20703125 0.12421875 0.0140625 0.02890625
0 0.209375 0.1671875 0.0234375 0.0328125
0 0.246875 0.1515625 0.02421875 0.0375
0 0.22109375 0.1125 0.01484375 0.02734375
0 0.2359375 0.128125 0.01875 0.0328125
0 0.2703125 0.10546875 0.01328125 0.02421875
0 0.2625 0.1296875 0.0171875 0.0328125
0 0.278125 0.14375 0.01953125 0.028125
0 0.30078125 0.13203125 0.0171875 0.03203125
0 0.3140625 0.1390625 0.0140625 0.03203125
0 0.31015625 0.09296875 0.01953125 0.05078125
0 0.33125 0.10625 0.01328125 0.04921875
0 0.36015625 0.05546875 0.01875 0.04140625
0 0.3609375 0.09375 0.01484375 0.02578125
0 0.3625 0.12109375 0.01640625 0.0328125
0 0.384375 0.09453125 0.0140625 0.03125
0 0.3828125 0.13828125 0.0171875 0.034375
0 0.41796875 0.09453125 0.0140625 0.02578125
0 0.415625 0.11484375 0.01171875 0.02578125
0 0.4296875 0.13828125 0.0203125 0.03359375
0 0.453125 0.14921875 0.01875 0.03671875
0 0.446875 0.10390625 0.015625 0.028125
0 0.4703125 0.12734375 0.0203125 0.03125
0 0.43359375 0.1734375 0.02265625 0.04296875
0 0.48359375 0.14375 0.01640625 0.028125
0 0.5171875 0.1265625 0.01484375 0.02265625
0 0.51875 0.15859375 0.02265625 0.0359375
0 0.534375 0.15234375 0.01328125 0.02890625
0 0.54921875 0.15859375 0.01484375 0.034375
0 0.54765625 0.1390625 0.01328125 0.02578125
0 0.54375 0.17734375 0.01953125 0.03671875
0 0.48515625 0.1984375 0.025 0.040625
0 0.51171875 0.209375 0.021875 0.0390625
0 0.56953125 0.190625 0.01953125 0.03359375
0 0.58359375 0.1734375 0.02109375 0.0328125
0 0.59765625 0.175 0.01328125 0.03515625
0 0.56640625 0.22421875 0.02578125 0.0359375
0 0.58046875 0.26328125 0.02421875 0.0546875
0 0.6046875 0.20625 0.02265625 0.04609375
0 0.63046875 0.19140625 0.01640625 0.0359375
0 0.6375 0.20859375 0.0203125 0.03671875
0 0.65390625 0.2109375 0.021875 0.0421875
0 0.68984375 0.20859375 0.01953125 0.025
0 0.67578125 0.246875 0.02265625 0.04296875
0 0.69921875 0.2453125 0.0265625 0.0328125
0 0.71796875 0.25625 0.02421875 0.040625
0 0.7515625 0.27578125 0.0203125 0.04453125