0 0.9390625 0.4390625 0.04375 0.10234375
0 0.065625 0.20234375 0.0140625 0.04375
0 0.0640625 0.1546875 0.0125 0.03046875
0 0.1 0.13984375 0.01015625 0.021875
0 0.1015625 0.16875 0.01484375 0.025
0 0.109375 0.19609375 0.0171875 0.0390625
0 0.1265625 0.22890625 0.01875 0.040625
0 0.13828125 0.18203125 0.01875 0.03359375
0 0.14609375 0.1546875 0.0171875 0.0328125
0 0.128125 0.13359375 0.01484375 0.03125
0 0.165625 0.14140625 0.0125 0.02734375
0 0.17109375 0.16640625 0.0125 0.03125
0 0.196875 0.18203125 0.01796875 0.03515625
0 0.19765625 0.1421875 0.01171875 0.034375
0 0.1796875 0.11953125 0.00859375 0.03203125
0 0.21171875 0.12109375 0.0109375 0.028125
0 0.22734375 0.134375 0.0125 0.021875
0 0.2625 0.11484375 0.0140625 0.028125
0 0.253125 0.1328125 0.0171875 0.03984375
0 0.25234375 0.1921875 0.0203125 0.05625
0 0.2265625 0.2234375 0.01953125 0.0359375
0 0.184375 0.24453125 0.02421875 0.04453125
0 0.2109375 0.2875 0.025 0.0578125
0 0.284375 0.14375 0.021875 0.0375
0 0.30234375 0.1421875 0.0140625 0.03203125
0 0.30625 0.1796875 0.02109375 0.03671875
0 0.296875 0.225 0.0265625 0.0390625
0 0.28671875 0.278125 0.02890625 0.0546875
0 0.3375 0.25625 0.03203125 0.04375
0 0.321875 0.3296875 0.0296875 0.07421875
0 0.34609375 0.20234375 0.02421875 0.04375
0 0.340625 0.1734375 0.02578125 0.0359375
0 0.38828125 0.20859375 0.021875 0.0375
0 0.38359375 0.25703125 0.0234375 0.04765625
0 0.39140625 0.32890625 0.02890625 0.0671875
0 0.43046875 0.25 0.028125 0.0390625
0 0.459375 0.31171875 0.0359375 0.05234375
0 0.5109375 0.3046875 0.034375 0.04921875
0 0.30078125 0.09453125 0.01328125 0.0296875
0 0.31953125 0.11953125 0.0171875 0.0296875
0 0.35703125 0.10546875 0.0171875 0.034375
0 0.37421875 0.10703125 0.01171875 0.0265625
0 0.37890625 0.13671875 0.01484375 0.03828125
0 0.41015625 0.10234375 0.01171875 0.02890625
0 0.4078125 0.13046875 0.0125 0.02265625
0 0.43671875 0.11484375 0.0140625 0.0296875
0 0.4671875 0.06953125 0.0171875 0.025
0 0.46484375 0.1328125 0.0109375 0.01875
0 0.4421875 0.15390625 0.01640625 0.03203125
0 0.4171875 0.1484375 0.01015625 0.03203125
0 0.42734375 0.17890625 0.0171875 0.0359375
0 0.47890625 0.153125 0.01875 0.02734375
0 0.49296875 0.15625 0.01015625 0.0328125
0 0.5109375 0.13515625 0.0125 0.0265625
0 0.54765625 0.140625 0.0140625 0.034375
0 0.53984375 0.17734375 0.0140625 0.03125
0 0.5265625 0.15546875 0.00703125 0.0203125
0 0.5171875 0.1625 0.0125 0.02734375
0 0.48125 0.209375 0.01953125 0.0390625
0 0.4953125 0.19296875 0.0109375 0.01953125
0 0.509375 0.2296875 0.025 0.04375
0 0.53046875 0.196875 0.01953125 0.02734375
0 0.54296875 0.221875 0.01953125 0.034375
0 0.55859375 0.20703125 0.01796875 0.03203125
0 0.5734375 0.18984375 0.021875 0.0453125
0 0.5875 0.1734375 0.01640625 0.03828125
0 0.5703125 0.26796875 0.0171875 0.03984375
0 0.6 0.21015625 0.01875 0.0375
0 0.6234375 0.2015625 0.01328125 0.040625
0 0.63671875 0.22109375 0.0203125 0.04453125
0 0.65078125 0.21484375 0.01484375 0.03984375
0 0.66875 0.20859375 0.01484375 0.053125
0 0.6671875 0.2546875 0.01796875 0.0359375
0 0.69609375 0.2578125 0.02109375 0.04140625
0 0.71015625 0.2671875 0.01953125 0.04375
0 0.74921875 0.28984375 0.0234375 0.04609375