0 0.1203125 0.53671875 0.04296875 0.078125
0 0.89609375 0.259375 0.0125 0.03203125
0 0.95078125 0.309375 0.01796875 0.034375
0 0.87265625 0.27734375 0.01640625 0.03203125
0 0.8234375 0.2453125 0.0140625 0.0328125
0 0.7921875 0.23671875 0.01328125 0.028125
0 0.7484375 0.25390625 0.01484375 0.0328125
0 0.7125 0.25234375 0.0140625 0.034375
0 0.7875 0.28125 0.0171875 0.03828125
0 0.83359375 0.27578125 0.01328125 0.0296875
0 0.8265625 0.3046875 0.0171875 0.02890625
0 0.90546875 0.32578125 0.0140625 0.03203125
0 0.9484375 0.346875 0.0171875 0.04375
0 0.8875 0.3421875 0.01640625 0.034375
0 0.859375 0.33046875 0.01640625 0.0328125
0 0.82578125 0.36875 0.02109375 0.046875
0 0.8671875 0.41640625 0.0203125 0.04453125
0 0.925 0.45625 0.0234375 0.05546875
0 0.94765625 0.4109375 0.0171875 0.040625
0 0.678125 0.27890625 0.01484375 0.0328125
0 0.7109375 0.30390625 0.01875 0.0375
0 0.640625 0.3015625 0.0203125 0.03515625
0 0.68671875 0.31640625 0.021875 0.0421875
0 0.60625 0.3328125 0.02109375 0.04296875
0 0.5390625 0.3625 0.0234375 0.04609375
0 0.70078125 0.36796875 0.02265625 0.0421875
0 0.66484375 0.36796875 0.0234375 0.04765625
0 0.61796875 0.38359375 0.02265625 0.04609375
0 0.47734375 0.415625 0.0296875 0.046875
0 0.52265625 0.44921875 0.02890625 0.046875
0 0.5921875 0.46171875 0.0296875 0.06171875
0 0.73125 0.4109375 0.025 0.05078125
0 0.7796875 0.43984375 0.0296875 0.0671875
0 0.853125 0.47578125 0.0296875 0.06484375
0 0.821875 0.59765625 0.034375 0.07265625
0 0.7109375 0.55 0.03828125 0.07265625
0 0.6421875 0.4796875 0.0390625 0.0671875
0 0.68046875 0.20859375 0.01328125 0.02578125
0 0.69375 0.2203125 0.01484375 0.0234375
0 0.64296875 0.2515625 0.0140625 0.0265625
0 0.609375 0.2265625 0.0125 0.02109375
0 0.60546875 0.2546875 0.01328125 0.0203125
0 0.56171875 0.225 0.0140625 0.028125
0 0.58203125 0.2578125 0.01484375 0.03203125
0 0.5546875 0.28046875 0.01796875 0.0375
0 0.546875 0.25234375 0.0125 0.02421875
0 0.52578125 0.27734375 0.0140625 0.03125
0 0.509375 0.26640625 0.01328125 0.03125
0 0.44140625 0.26796875 0.01484375 0.034375
0 0.46640625 0.26953125 0.01484375 0.02734375
0 0.38671875 0.2640625 0.015625 0.03203125
0 0.4078125 0.271875 0.0140625 0.0328125
0 0.4453125 0.34453125 0.01640625 0.0375
0 0.40390625 0.3375 0.02109375 0.03828125
0 0.403125 0.30546875 0.0171875 0.02890625
0 0.34921875 0.30078125 0.01875 0.02578125
0 0.33125 0.3625 0.0234375 0.03984375
0 0.35 0.3328125 0.015625 0.028125
0 0.2734375 0.31875 0.015625 0.0296875
0 0.21875 0.3421875 0.01640625 0.03203125
0 0.2484375 0.3640625 0.01875 0.0421875
0 0.27421875 0.38203125 0.0203125 0.04296875
0 0.37265625 0.35859375 0.01328125 0.0265625
0 0.46796875 0.24140625 0.01328125 0.02734375