0 0.1671875 0.2796875 0.0296875 0.05546875
0 0.26953125 0.26171875 0.01875 0.03125
0 0.2828125 0.25078125 0.01875 0.03359375
0 0.315625 0.28984375 0.01953125 0.0359375
0 0.33125 0.26015625 0.01953125 0.02421875
0 0.3109375 0.2171875 0.02265625 0.0390625
0 0.3359375 0.21328125 0.015625 0.0234375
0 0.38046875 0.30859375 0.02578125 0.03828125
0 0.36171875 0.271875 0.01875 0.03125
0 0.4390625 0.21015625 0.01484375 0.0328125
0 0.475 0.2234375 0.02265625 0.03203125
0 0.4140625 0.22421875 0.01640625 0.03125
0 0.41171875 0.17734375 0.0140625 0.0265625
0 0.39453125 0.19765625 0.01640625 0.0265625
0 0.45234375 0.146875 0.0109375 0.01484375
0 0.46484375 0.1640625 0.0125 0.03515625
0 0.47421875 0.14453125 0.01484375 0.0328125
0 0.525 0.14609375 0.01484375 0.021875
0 0.559375 0.13984375 0.01328125 0.03046875
0 0.5359375 0.1921875 0.03125 0.02578125
0 0.58671875 0.1625 0.02578125 0.03125
0 0.615625 0.1515625 0.0171875 0.04140625
0 0.58125 0.1046875 0.01484375 0.01953125
0 0.75625 0.13203125 0.01953125 0.03671875
0 0.7875 0.13828125 0.01171875 0.0203125
0 0.7734375 0.1484375 0.01953125 0.028125
0 0.8125 0.15625 0.01328125 0.03125
0 0.7984375 0.175 0.0125 0.04375
0 0.8578125 0.14375 0.0171875 0.034375
0 0.8359375 0.18359375 0.0203125 0.03984375
0 0.87421875 0.19921875 0.01640625 0.02734375
0 0.81953125 0.21484375 0.02265625 0.04140625
0 0.8546875 0.2515625 0.02578125 0.053125
0 0.90703125 0.2765625 0.021875 0.053125
0 0.85 0.3 0.02421875 0.0578125
0 0.79453125 0.271875 0.02734375 0.046875
0 0.80703125 0.24921875 0.02578125 0.05078125
0 0.77109375 0.20390625 0.0171875 0.0421875
0 0.759375 0.17265625 0.015625 0.0265625
0 0.73203125 0.18671875 0.01640625 0.046875
0 0.7140625 0.1546875 0.015625 0.0328125
0 0.6765625 0.16953125 0.015625 0.03046875
0 0.6359375 0.175 0.02421875 0.04140625
0 0.65625 0.20546875 0.02109375 0.04296875
0 0.7015625 0.2203125 0.01875 0.04296875
0 0.73671875 0.225 0.028125 0.04296875
0 0.740625 0.26796875 0.025 0.05390625
0 0.759375 0.3359375 0.03359375 0.06328125
0 0.628125 0.3625 0.034375 0.05859375
0 0.64765625 0.25703125 0.0234375 0.04140625
0 0.6125 0.22265625 0.02265625 0.05234375
0 0.57734375 0.23984375 0.0203125 0.03984375
0 0.54453125 0.30234375 0.03671875 0.05859375
0 0.490625 0.3046875 0.02734375 0.0671875