0 0.896875 0.55703125 0.0546875 0.10234375
0 0.04375 0.446875 0.0265625 0.06796875
0 0.04921875 0.378125 0.01796875 0.0609375
0 0.01484375 0.3703125 0.01796875 0.0625
0 0.02265625 0.3203125 0.0140625 0.04765625
0 0.01328125 0.2625 0.0125 0.0453125
0 0.04453125 0.24765625 0.01796875 0.04140625
0 0.06484375 0.27578125 0.02109375 0.03828125
0 0.08828125 0.2265625 0.021875 0.02890625
0 0.090625 0.26796875 0.0140625 0.053125
0 0.12265625 0.23515625 0.01171875 0.0421875
0 0.10546875 0.29375 0.02265625 0.03671875
0 0.12734375 0.3421875 0.01640625 0.04453125
0 0.0671875 0.35546875 0.01640625 0.05078125
0 0.12109375 0.3890625 0.025 0.0625
0 0.13203125 0.48984375 0.03125 0.0703125
0 0.19921875 0.4546875 0.03203125 0.0703125
0 0.27265625 0.40859375 0.0265625 0.07109375
0 0.33125 0.40625 0.028125 0.0796875
0 0.396875 0.371875 0.028125 0.05703125
0 0.41640625 0.32734375 0.03046875 0.040625
0 0.37890625 0.2875 0.02734375 0.04921875
0 0.33828125 0.2609375 0.01796875 0.04765625
0 0.2796875 0.28515625 0.0125 0.053125
0 0.2390625 0.29609375 0.015625 0.0625
0 0.19375 0.3203125 0.021875 0.06484375
0 0.19921875 0.2578125 0.0125 0.04453125
0 0.17890625 0.22890625 0.015625 0.03359375
0 0.1625 0.23046875 0.0140625 0.0453125
0 0.18359375 0.19140625 0.0171875 0.04375
0 0.2171875 0.1859375 0.01953125 0.0453125
0 0.21171875 0.22734375 0.01484375 0.04375
0 0.2328125 0.20625 0.01328125 0.0390625
0 0.2484375 0.240625 0.02265625 0.040625
0 0.2640625 0.2203125 0.01328125 0.0375
0 0.29609375 0.221875 0.0171875 0.05390625
0 0.275 0.15546875 0.01328125 0.03515625
0 0.3 0.13828125 0.01953125 0.02578125
0 0.30234375 0.16015625 0.0125 0.03203125
0 0.33359375 0.1296875 0.01953125 0.02578125
0 0.3546875 0.128125 0.0140625 0.03203125
0 0.38125 0.0765625 0.0140625 0.03046875
0 0.3390625 0.14921875 0.01328125 0.02734375
0 0.3328125 0.18203125 0.0109375 0.0296875
0 0.3953125 0.1296875 0.0125 0.021875
0 0.4140625 0.14296875 0.01640625 0.0359375
0 0.4375 0.14375 0.01484375 0.0375
0 0.38515625 0.15703125 0.01015625 0.02578125
0 0.3796875 0.178125 0.01328125 0.03046875
0 0.3734375 0.2015625 0.0171875 0.03828125
0 0.45859375 0.159375 0.01640625 0.03046875
0 0.41171875 0.203125 0.01875 0.0375
0 0.4359375 0.21953125 0.015625 0.03203125
0 0.47578125 0.1703125 0.01640625 0.0359375
0 0.49375 0.15390625 0.01640625 0.0359375
0 0.525 0.1453125 0.009375 0.02265625
0 0.5140625 0.1765625 0.01875 0.03984375
0 0.49296875 0.2078125 0.015625 0.03515625
0 0.51484375 0.246875 0.01953125 0.05234375
0 0.55859375 0.18828125 0.01171875 0.0375
0 0.565625 0.1515625 0.01875 0.04375
0 0.5796875 0.18125 0.01015625 0.02734375
0 0.58125 0.23671875 0.0203125 0.04921875
0 0.61640625 0.1875 0.02421875 0.05234375
0 0.63671875 0.21015625 0.02109375 0.03046875
0 0.61640625 0.2703125 0.02109375 0.053125
0 0.5578125 0.31953125 0.0234375 0.0625
0 0.65625 0.24140625 0.02578125 0.059375
0 0.68046875 0.21875 0.0171875 0.03046875
0 0.68203125 0.25 0.02421875 0.04609375
0 0.71171875 0.240625 0.021875 0.03671875
0 0.76640625 0.2859375 0.025 0.02890625
0 0.76328125 0.26015625 0.02265625 0.025