0 0.0171875 0.34375 0.034375 0.1
0 0.059375 0.30859375 0.0234375 0.0484375
0 0.0921875 0.32578125 0.05 0.0828125
0 0.15625 0.29921875 0.021875 0.0609375
0 0.14140625 0.26328125 0.021875 0.046875
0 0.16015625 0.22734375 0.0140625 0.03828125
0 0.1890625 0.25859375 0.02578125 0.059375
0 0.275 0.30703125 0.0296875 0.07265625
0 0.328125 0.20078125 0.028125 0.05625
0 0.315625 0.128125 0.02265625 0.04921875
0 0.37421875 0.21953125 0.01796875 0.03671875
0 0.3796875 0.1890625 0.0359375 0.0375
0 0.40390625 0.1140625 0.0265625 0.06171875
0 0.53125 0.2453125 0.04609375 0.05078125
0 0.56796875 0.2265625 0.02109375 0.0546875