0 0.953125 0.4078125 0.04609375 0.0890625
0 0.08125 0.265625 0.025 0.05859375
0 0.13671875 0.2296875 0.0203125 0.04296875
0 0.12890625 0.2015625 0.02265625 0.053125
0 0.0765625 0.153125 0.02109375 0.04765625
0 0.1125 0.171875 0.01953125 0.034375
0 0.109375 0.12421875 0.01953125 0.03984375
0 0.13203125 0.128125 0.0109375 0.03203125
0 0.16171875 0.18671875 0.01953125 0.02578125
0 0.17421875 0.14921875 0.015625 0.03671875
0 0.184375 0.15859375 0.01171875 0.0234375
0 0.14609375 0.15 0.01484375 0.03125
0 0.1953125 0.11796875 0.01953125 0.03671875
0 0.2046875 0.13984375 0.01171875 0.04609375
0 0.21484375 0.1796875 0.025 0.025
0 0.21953125 0.11953125 0.015625 0.04375
0 0.23984375 0.13203125 0.01171875 0.04375
0 0.24609375 0.165625 0.0171875 0.03203125
0 0.265625 0.1359375 0.02109375 0.04140625
0 0.2640625 0.1203125 0.0171875 0.0265625
0 0.25546875 0.09765625 0.01484375 0.03046875
0 0.259375 0.1828125 0.021875 0.03828125
0 0.278125 0.1546875 0.01796875 0.04140625
0 0.2921875 0.1375 0.01484375 0.03515625
0 0.24140625 0.22109375 0.0234375 0.04765625
0 0.23046875 0.28046875 0.02578125 0.06953125
0 0.3046875 0.2265625 0.0203125 0.04921875
0 0.3171875 0.18046875 0.02109375 0.0328125
0 0.34140625 0.19765625 0.01953125 0.0609375
0 0.365625 0.17578125 0.01953125 0.0296875
0 0.33203125 0.2375 0.02109375 0.03984375
0 0.29375 0.26953125 0.028125 0.059375
0 0.3390625 0.35 0.034375 0.05390625
0 0.4171875 0.36953125 0.03671875 0.0515625
0 0.45078125 0.29296875 0.02734375 0.06796875
0 0.403125 0.253125 0.01875 0.05859375
0 0.3953125 0.21640625 0.02421875 0.0515625
0 0.44296875 0.240625 0.01796875 0.04609375
0 0.5234375 0.2984375 0.03359375 0.08515625
0 0.52734375 0.23125 0.0234375 0.046875
0 0.4765625 0.2015625 0.02109375 0.040625
0 0.43203125 0.1703125 0.01875 0.03359375
0 0.40234375 0.1671875 0.01875 0.05234375
0 0.41796875 0.146875 0.01171875 0.025
0 0.334375 0.12265625 0.0203125 0.03984375
0 0.3109375 0.09140625 0.01484375 0.04453125
0 0.36953125 0.1203125 0.01640625 0.02265625
0 0.3671875 0.09921875 0.01484375 0.02734375
0 0.3953125 0.1171875 0.02265625 0.0328125
0 0.3875 0.10390625 0.015625 0.03046875
0 0.41015625 0.0984375 0.01875 0.0359375
0 0.440625 0.109375 0.025 0.03203125
0 0.4734375 0.1359375 0.01640625 0.02890625
0 0.4875 0.15625 0.0171875 0.034375
0 0.51875 0.13203125 0.01640625 0.03125
0 0.5328125 0.1578125 0.01796875 0.04375
0 0.55625 0.16953125 0.02109375 0.03984375
0 0.56015625 0.13359375 0.01484375 0.01796875
0 0.52109375 0.19765625 0.01484375 0.02890625
0 0.5421875 0.1984375 0.01796875 0.04296875
0 0.559375 0.19453125 0.0265625 0.0421875
0 0.58125 0.171875 0.01796875 0.03046875
0 0.6 0.1703125 0.0125 0.03125
0 0.575 0.2421875 0.0203125 0.04296875
0 0.58984375 0.21484375 0.0171875 0.03515625
0 0.61640625 0.19453125 0.0203125 0.03515625
0 0.60703125 0.303125 0.0265625 0.0515625
0 0.621875 0.2296875 0.01640625 0.03046875
0 0.64140625 0.22109375 0.0203125 0.05078125
0 0.65859375 0.22421875 0.015625 0.0484375
0 0.6859375 0.21953125 0.01640625 0.04140625
0 0.66328125 0.29453125 0.01953125 0.05234375
0 0.703125 0.25625 0.01640625 0.0484375
0 0.75 0.28125 0.00859375 0.0359375
0 0.7125 0.2609375 0.0171875 0.03046875