0 0.81484375 0.3640625 0.0390625 0.0796875
0 0.85546875 0.43046875 0.05390625 0.096875
0 0.38515625 0.303125 0.0296875 0.08203125
0 0.04296875 0.19921875 0.015625 0.03828125
0 0.0984375 0.20390625 0.01640625 0.04140625
0 0.05546875 0.2328125 0.01640625 0.03515625
0 0.06640625 0.26953125 0.01796875 0.04375
0 0.1203125 0.28828125 0.02109375 0.046875
0 0.18515625 0.1609375 0.0140625 0.03125
0 0.1640625 0.25078125 0.02421875 0.0453125
0 0.18984375 0.20546875 0.01640625 0.040625
0 0.21796875 0.14765625 0.01796875 0.040625
0 0.21328125 0.18671875 0.0171875 0.040625
0 0.23515625 0.19765625 0.01640625 0.03984375
0 0.2734375 0.16171875 0.01640625 0.03203125
0 0.27734375 0.1 0.0140625 0.03359375
0 0.31953125 0.18359375 0.01796875 0.04140625
0 0.28671875 0.19765625 0.01875 0.03984375
0 0.3921875 0.2375 0.02265625 0.046875
0 0.3578125 0.246875 0.02890625 0.046875
0 0.284375 0.28359375 0.03125 0.053125
0 0.3359375 0.0546875 0.01796875 0.03125
0 0.66875 0.19765625 0.0171875 0.0328125
0 0.415625 0.12109375 0.015625 0.02890625
0 0.45625 0.1875 0.015625 0.03515625
0 0.47890625 0.1828125 0.0171875 0.03828125
0 0.565625 0.16875 0.01640625 0.03125
0 0.59921875 0.15859375 0.01328125 0.0359375
0 0.54609375 0.228125 0.015625 0.03046875
0 0.5875 0.23515625 0.01875 0.03984375
0 0.603125 0.20625 0.0171875 0.034375