0 0.103125 0.55703125 0.0546875 0.10234375
0 0.95625 0.446875 0.0265625 0.06796875
0 0.95078125 0.378125 0.01796875 0.0609375
0 0.98515625 0.3703125 0.01796875 0.0625
0 0.97734375 0.3203125 0.0140625 0.04765625
0 0.98671875 0.2625 0.0125 0.0453125
0 0.95546875 0.24765625 0.01796875 0.04140625
0 0.93515625 0.27578125 0.02109375 0.03828125
0 0.91171875 0.2265625 0.021875 0.02890625
0 0.909375 0.26796875 0.0140625 0.053125
0 0.87734375 0.23515625 0.01171875 0.0421875
0 0.89453125 0.29375 0.02265625 0.03671875
0 0.87265625 0.3421875 0.01640625 0.04453125
0 0.9328125 0.35546875 0.01640625 0.05078125
0 0.87890625 0.3890625 0.025 0.0625
0 0.86796875 0.48984375 0.03125 0.0703125
0 0.80078125 0.4546875 0.03203125 0.0703125
0 0.72734375 0.40859375 0.0265625 0.07109375
0 0.66875 0.40625 0.028125 0.0796875
0 0.603125 0.371875 0.028125 0.05703125
0 0.58359375 0.32734375 0.03046875 0.040625
0 0.62109375 0.2875 0.02734375 0.04921875
0 0.66171875 0.2609375 0.01796875 0.04765625
0 0.7203125 0.28515625 0.0125 0.053125
0 0.7609375 0.29609375 0.015625 0.0625
0 0.80625 0.3203125 0.021875 0.06484375
0 0.80078125 0.2578125 0.0125 0.04453125
0 0.82109375 0.22890625 0.015625 0.03359375
0 0.8375 0.23046875 0.0140625 0.0453125
0 0.81640625 0.19140625 0.0171875 0.04375
0 0.7828125 0.1859375 0.01953125 0.0453125
0 0.78828125 0.22734375 0.01484375 0.04375
0 0.7671875 0.20625 0.01328125 0.0390625
0 0.7515625 0.240625 0.02265625 0.040625
0 0.7359375 0.2203125 0.01328125 0.0375
0 0.70390625 0.221875 0.0171875 0.05390625
0 0.725 0.15546875 0.01328125 0.03515625
0 0.7 0.13828125 0.01953125 0.02578125
0 0.69765625 0.16015625 0.0125 0.03203125
0 0.66640625 0.1296875 0.01953125 0.02578125
0 0.6453125 0.128125 0.0140625 0.03203125
0 0.61875 0.0765625 0.0140625 0.03046875
0 0.6609375 0.14921875 0.01328125 0.02734375
0 0.6671875 0.18203125 0.0109375 0.0296875
0 0.6046875 0.1296875 0.0125 0.021875
0 0.5859375 0.14296875 0.01640625 0.0359375
0 0.5625 0.14375 0.01484375 0.0375
0 0.61484375 0.15703125 0.01015625 0.02578125
0 0.6203125 0.178125 0.01328125 0.03046875
0 0.6265625 0.2015625 0.0171875 0.03828125
0 0.54140625 0.159375 0.01640625 0.03046875
0 0.58828125 0.203125 0.01875 0.0375
0 0.5640625 0.21953125 0.015625 0.03203125
0 0.52421875 0.1703125 0.01640625 0.0359375
0 0.50625 0.15390625 0.01640625 0.0359375
0 0.475 0.1453125 0.009375 0.02265625
0 0.4859375 0.1765625 0.01875 0.03984375
0 0.50703125 0.2078125 0.015625 0.03515625
0 0.48515625 0.246875 0.01953125 0.05234375
0 0.44140625 0.18828125 0.01171875 0.0375
0 0.434375 0.1515625 0.01875 0.04375
0 0.4203125 0.18125 0.01015625 0.02734375
0 0.41875 0.23671875 0.0203125 0.04921875
0 0.38359375 0.1875 0.02421875 0.05234375
0 0.36328125 0.21015625 0.02109375 0.03046875
0 0.38359375 0.2703125 0.02109375 0.053125
0 0.4421875 0.31953125 0.0234375 0.0625
0 0.34375 0.24140625 0.02578125 0.059375
0 0.31953125 0.21875 0.0171875 0.03046875
0 0.31796875 0.25 0.02421875 0.04609375
0 0.28828125 0.240625 0.021875 0.03671875
0 0.23359375 0.2859375 0.025 0.02890625
0 0.23671875 0.26015625 0.02265625 0.025