0 0.85 0.23359375 0.02890625 0.0453125
0 0.61875 0.2 0.03671875 0.04453125
0 0.58203125 0.21640625 0.015625 0.03671875
0 0.36484375 0.303125 0.03203125 0.06015625
0 0.38125 0.26875 0.015625 0.03125
0 0.55 0.2359375 0.0125 0.0546875
0 0.43671875 0.18671875 0.01328125 0.03125
0 0.44765625 0.1578125 0.0203125 0.0171875
0 0.3671875 0.1234375 0.0140625 0.03046875
0 0.33046875 0.178125 0.015625 0.034375
0 0.321875 0.22578125 0.0203125 0.0515625
0 0.30703125 0.2578125 0.02265625 0.05625
0 0.371875 0.22421875 0.02421875 0.0578125
0 0.065625 0.24296875 0.01953125 0.04921875