0 0.878125 0.47265625 0.05625 0.09609375
0 0.13359375 0.41953125 0.03671875 0.04921875
0 0.20546875 0.3765625 0.03828125 0.0796875
0 0.2703125 0.3421875 0.028125 0.0546875
0 0.3296875 0.3359375 0.03359375 0.03828125
0 0.3875 0.32109375 0.03359375 0.040625
0 0.41953125 0.29375 0.02265625 0.0421875
0 0.378125 0.25703125 0.0234375 0.0515625
0 0.32265625 0.2109375 0.0171875 0.0390625
0 0.30078125 0.19921875 0.01953125 0.03984375
0 0.22578125 0.17421875 0.01875 0.0296875
0 0.2734375 0.2296875 0.0203125 0.04609375
0 0.25546875 0.2046875 0.01484375 0.02890625
0 0.24765625 0.259375 0.01328125 0.05078125
0 0.1828125 0.26640625 0.01328125 0.0421875
0 0.21015625 0.23671875 0.0125 0.0375
0 0.1765625 0.2078125 0.021875 0.025
0 0.15546875 0.2015625 0.0140625 0.03828125
0 0.190625 0.17265625 0.01796875 0.01953125
0 0.1265625 0.2203125 0.01640625 0.04375
0 0.09765625 0.203125 0.0125 0.021875
0 0.02265625 0.22578125 0.01484375 0.03125
0 0.05625 0.21796875 0.01875 0.04140625
0 0.09609375 0.23359375 0.0109375 0.03515625
0 0.1109375 0.253125 0.021875 0.04140625
0 0.07890625 0.29765625 0.021875 0.0296875
0 0.02734375 0.2828125 0.02265625 0.03125
0 0.03125 0.30859375 0.02109375 0.02265625
0 0.0515625 0.33125 0.03046875 0.03515625
0 0.05390625 0.4 0.034375 0.04921875
0 0.11953125 0.35234375 0.02421875 0.0421875
0 0.1375 0.290625 0.02109375 0.03125
0 0.12578125 0.28125 0.0140625 0.0421875
0 0.5484375 0.278125 0.0265625 0.0453125
0 0.75078125 0.2453125 0.01953125 0.0328125
0 0.7859375 0.259375 0.021875 0.03359375
0 0.71640625 0.21484375 0.01875 0.0296875
0 0.66171875 0.228125 0.0265625 0.04921875
0 0.615625 0.22890625 0.0234375 0.02890625
0 0.59765625 0.21796875 0.00859375 0.0328125
0 0.51640625 0.22265625 0.0234375 0.0359375
0 0.5984375 0.178125 0.015625 0.03046875
0 0.63828125 0.1921875 0.0171875 0.04296875
0 0.6796875 0.196875 0.01875 0.0390625
0 0.6203125 0.18203125 0.01875 0.03515625
0 0.5609375 0.1859375 0.02109375 0.046875
0 0.55078125 0.153125 0.01484375 0.02578125
0 0.49296875 0.19453125 0.0234375 0.03359375
0 0.43984375 0.2015625 0.02578125 0.0421875
0 0.41171875 0.18125 0.01953125 0.028125
0 0.46484375 0.1546875 0.021875 0.0328125
0 0.5 0.1484375 0.0171875 0.0453125
0 0.28515625 0.15546875 0.0140625 0.03671875
0 0.30703125 0.1609375 0.01328125 0.02265625
0 0.30546875 0.13125 0.01171875 0.02734375
0 0.325 0.13125 0.01640625 0.03046875
0 0.33671875 0.1375 0.01171875 0.025
0 0.3359375 0.17265625 0.01640625 0.0328125
0 0.3671875 0.18125 0.01796875 0.0234375
0 0.3890625 0.18046875 0.01796875 0.0453125
0 0.38671875 0.14140625 0.01484375 0.0296875
0 0.35859375 0.12578125 0.01640625 0.0328125
0 0.39375 0.12265625 0.01953125 0.0234375
0 0.41015625 0.13359375 0.015625 0.0171875
0 0.43828125 0.13359375 0.02109375 0.0328125