0 0.80234375 0.4328125 0.053125 0.1140625
0 0.76640625 0.35703125 0.04453125 0.08984375
0 0.73828125 0.23515625 0.0296875 0.05703125
0 0.66953125 0.28203125 0.028125 0.05546875
0 0.57109375 0.28671875 0.02734375 0.0578125
0 0.521875 0.31171875 0.03046875 0.04296875
0 0.61953125 0.18828125 0.02578125 0.040625
0 0.57578125 0.2140625 0.02734375 0.034375
0 0.55 0.2171875 0.021875 0.05078125
0 0.55234375 0.1875 0.0125 0.0390625
0 0.52734375 0.20078125 0.0109375 0.0359375
0 0.51875 0.16875 0.01875 0.0328125
0 0.53359375 0.15703125 0.01875 0.02578125
0 0.54921875 0.1515625 0.01953125 0.03515625
0 0.5171875 0.13125 0.01953125 0.02109375
0 0.46796875 0.128125 0.0203125 0.04296875
0 0.4453125 0.14921875 0.01328125 0.03671875
0 0.42265625 0.153125 0.01875 0.028125
0 0.42890625 0.10078125 0.01875 0.04921875
0 0.3578125 0.10078125 0.01484375 0.05234375
0 0.31875 0.09140625 0.01640625 0.0390625
0 0.278125 0.08125 0.01484375 0.0234375
0 0.25 0.10078125 0.01328125 0.034375
0 0.1828125 0.1234375 0.015625 0.03671875
0 0.31796875 0.15546875 0.0171875 0.04609375
0 0.290625 0.14453125 0.0109375 0.04375
0 0.26796875 0.15625 0.0140625 0.04765625
0 0.25625 0.13828125 0.02109375 0.0390625
0 0.2421875 0.17265625 0.02890625 0.02734375
0 0.19296875 0.1875 0.0171875 0.0359375
0 0.14921875 0.190625 0.0234375 0.02890625
0 0.125 0.22578125 0.01875 0.04375
0 0.22265625 0.296875 0.02578125 0.04453125
0 0.28046875 0.275 0.03125 0.06171875
0 0.33828125 0.24375 0.028125 0.0609375
0 0.39375 0.2390625 0.025 0.03671875
0 0.475 0.20859375 0.01953125 0.04453125
0 0.48984375 0.17109375 0.01484375 0.03671875