0 0.09921875 0.47734375 0.06171875 0.08359375
0 0.23046875 0.3328125 0.0234375 0.06640625
0 0.2609375 0.3375 0.02109375 0.03359375
0 0.28125 0.35703125 0.01875 0.04375
0 0.328125 0.36796875 0.02265625 0.05234375
0 0.28359375 0.30078125 0.02421875 0.0359375
0 0.34296875 0.32421875 0.01640625 0.0265625
0 0.37109375 0.328125 0.01953125 0.03828125
0 0.4046875 0.340625 0.0234375 0.03984375
0 0.43828125 0.3375 0.01875 0.03359375
0 0.4921875 0.3234375 0.01953125 0.0328125
0 0.46484375 0.315625 0.02734375 0.040625
0 0.4265625 0.31484375 0.025 0.0265625
0 0.4234375 0.275 0.0109375 0.0390625
0 0.3921875 0.27578125 0.0171875 0.0265625
0 0.40546875 0.25546875 0.02265625 0.0375
0 0.3515625 0.28828125 0.0234375 0.04296875
0 0.5625 0.27578125 0.01796875 0.03125
0 0.5078125 0.28125 0.0203125 0.05390625
0 0.52265625 0.25390625 0.01328125 0.034375
0 0.515625 0.240625 0.01796875 0.0328125
0 0.490625 0.25625 0.0171875 0.0359375
0 0.46328125 0.2609375 0.01796875 0.03125
0 0.44765625 0.25078125 0.01875 0.03515625
0 0.55 0.215625 0.015625 0.02890625
0 0.56015625 0.225 0.01171875 0.0328125
0 0.596875 0.203125 0.01796875 0.03984375
0 0.6125 0.2140625 0.015625 0.040625
0 0.6390625 0.20859375 0.015625 0.02578125
0 0.65 0.23359375 0.01640625 0.0328125
0 0.66015625 0.22734375 0.0140625 0.0390625
0 0.61953125 0.25 0.0234375 0.02734375
0 0.584375 0.25078125 0.03046875 0.03515625
0 0.55 0.259375 0.0140625 0.03828125
0 0.45 0.4125 0.0375 0.078125
0 0.5328125 0.415625 0.02265625 0.06953125
0 0.56953125 0.4328125 0.0296875 0.07265625
0 0.61796875 0.4578125 0.0421875 0.06953125
0 0.684375 0.47109375 0.0421875 0.08125
0 0.784375 0.54375 0.04296875 0.06640625
0 0.55 0.34921875 0.0203125 0.0546875
0 0.58046875 0.32265625 0.021875 0.04453125
0 0.5953125 0.3953125 0.02265625 0.04453125
0 0.628125 0.38125 0.03203125 0.05546875
0 0.6296875 0.3265625 0.01171875 0.0515625
0 0.67109375 0.34375 0.01328125 0.03359375
0 0.61328125 0.31015625 0.01328125 0.0328125
0 0.66015625 0.271875 0.01171875 0.03046875
0 0.6890625 0.259375 0.01640625 0.03203125
0 0.7015625 0.2890625 0.02109375 0.0484375
0 0.71484375 0.25546875 0.015625 0.028125
0 0.73203125 0.228125 0.0140625 0.03671875
0 0.759375 0.2296875 0.01640625 0.02890625
0 0.7484375 0.2625 0.0203125 0.0234375
0 0.7375 0.29140625 0.025 0.0421875
0 0.72109375 0.38828125 0.021875 0.06953125
0 0.753125 0.434375 0.03046875 0.06875
0 0.78984375 0.3703125 0.021875 0.046875
0 0.8109375 0.340625 0.02265625 0.034375
0 0.7828125 0.30390625 0.0140625 0.0484375
0 0.78984375 0.27578125 0.0140625 0.0328125
0 0.81328125 0.2640625 0.02109375 0.040625
0 0.85078125 0.25078125 0.025 0.02421875
0 0.834375 0.26015625 0.01640625 0.025
0 0.8375 0.2796875 0.02265625 0.03671875
0 0.83046875 0.3171875 0.01953125 0.0296875
0 0.8265625 0.45 0.02890625 0.05703125
0 0.83515625 0.41015625 0.01796875 0.0453125
0 0.8796875 0.45546875 0.03515625 0.0578125
0 0.88515625 0.39765625 0.0203125 0.05625
0 0.8671875 0.35859375 0.01796875 0.04453125
0 0.9078125 0.36875 0.02109375 0.0546875
0 0.896875 0.334375 0.01484375 0.02890625
0 0.9140625 0.3078125 0.02109375 0.05390625
0 0.87421875 0.27578125 0.0140625 0.0359375
0 0.91171875 0.2765625 0.02890625 0.0265625