0 0.94375 0.24375 0.02578125 0.04921875
0 0.64609375 0.30390625 0.0453125 0.07578125
0 0.459375 0.2265625 0.0296875 0.053125
0 0.41640625 0.22578125 0.02578125 0.040625
0 0.3734375 0.203125 0.0296875 0.053125
0 0.56640625 0.1921875 0.0234375 0.046875
0 0.565625 0.16171875 0.02890625 0.03125
0 0.628125 0.0828125 0.0265625 0.0515625
0 0.63203125 0.2234375 0.03359375 0.0578125
0 0.678125 0.17578125 0.02890625 0.04921875
0 0.69609375 0.2234375 0.00390625 0.00078125
0 0.69921875 0.22265625 0.009375 0.00078125
0 0.68671875 0.2265625 0.03046875 0.04921875