0 0.81875 0.44375 0.0359375 0.08046875
0 0.809375 0.31953125 0.03515625 0.08359375
0 0.8 0.240625 0.02109375 0.053125
0 0.15234375 0.34453125 0.03046875 0.05546875
0 0.2703125 0.27265625 0.02578125 0.0609375
0 0.3609375 0.24765625 0.0265625 0.0484375
0 0.41484375 0.21328125 0.02421875 0.05078125
0 0.44765625 0.18984375 0.0234375 0.04140625
0 0.1578125 0.21015625 0.01953125 0.04140625
0 0.090625 0.12578125 0.015625 0.034375
0 0.06484375 0.16015625 0.01328125 0.025
0 0.43359375 0.1078125 0.01875 0.03828125
0 0.36796875 0.12890625 0.01328125 0.028125
0 0.49140625 0.1140625 0.0203125 0.04140625
0 0.515625 0.18203125 0.021875 0.04296875
0 0.57109375 0.22109375 0.0234375 0.04296875
0 0.64140625 0.215625 0.0203125 0.03828125
0 0.078125 0.27890625 0.03125 0.040625