0 0.72734375 0.25546875 0.01640625 0.034375
0 0.709375 0.2640625 0.01953125 0.03984375
0 0.6234375 0.28671875 0.028125 0.04375
0 0.509375 0.34765625 0.034375 0.046875
0 0.33125 0.3203125 0.028125 0.065625
0 0.26796875 0.340625 0.03046875 0.06796875
0 0.18359375 0.32734375 0.03671875 0.08359375
0 0.13671875 0.1234375 0.01328125 0.0328125
0 0.0765625 0.15625 0.01484375 0.02890625
0 0.171875 0.1234375 0.01796875 0.01953125
0 0.146875 0.1578125 0.01484375 0.03203125
0 0.16171875 0.140625 0.0125 0.025
0 0.0890625 0.1984375 0.01875 0.03984375
0 0.0796875 0.23203125 0.01875 0.025
0 0.12734375 0.2109375 0.021875 0.04375
0 0.175 0.20546875 0.02265625 0.04921875
0 0.22890625 0.13046875 0.01796875 0.034375
0 0.2546875 0.12109375 0.01640625 0.03125
0 0.42265625 0.23828125 0.0265625 0.0359375
0 0.22109375 0.1515625 0.02265625 0.028125
0 0.25703125 0.146875 0.01796875 0.034375
0 0.2203125 0.1953125 0.02265625 0.0453125
0 0.28515625 0.19609375 0.01875 0.034375
0 0.34453125 0.17265625 0.025 0.04921875
0 0.1984375 0.2390625 0.01953125 0.05078125
0 0.253125 0.23125 0.021875 0.059375
0 0.26171875 0.2640625 0.02265625 0.06328125
0 0.375 0.24375 0.025 0.05546875
0 0.315625 0.24453125 0.03125 0.053125
0 0.45390625 0.190625 0.02265625 0.03984375
0 0.51796875 0.184375 0.02109375 0.0390625
0 0.5609375 0.18515625 0.021875 0.04453125
0 0.6375 0.19921875 0.021875 0.04140625
0 0.52578125 0.2234375 0.02265625 0.03984375
0 0.309375 0.11015625 0.0140625 0.0265625
0 0.34296875 0.11015625 0.02109375 0.0265625
0 0.3890625 0.15390625 0.02109375 0.03125
0 0.43046875 0.175 0.01484375 0.03359375
0 0.41171875 0.12109375 0.0140625 0.03125
0 0.8203125 0.48828125 0.0453125 0.11015625
0 0.2203125 0.27421875 0.0296875 0.07578125
0 0.3125 0.196875 0.02265625 0.03984375
0 0.55234375 0.24921875 0.025 0.046875
0 0.6015625 0.2109375 0.02421875 0.04765625