0 0.19609375 0.40390625 0.05078125 0.09140625
0 0.89140625 0.37109375 0.0328125 0.08359375
0 0.9078125 0.31640625 0.028125 0.06484375
0 0.87265625 0.2640625 0.01796875 0.05078125
0 0.834375 0.31640625 0.021875 0.0609375
0 0.80390625 0.40390625 0.03125 0.06328125
0 0.75 0.3375 0.03125 0.06953125
0 0.76484375 0.29765625 0.02421875 0.05234375
0 0.80546875 0.24921875 0.01953125 0.06484375
0 0.82421875 0.21640625 0.01796875 0.05390625
0 0.87578125 0.215625 0.01484375 0.0484375
0 0.91796875 0.22421875 0.01640625 0.0484375
0 0.90703125 0.26171875 0.02421875 0.0421875
0 0.88984375 0.1734375 0.01796875 0.0453125
0 0.8953125 0.140625 0.0171875 0.03828125
0 0.86328125 0.13671875 0.01328125 0.0390625
0 0.86015625 0.15546875 0.0203125 0.034375
0 0.846875 0.16640625 0.01484375 0.03203125
0 0.82890625 0.12109375 0.01875 0.03125
0 0.8265625 0.14453125 0.015625 0.0296875
0 0.8171875 0.159375 0.01640625 0.05
0 0.78125 0.1703125 0.0171875 0.03125
0 0.771875 0.2 0.0171875 0.03359375
0 0.75078125 0.2328125 0.02421875 0.0578125
0 0.74453125 0.153125 0.021875 0.0390625
0 0.7609375 0.13828125 0.0125 0.0328125
0 0.74140625 0.12578125 0.0140625 0.03203125
0 0.72578125 0.17265625 0.0171875 0.0359375
0 0.703125 0.18359375 0.0203125 0.0375
0 0.6875 0.1640625 0.01015625 0.02734375
0 0.71484375 0.28125 0.01875 0.05625
0 0.6765625 0.346875 0.03046875 0.07265625
0 0.63125 0.3015625 0.0265625 0.04765625
0 0.6203125 0.253125 0.021875 0.0609375
0 0.66328125 0.21015625 0.01640625 0.03359375
0 0.6953125 0.2359375 0.02109375 0.04375
0 0.64609375 0.17109375 0.0140625 0.0296875
0 0.63046875 0.2234375 0.02109375 0.03984375
0 0.5671875 0.25 0.0265625 0.04296875
0 0.540625 0.321875 0.03046875 0.05078125
0 0.5 0.2796875 0.02109375 0.053125
0 0.51875 0.20234375 0.0140625 0.02578125
0 0.54296875 0.1875 0.01015625 0.02421875
0 0.575 0.18203125 0.0140625 0.03828125
0 0.5828125 0.15 0.0140625 0.0234375
0 0.6109375 0.1515625 0.01484375 0.03515625
0 0.64296875 0.14375 0.01171875 0.03203125
0 0.6578125 0.12265625 0.0109375 0.02734375
0 0.69375 0.11875 0.01328125 0.03203125
0 0.6421875 0.10546875 0.009375 0.0203125
0 0.61484375 0.1140625 0.01484375 0.02578125
0 0.5890625 0.11875 0.0140625 0.0265625
0 0.559375 0.11484375 0.01171875 0.03125
0 0.51875 0.153125 0.021875 0.02265625
0 0.509375 0.1765625 0.01640625 0.02265625
0 0.48828125 0.2046875 0.01640625 0.0421875
0 0.46484375 0.23125 0.02265625 0.03828125
0 0.44140625 0.23984375 0.02421875 0.046875
0 0.4484375 0.1953125 0.02109375 0.03125
0 0.44765625 0.16171875 0.009375 0.02578125
0 0.4765625 0.175 0.0109375 0.025
0 0.46875 0.15390625 0.0140625 0.03125
0 0.425 0.18203125 0.01953125 0.03046875
0 0.41015625 0.20078125 0.01640625 0.0390625
0 0.3828125 0.18359375 0.01640625 0.025
0 0.3765625 0.23515625 0.015625 0.0375
0 0.37578125 0.2828125 0.0234375 0.04296875
0 0.35078125 0.2765625 0.02265625 0.04609375
0 0.29375 0.28984375 0.01640625 0.0484375
0 0.28203125 0.2546875 0.0203125 0.03984375