0 0.1296875 0.4359375 0.034375 0.07265625
0 0.1703125 0.40859375 0.0265625 0.06875
0 0.26875 0.3515625 0.03125 0.0703125
0 0.45859375 0.296875 0.03125 0.05859375
0 0.4765625 0.2765625 0.01953125 0.046875
0 0.459375 0.19765625 0.0171875 0.04765625
0 0.3828125 0.203125 0.01953125 0.040625
0 0.3421875 0.25546875 0.0234375 0.05703125
0 0.18046875 0.25078125 0.02109375 0.05
0 0.22890625 0.24296875 0.02578125 0.05
0 0.26015625 0.21328125 0.01640625 0.03828125
0 0.296875 0.2078125 0.01796875 0.040625
0 0.33359375 0.22421875 0.01796875 0.0328125
0 0.32734375 0.1953125 0.0140625 0.02890625