0 0.18125 0.5 0.059375 0.13203125
0 0.840625 0.3109375 0.03125 0.0625
0 0.76953125 0.28125 0.03359375 0.065625
0 0.703125 0.2703125 0.0359375 0.0640625
0 0.6703125 0.24921875 0.028125 0.07265625
0 0.6328125 0.29140625 0.02578125 0.06484375
0 0.6125 0.240625 0.02734375 0.06328125
0 0.56796875 0.28125 0.01875 0.065625
0 0.5546875 0.240625 0.025 0.05
0 0.47734375 0.2984375 0.02890625 0.05390625
0 0.9328125 0.26015625 0.01953125 0.06796875
0 0.9265625 0.2234375 0.028125 0.04453125
0 0.8578125 0.2359375 0.0234375 0.05859375
0 0.82578125 0.21015625 0.01953125 0.04765625
0 0.88515625 0.19296875 0.021875 0.0515625
0 0.84453125 0.17421875 0.0203125 0.05546875
0 0.85703125 0.14765625 0.0171875 0.0484375
0 0.8953125 0.1484375 0.01953125 0.05
0 0.828125 0.1484375 0.01171875 0.03359375
0 0.8015625 0.15703125 0.0171875 0.03359375
0 0.76640625 0.2140625 0.0140625 0.0390625
0 0.7734375 0.1828125 0.01875 0.04296875
0 0.7 0.20390625 0.01640625 0.06015625
0 0.66796875 0.19609375 0.01640625 0.0453125
0 0.62421875 0.19296875 0.0203125 0.021875
0 0.6546875 0.159375 0.021875 0.05546875
0 0.7125 0.16640625 0.00703125 0.03515625
0 0.734375 0.190625 0.0171875 0.05
0 0.75390625 0.15625 0.01484375 0.03203125
0 0.72265625 0.15546875 0.01953125 0.0390625
0 0.68671875 0.14609375 0.01953125 0.0359375
0 0.71796875 0.12578125 0.01875 0.021875
0 0.7328125 0.1015625 0.01171875 0.02734375
0 0.77265625 0.13046875 0.0125 0.03046875
0 0.78984375 0.1359375 0.01796875 0.03828125
0 0.8078125 0.12265625 0.01953125 0.028125
0 0.6796875 0.11015625 0.02109375 0.03671875
0 0.64609375 0.1109375 0.01953125 0.015625
0 0.61640625 0.11328125 0.00859375 0.025
0 0.59140625 0.1203125 0.0171875 0.0265625
0 0.5640625 0.1140625 0.01328125 0.03203125
0 0.6171875 0.1328125 0.015625 0.01875
0 0.57734375 0.1453125 0.0171875 0.04375
0 0.5578125 0.14296875 0.02421875 0.02578125
0 0.57109375 0.16796875 0.0265625 0.03125
0 0.540625 0.1765625 0.02578125 0.034375
0 0.5328125 0.15078125 0.01484375 0.021875
0 0.5046875 0.171875 0.0265625 0.03359375
0 0.490625 0.12890625 0.0140625 0.0234375
0 0.4671875 0.13828125 0.02265625 0.03359375
0 0.44296875 0.16875 0.0296875 0.0234375
0 0.49140625 0.18828125 0.025 0.03359375
0 0.471875 0.221875 0.0296875 0.07109375
0 0.43125 0.2203125 0.0265625 0.05625
0 0.40703125 0.18125 0.02421875 0.0484375
0 0.40078125 0.20625 0.0296875 0.05234375
0 0.384375 0.1828125 0.01171875 0.03125
0 0.37265625 0.19453125 0.01875 0.02109375
0 0.3875 0.27109375 0.01953125 0.04921875
0 0.36484375 0.23046875 0.01640625 0.04296875
0 0.3546875 0.209375 0.01640625 0.04609375
0 0.328125 0.209375 0.01796875 0.0421875
0 0.31796875 0.22109375 0.0203125 0.015625
0 0.290625 0.2578125 0.01484375 0.04296875
0 0.303125 0.24765625 0.0203125 0.0359375
0 0.28046875 0.2265625 0.0109375 0.03515625
0 0.34453125 0.24765625 0.01953125 0.0390625