0 0.80234375 0.4046875 0.04375 0.06875
0 0.25 0.34765625 0.028125 0.06953125
0 0.29921875 0.3125 0.02734375 0.05703125
0 0.28125 0.25703125 0.01953125 0.0515625
0 0.246875 0.23203125 0.01953125 0.05078125
0 0.20234375 0.28828125 0.02890625 0.05546875
0 0.17734375 0.2421875 0.02109375 0.040625
0 0.140625 0.29453125 0.02890625 0.0453125
0 0.12890625 0.24453125 0.02578125 0.04609375
0 0.08359375 0.26015625 0.0234375 0.05234375
0 0.11953125 0.21875 0.021875 0.0375
0 0.1109375 0.1890625 0.015625 0.0375
0 0.121875 0.13828125 0.01640625 0.0453125
0 0.1578125 0.18125 0.01953125 0.03203125
0 0.17734375 0.15 0.0140625 0.03203125
0 0.1890625 0.1640625 0.01640625 0.0328125
0 0.2109375 0.1484375 0.0140625 0.034375
0 0.2296875 0.12109375 0.015625 0.03828125
0 0.2359375 0.1734375 0.01640625 0.03359375
0 0.25234375 0.1875 0.015625 0.03984375
0 0.278125 0.20859375 0.01640625 0.0390625
0 0.290625 0.18046875 0.015625 0.034375
0 0.27578125 0.1453125 0.01953125 0.0359375
0 0.31875 0.1625 0.0203125 0.03671875
0 0.33046875 0.19296875 0.0234375 0.04375
0 0.3 0.2265625 0.01875 0.0328125
0 0.34765625 0.26328125 0.02734375 0.05
0 0.36796875 0.20390625 0.025 0.046875
0 0.34609375 0.1671875 0.0171875 0.0390625
0 0.384375 0.2515625 0.02890625 0.05625
0 0.42109375 0.24765625 0.02109375 0.0453125
0 0.4453125 0.3015625 0.028125 0.07265625
0 0.48828125 0.29921875 0.02578125 0.06015625
0 0.33125 0.11640625 0.01328125 0.02578125
0 0.35 0.1125 0.01640625 0.0296875
0 0.37421875 0.12421875 0.0140625 0.0265625
0 0.3828125 0.140625 0.02109375 0.0265625
0 0.409375 0.14609375 0.01484375 0.03359375
0 0.409375 0.10703125 0.01484375 0.03046875
0 0.43828125 0.1265625 0.0125 0.028125
0 0.42890625 0.16484375 0.02109375 0.04140625
0 0.46015625 0.1640625 0.0171875 0.0328125
0 0.45078125 0.1953125 0.02265625 0.0296875
0 0.4765625 0.1140625 0.0125 0.0234375
0 0.5046875 0.12265625 0.01015625 0.02265625
0 0.49609375 0.17890625 0.01796875 0.0296875
0 0.5140625 0.2296875 0.021875 0.03984375
0 0.5296875 0.15703125 0.0125 0.03671875
0 0.546875 0.1375 0.01328125 0.04296875
0 0.57578125 0.17265625 0.01484375 0.040625
0 0.59765625 0.18125 0.0140625 0.03828125
0 0.56640625 0.21953125 0.01796875 0.0375
0 0.5875 0.26015625 0.01796875 0.04375
0 0.61953125 0.2671875 0.02265625 0.04375
0 0.65859375 0.28203125 0.0203125 0.0421875
0 0.66796875 0.21953125 0.01796875 0.03046875
0 0.69296875 0.221875 0.0140625 0.0359375
0 0.70703125 0.25234375 0.0171875 0.034375
0 0.72421875 0.27109375 0.0171875 0.0390625