0 0.94765625 0.378125 0.028125 0.05
0 0.15703125 0.31640625 0.0296875 0.06015625
0 0.0765625 0.25703125 0.01875 0.05546875
0 0.09453125 0.2328125 0.01484375 0.03828125
0 0.13828125 0.24453125 0.025 0.0484375
0 0.175 0.21171875 0.02109375 0.0421875
0 0.1578125 0.19765625 0.01484375 0.03359375
0 0.16015625 0.15859375 0.0140625 0.03984375
0 0.14453125 0.1640625 0.01484375 0.0328125
0 0.1203125 0.165625 0.01171875 0.03125
0 0.109375 0.20625 0.0171875 0.04375
0 0.10703125 0.16171875 0.0140625 0.03515625
0 0.209375 0.1640625 0.015625 0.0375
0 0.23359375 0.16796875 0.01953125 0.0359375
0 0.24765625 0.13984375 0.0125 0.0328125
0 0.26484375 0.1171875 0.0140625 0.0234375
0 0.23203125 0.203125 0.0171875 0.02578125
0 0.24453125 0.23828125 0.01796875 0.0375
0 0.23046875 0.28671875 0.02109375 0.0421875
0 0.29453125 0.28515625 0.01875 0.05546875
0 0.2734375 0.23125 0.0171875 0.0421875
0 0.26875 0.1953125 0.0171875 0.03828125
0 0.27890625 0.165625 0.0125 0.0265625
0 0.30546875 0.18203125 0.021875 0.04765625
0 0.303125 0.1546875 0.01015625 0.025
0 0.33828125 0.290625 0.02421875 0.059375
0 0.3453125 0.2140625 0.01953125 0.0453125
0 0.3390625 0.18671875 0.01640625 0.0296875
0 0.375 0.20546875 0.0234375 0.03984375
0 0.3796875 0.24296875 0.02890625 0.0421875
0 0.37421875 0.2984375 0.0359375 0.07265625
0 0.4296875 0.29609375 0.028125 0.05234375
0 0.4359375 0.23828125 0.02265625 0.05234375
0 0.4984375 0.29765625 0.02109375 0.06484375
0 0.47890625 0.221875 0.0234375 0.05078125
0 0.48828125 0.190625 0.01484375 0.03125
0 0.465625 0.16015625 0.01328125 0.0390625
0 0.44921875 0.16171875 0.01640625 0.03359375
0 0.43515625 0.1515625 0.01328125 0.0265625
0 0.41875 0.1671875 0.01953125 0.034375
0 0.40078125 0.15 0.01328125 0.03671875
0 0.38203125 0.15234375 0.01484375 0.03125
0 0.36171875 0.1359375 0.015625 0.03359375
0 0.3515625 0.121875 0.01328125 0.03515625
0 0.328125 0.11953125 0.015625 0.03125
0 0.3875 0.11953125 0.01328125 0.03046875
0 0.43125 0.11484375 0.015625 0.021875
0 0.49609375 0.1375 0.015625 0.0328125
0 0.52109375 0.19765625 0.01796875 0.03671875
0 0.5265625 0.17578125 0.01484375 0.03203125
0 0.540625 0.15390625 0.01875 0.03515625
0 0.5265625 0.22734375 0.0234375 0.0421875
0 0.56171875 0.2234375 0.01953125 0.03359375
0 0.55078125 0.19140625 0.01640625 0.03359375
0 0.5984375 0.2 0.02421875 0.021875
0 0.60546875 0.22421875 0.02578125 0.0421875
0 0.62109375 0.184375 0.02109375 0.03828125
0 0.59375 0.17421875 0.015625 0.0328125
0 0.6140625 0.29140625 0.02421875 0.05390625
0 0.63671875 0.2828125 0.02265625 0.04375
0 0.65 0.2578125 0.01484375 0.05
0 0.6671875 0.25859375 0.01484375 0.03359375
0 0.64296875 0.2265625 0.02421875 0.03203125
0 0.671875 0.21640625 0.01640625 0.03671875
0 0.6890625 0.24453125 0.01796875 0.04765625
0 0.7421875 0.2484375 0.01484375 0.0359375
0 0.7296875 0.27265625 0.01640625 0.03203125