0 0.01953125 0.421875 0.03203125 0.0703125
0 0.2375 0.34609375 0.01953125 0.0390625
0 0.29375 0.30859375 0.01875 0.040625
0 0.26171875 0.37890625 0.0234375 0.05078125
0 0.3390625 0.365625 0.021875 0.05390625
0 0.29375 0.38359375 0.02109375 0.046875
0 0.36015625 0.3015625 0.01796875 0.0375
0 0.38828125 0.3359375 0.02265625 0.0390625
0 0.36328125 0.3375 0.01875 0.0390625
0 0.44140625 0.365625 0.0265625 0.05078125
0 0.41328125 0.34921875 0.021875 0.04921875
0 0.41484375 0.3078125 0.02109375 0.03984375
0 0.39921875 0.27578125 0.0203125 0.0375
0 0.41484375 0.28046875 0.0203125 0.03359375
0 0.43828125 0.25390625 0.0171875 0.03125
0 0.45703125 0.26875 0.01875 0.03984375
0 0.4828125 0.3171875 0.01953125 0.046875
0 0.509375 0.33203125 0.01953125 0.0515625
0 0.48125 0.275 0.0140625 0.03515625
0 0.478125 0.24765625 0.0171875 0.0359375
0 0.51328125 0.26640625 0.01640625 0.0390625
0 0.53046875 0.2515625 0.0171875 0.03125
0 0.55859375 0.25625 0.015625 0.04296875
0 0.53203125 0.284375 0.01953125 0.04296875
0 0.5734375 0.2890625 0.01875 0.03828125
0 0.59140625 0.27109375 0.0171875 0.03984375
0 0.56875 0.2328125 0.015625 0.0328125
0 0.58515625 0.22734375 0.01796875 0.0375
0 0.6203125 0.20859375 0.01484375 0.0375
0 0.6109375 0.22734375 0.01875 0.0296875
0 0.6703125 0.21484375 0.01640625 0.03046875
0 0.65078125 0.23125 0.0140625 0.0265625
0 0.63828125 0.22265625 0.0140625 0.03515625
0 0.61875 0.259375 0.01796875 0.0359375
0 0.64609375 0.24921875 0.015625 0.02578125
0 0.6453125 0.30703125 0.01953125 0.0484375
0 0.5484375 0.3625 0.028125 0.05859375
0 0.60703125 0.3390625 0.02265625 0.0515625
0 0.62421875 0.365625 0.02578125 0.05234375
0 0.47421875 0.41484375 0.034375 0.0671875
0 0.53984375 0.43046875 0.03515625 0.0734375
0 0.59921875 0.46640625 0.03359375 0.08359375
0 0.64765625 0.4875 0.0421875 0.075
0 0.7203125 0.50078125 0.04140625 0.0875
0 0.7 0.36171875 0.0265625 0.04609375
0 0.6671875 0.3734375 0.034375 0.06328125
0 0.753125 0.421875 0.03359375 0.0671875
0 0.68828125 0.275 0.02109375 0.0390625
0 0.68984375 0.2390625 0.01796875 0.0375
0 0.7109375 0.2265625 0.0171875 0.03125
0 0.715625 0.24921875 0.01484375 0.04140625
0 0.7375 0.29375 0.01875 0.04375
0 0.74375 0.253125 0.01640625 0.04765625
0 0.7609375 0.25703125 0.0171875 0.04609375
0 0.77578125 0.240625 0.01640625 0.0375
0 0.796875 0.25546875 0.02265625 0.04609375
0 0.85078125 0.2625 0.01640625 0.04296875
0 0.8859375 0.2546875 0.01328125 0.03359375
0 0.86796875 0.2875 0.021875 0.04609375
0 0.9109375 0.29296875 0.01875 0.0453125
0 0.7859375 0.29296875 0.01875 0.03984375
0 0.83125 0.31015625 0.01953125 0.046875
0 0.828125 0.26953125 0.01875 0.040625
0 0.8546875 0.31796875 0.02109375 0.0421875
0 0.90078125 0.321875 0.01875 0.0484375
0 0.928125 0.3328125 0.0203125 0.04921875
0 0.8875 0.3453125 0.0234375 0.0515625
0 0.87578125 0.3828125 0.03125 0.05703125
0 0.8515625 0.36015625 0.0203125 0.05625
0 0.82578125 0.36953125 0.0265625 0.0578125
0 0.95 0.28984375 0.01953125 0.0328125
0 0.9515625 0.31015625 0.025 0.03515625
0 0.94921875 0.35546875 0.025 0.04375
0 0.9296875 0.47265625 0.0390625 0.07109375
0 0.86015625 0.4828125 0.03125 0.071875
0 0.7984375 0.4375 0.03671875 0.078125
0 0.83671875 0.54609375 0.040625 0.0921875