0 0.66015625 0.225 0.0375 0.0578125
0 0.08203125 0.23515625 0.01953125 0.0609375
0 0.09921875 0.2171875 0.0140625 0.0421875
0 0.11328125 0.24375 0.0203125 0.0609375
0 0.18515625 0.26015625 0.021875 0.06484375
0 0.23359375 0.14453125 0.0234375 0.0375
0 0.24765625 0.121875 0.015625 0.021875
0 0.353125 0.1390625 0.0171875 0.0484375
0 0.38203125 0.12734375 0.01953125 0.0375
0 0.35234375 0.115625 0.01171875 0.034375
0 0.44296875 0.2328125 0.02890625 0.06171875
0 0.5984375 0.20078125 0.02265625 0.0609375